[352.27770300110967, -25760.424980668206, -8865897.294657435, -213.51523511756434, 15693.051646526432, 5401675.106382848, -3.9535612875024385e-05, 0.002905290015931518, 0.9998771766158889]
[396.80194055461726, -25687.543997342655, -8867780.109987944, -240.64151095408647, 15648.649976340903, 5402822.293280432, -4.455725815042313e-05, 0.0028970705485881296, 1.000089556748413]
[359.0294659043275, -25810.166529463302, -8860684.05292064, -217.62670360972174, 15723.356890161685, 5398499.23859773, -4.029695464728048e-05, 0.0029109001925161733, 0.999289221124365]
[432.75902576318094, -25654.278196574494, -8860710.911815064, -262.54935028973216, 15628.381394750199, 5398516.060779245, -4.86126401085498e-05, 0.0028933187368184827, 0.9992923326955074]
[645.9645766504027, -24797.668256261622, -8877846.870498529, -392.453893807431, 15106.492198684457, 5408956.497022548, -7.265949246792132e-05, 0.002796708582290356, 1.0012251859361565]
[373.8361827280755, -25837.463082045753, -8850288.672106912, -226.64645883206575, 15739.986685119928, 5392166.791905923, -4.196692261840878e-05, 0.002913978842285834, 0.9981168790882825]
[443.10212411535554, -25623.518589616844, -8852953.259477891, -268.8488462505873, 15609.642259583687, 5393790.4078165125, -4.97791212961517e-05, 0.0028898498586967026, 0.9984174605123751]
[482.1617615563285, -25375.208481679525, -8853508.290254, -292.647951439058, 15458.358083119072, 5394128.885057012, -5.418465698071501e-05, 0.0028618452432503647, 0.9984801214216373]
[347.55594213655763, -25822.941572601838, -8845933.721932221, -210.6318264443072, 15731.139273525354, 5389514.0987421125, -3.900289215608774e-05, 0.0029123410630654796, 0.997625778224985]
[448.7373971866078, -25827.319498558507, -8845610.239393761, -272.27942194689666, 15733.813632820735, 5389317.05597109, -5.0414435202438075e-05, 0.0029128353335442798, 0.997589299134916]
[483.82416209496876, -25789.839953773146, -8845491.20823003, -293.6561567881413, 15710.979288454255, 5389244.719898694, -5.437164261479767e-05, 0.002908608251791781, 0.9975759063365351]
[461.34074355299464, -25757.01526791473, -8841879.60575679, -279.95687303426325, 15690.979306566685, 5387044.723921422, -5.183589250999108e-05, 0.002904906115127086, 0.9971686151808755]
[461.5599527874222, -25762.295466032134, -8841266.177253723, -280.08859928610923, 15694.196178833197, 5386671.058078664, -5.1860518898826564e-05, 0.0029055016722471863, 0.9970994374083594]
[488.1920349288744, -25756.66423465249, -8838268.591186106, -296.3148145702635, 15690.767189232305, 5384845.035935126, -5.4864192645344306e-05, 0.002904866845166101, 0.9967613813448968]
[512.6198477130156, -25696.16622185875, -8835526.825534254, -311.1984680583419, 15653.90651779328, 5383175.094156627, -5.7619326345505014e-05, 0.002898043640969047, 0.9964522193703074]
[578.768874185788, -25572.09108608756, -8837680.574574629, -351.50047088667714, 15578.315566076544, 5384487.312445262, -6.507988511562246e-05, 0.00288405055410612, 0.9966951522488491]
[571.1332499678635, -25597.804014070578, -8835888.672445033, -346.8474498682956, 15593.98323545917, 5383395.788768165, -6.421866476179218e-05, 0.0028869505875293096, 0.9964930754967934]
[566.8977222782262, -25765.130340892472, -8831642.455108596, -344.2656843936241, 15695.928008422796, 5380808.94548625, -6.374083477517323e-05, 0.0029058220206260015, 0.9960141679028265]
[532.8034192725528, -25826.589752628133, -8828034.735981163, -323.49210935793656, 15733.369553453487, 5378611.315125545, -5.9895558149976116e-05, 0.0029127533327940555, 0.9956073146995726]
[653.5238702071169, -26021.634980965755, -8827405.524514984, -397.04284950743005, 15852.211029535949, 5378227.782738949, -7.351049984546804e-05, 0.00293475144275163, 0.9955363118203289]
[564.8507167845628, -25645.201193925794, -8827073.711499013, -343.0167699120828, 15622.859328198978, 5378026.272216262, -6.350999079454746e-05, 0.0028922960819190735, 0.9954990019664391]
[576.7902586788484, -25710.27892554683, -8824454.221686559, -350.2899364289642, 15662.508173824543, 5376430.564972631, -6.485651469651958e-05, 0.0028996358502749713, 0.9952035847253675]
[677.2988746903624, -25448.44793078033, -8830807.29051795, -411.5270497200788, 15502.989266788756, 5380301.185378627, -7.619236915593334e-05, 0.0028701062712846266, 0.9959201590515723]
[570.6863077451209, -25895.866455135518, -8819071.721047338, -346.5689585126625, 15775.579871223483, 5373151.620887652, -6.416786683130203e-05, 0.00292056681047574, 0.994596546278871]
[576.5048682246547, -25728.73277836474, -8819012.68714389, -350.1143673866002, 15673.751942044524, 5373115.9982848475, -6.482424111989181e-05, 0.002901717209419031, 0.9945899493465241]
[489.6507782772367, -25592.698695600353, -8818007.556666361, -297.1965322001696, 15590.872139192554, 5372503.887543558, -5.502882049166703e-05, 0.0028863753122756936, 0.9944766266767684]
[662.7520114082495, -25775.63072946581, -8819582.788275246, -402.6604113001459, 15702.327005570984, 5373463.655346881, -7.455135657706895e-05, 0.0029070064382387363, 0.9946543097421859]
[583.7858643358666, -25714.882976473105, -8816395.065978874, -354.5482763499188, 15665.314938744386, 5371521.902055166, -6.564544629904019e-05, 0.002900155386362914, 0.9942948275230488]
[531.5250534748056, -25681.101012849693, -8812042.46281867, -322.7075087979882, 15644.730430128251, 5368870.509363105, -5.975138496442556e-05, 0.002896345463021694, 0.9938039681940734]
[617.2718944346882, -25823.9259278031, -8813391.530464023, -374.94877319322904, 15731.7520258353, 5369692.230632086, -6.942191062203967e-05, 0.0029124537473638108, 0.9939560960096933]
[666.8958145280878, -25402.352017758065, -8821208.966322353, -405.18540029533096, 15474.905493707014, 5374455.48106928, -7.501918984840274e-05, 0.0028649077006070436, 0.9948379216375455]
[651.9243635018564, -25829.93337992192, -8813351.467992496, -396.06134249736607, 15735.413987871734, 5369668.273033726, -7.33301431691626e-05, 0.0029131312204821827, 0.9939516579998087]
[655.2285317635939, -25857.572659576646, -8813499.075210696, -398.0730631326706, 15752.253162879804, 5369758.315364948, -7.370276820548983e-05, 0.0029162485287427507, 0.9939683270115746]
[635.3745627570454, -25659.982256957464, -8814384.88502796, -385.9768271098941, 15631.868034008587, 5370298.246074727, -7.146372322148357e-05, 0.0028939639283143796, 0.9940682837787691]
[671.2120629192574, -25559.700458439533, -8814706.168543924, -407.81222626201907, 15570.770339685016, 5370494.311904707, -7.550567263512223e-05, 0.002882653911812893, 0.9941045798316471]
[671.2458320803601, -25792.025449898723, -8813648.31126213, -407.8305176065094, 15712.319243993292, 5369849.635144617, -7.550917763114391e-05, 0.002908856160506233, 0.9939852308109051]
[715.3506464364395, -25263.33790411916, -8820805.028904963, -434.7054997195324, 15390.212235092187, 5374210.309677034, -8.048408359639871e-05, 0.0028492298970585876, 0.9947925270904574]
[668.1606365254598, -26101.109557411583, -8810001.303172378, -405.94914512374646, 15900.631477960627, 5367627.891545843, -7.516100074141104e-05, 0.0029437153642784737, 0.993573914541161]
[752.2492691045511, -25747.96943436173, -8816593.104596708, -457.1828228573627, 15685.48139676142, 5371643.82688596, -8.46449246530933e-05, 0.002903887931878431, 0.9943173920597652]
[568.5475156845673, -25593.572951757116, -8810231.601672009, -345.25975319587303, 15591.40341550136, 5367769.2031341875, -6.392691867088384e-05, 0.0028864741128089315, 0.9936000697842805]
[635.8773996581867, -25762.200510488783, -8812260.289093742, -386.2803678196811, 15694.144902700678, 5369004.804952572, -7.152031811943335e-05, 0.0029054925313018965, 0.993828821061281]
[720.6415800091191, -25750.676690892084, -8815760.129154058, -437.9246783089833, 15687.12855502286, 5371136.910437276, -8.10801954193351e-05, 0.0029041930793898656, 0.9942235423337145]
[683.3880220923867, -25737.559662644744, -8816487.141634518, -415.2265602994383, 15679.136179625537, 5371579.933424447, -7.68786418873671e-05, 0.0029027137375469817, 0.9943055593743476]
[710.520296560284, -25786.552976633327, -8818280.382018091, -431.75660517434665, 15708.985929842182, 5372672.44807522, -7.993863725059521e-05, 0.002908239268785898, 0.9945078185343244]
[726.5132517818274, -25669.373451651532, -8820122.611836007, -441.5018764207285, 15637.5936764639, 5373794.991557411, -8.174255604794099e-05, 0.0028950236293715207, 0.994715635890998]
[709.6400630236501, -25728.881387336514, -8822061.858062461, -431.22001608317635, 15673.849591604312, 5374976.356452346, -7.983941239676195e-05, 0.002901734943813749, 0.9949343446669323]
[667.7402420493484, -25726.597568928686, -8821735.662282422, -405.69077703808745, 15672.45618801584, 5374777.70112874, -7.511382649717725e-05, 0.0029014774163786793, 0.9948975667996467]
[651.4849994761594, -25274.043400465078, -8826311.901468674, -395.78865248926223, 15396.730895552628, 5377566.016042035, -7.328089648253875e-05, 0.002850437431655405, 0.9954137707402286]
[728.8847755384073, -25802.56145135868, -8824449.00650621, -442.94412010259094, 15718.738635549591, 5376430.693330279, -8.200979588009167e-05, 0.002910044955205522, 0.9952035886761763]
[734.8603064816873, -25829.062657067338, -8825673.699787254, -446.58520560064983, 15734.885140833534, 5377176.879047162, -8.268374245737188e-05, 0.0029130337121907705, 0.9953417310335866]
[718.0042364997464, -25844.4414792068, -8826448.521663832, -436.3150164916365, 15744.25285258369, 5377649.086232527, -8.078271506561604e-05, 0.0029147679754275937, 0.9954291506558947]
[750.3907287334248, -25720.36586310961, -8831441.994049152, -456.047646488898, 15668.660296638382, 5380691.214736772, -8.44354373764327e-05, 0.002900774563390107, 0.9959923458413514]
[757.8143488014623, -25678.146609235417, -8833779.57242282, -460.57114187773584, 15642.939431257379, 5382115.240743412, -8.527273081984926e-05, 0.0028960131030977905, 0.9962559790095885]
[697.4917766352361, -25772.728398424442, -8836443.476080766, -423.81613074678353, 15700.563295876753, 5383737.97955529, -7.84692313119968e-05, 0.0029066801630709287, 0.9965564008151523]
[849.2296144632915, -26327.433531368646, -8836946.339651532, -516.2642505523283, 16038.529837131073, 5384043.662999676, -9.558207331494352e-05, 0.002969241134767898, 0.9966129966131305]
[752.4580477018941, -25731.532365802545, -8840729.633953756, -457.30654401935294, 15675.464994606107, 5386349.16100495, -8.466851904494676e-05, 0.002902034016477772, 0.9970398141483232]
[760.8720151696062, -25923.77186959057, -8841109.112268142, -462.43240323265314, 15792.589502350647, 5386580.172406188, -8.561733160194452e-05, 0.0029237151709292737, 0.9970825827873081]
[678.4768202832881, -26196.395567483218, -8839061.161578733, -412.22982489698626, 15958.687041826255, 5385332.167461148, -7.63242419481169e-05, 0.00295446215301945, 0.9968515392962521]
[716.397583100104, -25870.065794434144, -8843685.269867906, -435.33594757288915, 15759.86472202604, 5388149.6137996, -8.060144335409894e-05, 0.002917657991745836, 0.9973731365828521]
[753.5280535226531, -25827.687005498505, -8847309.46544109, -457.9591918684535, 15734.048015682363, 5390357.380517639, -8.478914612756941e-05, 0.002912878625611467, 0.9977818657589849]
[731.6334548751789, -25974.42968180345, -8850812.688253198, -444.61778659059155, 15823.452331599476, 5392491.346233297, -8.231966454192832e-05, 0.002929428496901312, 0.9981769326220034]
[717.631911539451, -26157.080780394484, -8848434.259332236, -436.08612714039884, 15934.730838575446, 5391042.310941064, -8.074035808625646e-05, 0.0029500279721806563, 0.9979086701687838]
[695.8886127777324, -25901.208129021445, -8855226.695554582, -422.8405908960136, 15778.8410492353, 5395180.3127695955, -7.82883543555823e-05, 0.0029211704608654437, 0.9986747470802312]
[686.2524251768256, -26020.56284184834, -8854937.952991884, -416.96881925795907, 15851.557593685011, 5395004.209588037, -7.72014368514538e-05, 0.002934631534295619, 0.998642145924195]
[709.4348550915325, -25798.609566564774, -8861769.221990202, -431.0947412464435, 15716.332580224738, 5399165.965297002, -7.981629442918581e-05, 0.002909599373144615, 0.9994126198616704]
[741.1904476251954, -25697.68575840508, -8869073.465751259, -450.4427433732327, 15654.84527029877, 5403615.682793513, -8.339780780049281e-05, 0.0028982168725040554, 1.0002364058319122]
[718.3563337723544, -25677.485431128953, -8869629.679799482, -436.53104677078295, 15642.538003970927, 5403954.3657759, -8.082252743783411e-05, 0.0028959388223505026, 1.0002991079180872]
[664.1017735335711, -25732.26658989764, -8869401.345032267, -403.47517789596156, 15675.910656035583, 5403815.226452529, -7.470352923169382e-05, 0.0029021169081570857, 1.000273348981325]
[757.9978234485862, -25865.147054551402, -8872003.112974118, -460.684941933002, 15756.87329444512, 5405400.047371656, -8.52933254417189e-05, 0.0029171034239019026, 1.0005667513540561]
[781.0729003633178, -25755.172273915152, -8880619.440233639, -474.74300306966694, 15689.871604779943, 5410648.99167749, -8.789581638705584e-05, 0.0029047003225545045, 1.001538500474581]
[689.1825565242591, -25877.371660446785, -8878776.60745202, -418.755633593713, 15764.319880543773, 5409525.983537632, -7.753194554737877e-05, 0.002918482085505621, 1.0013305976782243]
[670.7883400577559, -25595.195982718014, -8880272.907089354, -407.55099829598385, 15592.397888072475, 5410437.832504131, -7.545773938543307e-05, 0.0028866576195250614, 1.001499408427865]
[762.7149567449233, -25600.7539140217, -8886135.083656238, -463.5602178902184, 15595.788083861033, 5414008.873603575, -8.582548813223613e-05, 0.0028872847631705714, 1.0021605241536744]
[711.3000510861813, -25627.40739876991, -8884050.962206632, -432.23605993681105, 15612.022288569264, 5412739.3174174875, -8.002690564081097e-05, 0.0028902904788480795, 1.001925487933915]
[581.445762371895, -25892.04291613505, -8882767.97428945, -353.1175054576525, 15773.252724285921, 5411957.2808338655, -6.538131534330097e-05, 0.0029201364115561007, 1.0017807104527376]
[708.6638381001387, -25731.294760909794, -8890596.515209958, -430.6294198437564, 15675.318827290623, 5416726.450734981, -7.972947616137293e-05, 0.0029020069561242435, 1.0026636370329534]
[658.0159086560468, -25828.970071561278, -8890162.514037367, -399.77063534480476, 15734.825768266603, 5416461.889999394, -7.401717834696263e-05, 0.0029130228434031454, 1.0026146593352918]
[672.2189970811829, -25620.041071504464, -8896806.785423126, -408.42546263701286, 15607.534050310896, 5420509.716288353, -7.561929576037151e-05, 0.0028894592864046665, 1.0033640413361387]
[668.8253458207788, -25385.236906402002, -8900859.654085996, -406.35888533315807, 15464.477813337693, 5422978.6535514705, -7.523666530298314e-05, 0.002862977714129948, 1.0038211214416932]
[737.5238320582425, -25544.148852097984, -8903435.814720815, -448.2153912243841, 15561.299670487631, 5424547.766663772, -8.298460124952542e-05, 0.002880900221822953, 1.0041116164405945]
[653.6539933720292, -25626.30040755435, -8901374.534704423, -397.1162372372701, 15611.349808457624, 5423291.788631587, -7.352545371370655e-05, 0.002890165313805067, 1.0038790959927806]
[614.2258465213274, -25674.704825542984, -8903174.939848132, -373.0931499955793, 15640.838480808658, 5424388.487345131, -6.907863563427303e-05, 0.0028956242089364912, 1.00408213084047]
[646.1097212383372, -25686.789030526765, -8902347.859917236, -392.52062777065277, 15648.200692299835, 5423884.403938282, -7.267459434731534e-05, 0.002896987179515669, 1.0039888101479215]
[602.2734746741455, -25680.89861802815, -8902864.40581333, -365.8118014202963, 15644.609457866392, 5424198.853081373, -6.773050579853967e-05, 0.0028963226554523016, 1.0040470261787129]
[487.40278096269253, -25960.192144292043, -8897354.352843162, -295.823571158315, 15814.768727870127, 5420841.691915405, -5.477486443623243e-05, 0.0029278219918519766, 1.0034255103052554]
[643.1027501180945, -25729.618992623426, -8905403.373061035, -390.68952939220003, 15674.293287363573, 5425745.337104372, -7.233532815684116e-05, 0.0029018173717818346, 1.0043333316309198]
[614.8760032876949, -25627.244656052724, -8908783.533386633, -373.4935165895073, 15611.921094215217, 5427804.633915303, -6.915210002938157e-05, 0.0028902712172603866, 1.0047145730757336]
[537.8783382010795, -25754.587818170814, -8907169.806185963, -326.57932249471196, 15689.503330588217, 5426821.090105928, -6.0467839031291495e-05, 0.0029046332073377067, 1.004532490251953]
[662.4057936268168, -25670.86162708361, -8913989.583428115, -402.45251655745335, 15638.498116504281, 5430975.632209749, -7.451249735650344e-05, 0.002895190515934431, 1.0053016299947928]
[581.7475811819555, -25712.436890201425, -8912532.337008864, -353.3099158620396, 15663.826157974632, 5430087.600051394, -6.541559398272371e-05, 0.002899879444702851, 1.005137228348877]
[608.4128191216682, -25652.68014584948, -8914607.070383843, -369.5574693483484, 15627.417741819336, 5431351.501304507, -6.842303149080648e-05, 0.0028931397966943805, 1.0053712172733937]
[539.128317540999, -25692.621062205453, -8914079.54580257, -327.3446561424017, 15651.750045414767, 5431030.010329035, -6.0608974877173765e-05, 0.0028976443823724917, 1.0053116996925027]
[535.1970876265535, -25760.988574492367, -8915434.613614053, -324.949307238323, 15693.40230303668, 5431855.292876459, -6.016551142691386e-05, 0.0029053549823653633, 1.0054644873788439]
[508.9723283389942, -25747.108012488567, -8918451.78090676, -308.97132712041343, 15684.945053738738, 5433693.1832477655, -5.720780508200894e-05, 0.002903789467220947, 1.0058047409964814]
[558.0476742935755, -25760.50819447385, -8922212.27112178, -338.87261238550866, 15693.110316522596, 5435983.995667034, -6.27426510291574e-05, 0.002905300595961803, 1.0062288445125736]
[486.4902631529619, -25795.64485367501, -8921042.568620352, -295.2748910740922, 15714.51366365129, 5435271.361905901, -5.4672204788886696e-05, 0.0029092631809421463, 1.0060969133920243]
[559.9970277389721, -25679.129094901196, -8926747.17128656, -340.0621147768176, 15643.529188086644, 5438746.542675246, -6.296257082127939e-05, 0.002896122427751622, 1.0067402814867168]
[583.7587693854496, -25819.272740989778, -8927441.0029105, -354.54049623312176, 15728.914549741537, 5439169.07672354, -6.564248034145604e-05, 0.0029119281238024868, 1.0068185070151487]
[522.1894525829618, -25804.977657647396, -8927856.763105534, -317.0290079698258, 15720.202755657243, 5439422.317873144, -5.869858847254559e-05, 0.002910315686534911, 1.0068653903352458]
[442.20013680243187, -25718.691786103147, -8929439.91735197, -268.29457684452757, 15667.631318932625, 5440386.649574628, -4.967735696700754e-05, 0.002900584457864218, 1.007043919898799]
[552.6983251564603, -25826.903932242385, -8933834.117806643, -335.6179534646691, 15733.56376270317, 5443063.32371482, -6.213938522036653e-05, 0.0029127886975418354, 1.0075394599942045]
[472.3862409280407, -25727.963569675994, -8934713.528177556, -286.68642108470067, 15673.279529488676, 5443599.131668381, -5.308167264400441e-05, 0.0029016297195753006, 1.007638654850543]
[440.33960528815476, -25897.066099020572, -8932948.046173094, -267.16140300688085, 15776.305450461281, 5442523.351193411, -4.946721217086442e-05, 0.00292070134201693, 1.0074394947809362]
[521.0985425091037, -25687.381551734856, -8940557.873444598, -316.3675897691986, 15648.55698403369, 5447159.295768965, -5.857567492904357e-05, 0.0028970528294896673, 1.0082977569790172]
[496.51331241767195, -25668.67758353698, -8940977.849533333, -301.38987453506707, 15637.160126348812, 5447415.070664878, -5.580294375926343e-05, 0.002894943265932057, 1.008345109584281]
[496.87550792036143, -25699.651557605455, -8941718.064671446, -301.61133818000445, 15656.030883482304, 5447865.815672119, -5.584379884487784e-05, 0.0028984365926269092, 1.008428558143413]
[444.2744527264076, -25760.844938067334, -8944047.69637431, -269.56235103802226, 15693.312741276255, 5449284.783343655, -4.991119847918953e-05, 0.002905337998030691, 1.0086912561531571]
[570.8144841090673, -25802.8849007435, -8946835.46512985, -346.6617317406599, 15718.93214031187, 5450982.908717292, -6.41827050974721e-05, 0.002910079517234481, 1.0090056348674905]
[481.29019141269805, -25852.414472698954, -8946765.005737958, -292.1169121223388, 15749.10368637503, 5450939.885564132, -5.408594381506525e-05, 0.002915665265383966, 1.0089976704934307]
[457.05377817538, -25730.181546140244, -8948435.06178831, -277.35088464211003, 15674.630092827305, 5451957.2097803615, -5.135263281647921e-05, 0.0029018796412660815, 1.0091860103643129]
[447.1485401196319, -26140.18194085065, -8942387.07694226, -271.31373620646366, 15924.422025241522, 5448272.311450518, -5.0235051582411996e-05, 0.0029481199078911537, 1.0085038199765899]
[486.0470633159312, -25519.859648084894, -8951977.987396454, -295.0191570235883, 15546.487695998654, 5454115.682709863, -5.462286923889197e-05, 0.002878158739789318, 1.0095856123810714]
[531.5444420688852, -25273.95312144925, -8958373.233484393, -322.7402065831372, 15396.670513023617, 5458011.57548025, -5.975435153367799e-05, 0.0028504254056051733, 1.0103068679641622]
[417.25682651804766, -25849.212121672615, -8951264.27930219, -253.10618101273133, 15747.148887285171, 5453680.1631009905, -4.686421622550857e-05, 0.0029153037735679356, 1.0095049880632743]
[382.5453181466881, -25584.93986171819, -8954945.146839011, -231.9574896585944, 15586.137036253785, 5455922.51231986, -4.294944698619804e-05, 0.0028854985846451316, 1.0099201192251357]
[326.23216737359746, -25660.374573326655, -8951336.304900182, -197.64900541401437, 15632.093331707358, 5453724.0067039635, -3.659838806635987e-05, 0.0028940060516575985, 1.0095131051302528]
[456.534433377942, -25580.447426871004, -8959242.061071878, -277.0391244714368, 15583.400631691142, 5458540.099626314, -5.129433841179426e-05, 0.0028849918093692894, 1.0104047193690013]
[456.99850006042016, -25587.94109489613, -8961761.751982361, -277.32168864331646, 15587.967740714848, 5460074.865522093, -5.1346611023294874e-05, 0.002885836927996102, 1.0106888552690751]
[434.59199691545814, -25607.71747331375, -8959734.90097277, -263.6706951914201, 15600.014714546345, 5458839.983329591, -4.881954914941891e-05, 0.0028880673439385302, 1.010460239610208]
[483.682220796741, -25784.759851735613, -8961122.722881634, -293.57929182066675, 15707.881692297577, 5459685.030312614, -5.435586490778727e-05, 0.002908034566445976, 1.010616687464165]
[440.22600941830126, -25685.35828928926, -8961254.845922312, -267.10379052669964, 15647.31973161201, 5459765.48240905, -4.945484076839907e-05, 0.0028968238010357206, 1.0106315819577418]
[440.83159559495004, -25525.79825052248, -8963195.914955331, -267.4741214685694, 15550.107012303692, 5460948.039500764, -4.9523330080342975e-05, 0.0028788282771078197, 1.010850510957684]
[433.5427027236226, -25652.85168839385, -8961794.856323788, -263.0337285885265, 15627.514123939074, 5460094.426599951, -4.870128434157601e-05, 0.002893157404332797, 1.0106924802864257]
[363.5572078934314, -25798.711411151544, -8958502.061604425, -220.39233955986714, 15716.378392259827, 5458088.130471259, -4.0807908486076783e-05, 0.0029096077001941477, 1.0103210523056023]
[372.0456926724924, -25823.92307389158, -8958654.195251461, -225.56409685784558, 15731.739092843929, 5458180.651570492, -4.1765180035778804e-05, 0.0029124511136847447, 1.0103381818877182]
[373.68585879849144, -25641.947341464984, -8959894.129946906, -226.56500624195124, 15620.86857524689, 5458936.138211869, -4.195037819820037e-05, 0.0028919274764964116, 1.010478046050322]
[334.7411537580514, -25575.06448729008, -8959022.648886094, -202.8376158634744, 15580.118682220951, 5458405.203252535, -3.755815558566891e-05, 0.002884384320870579, 1.010379753087432]
[393.1081997976281, -25729.519768464823, -8955917.72867772, -238.40040378507877, 15674.222887486927, 5456513.506633331, -4.414083008298008e-05, 0.0029018039433062037, 1.0100295402838881]
[322.85361801330345, -25675.34705544295, -8953865.227094902, -195.59654718489224, 15641.215629155533, 5455263.109090872, -3.62173848825459e-05, 0.0028956941127612004, 1.009798051569606]
[311.1706670845376, -25825.41492990648, -8952889.743246084, -188.47759508389822, 15732.644547485981, 5454668.651316426, -3.4899632014325205e-05, 0.0029126189439328395, 1.0096879994757462]
[260.7264115097678, -25674.03029776378, -8950971.835873537, -157.74517574602265, 15640.41118746673, 5453500.415692412, -2.9210600685873187e-05, 0.002895545486689968, 1.009471720573025]
[320.5894406669743, -25611.049430802384, -8950440.822281836, -194.21986772749193, 15602.039606751412, 5453176.991003089, -3.596221632630338e-05, 0.0028884421915813616, 1.0094118438499482]
[358.67025537568543, -25689.332868840753, -8948950.778082516, -217.42203362106181, 15649.736613319577, 5452269.1493813265, -4.0257029139618775e-05, 0.002897271261421531, 1.009243773810706]
[336.10489714283176, -25737.71875697078, -8945104.762069441, -203.67372793039218, 15679.215119568487, 5449926.038512495, -3.771196651308074e-05, 0.002902728365402311, 1.0088099893453673]
[278.22811986935824, -25681.739862769336, -8941047.594412064, -168.41210513511697, 15645.105903360252, 5447454.544645679, -3.118457289634959e-05, 0.0028964147366895314, 1.0083524355565736]
[339.2045487472832, -25496.63027994774, -8943931.528652972, -205.56435616162986, 15532.329410322327, 5449211.542781863, -3.80617703094715e-05, 0.0028755377335810566, 1.0086777117817824]
[318.12991627370945, -25558.398498718925, -8941512.813558588, -192.7247316749183, 15569.9626805448, 5447738.082138689, -3.568493262431256e-05, 0.002882504001095847, 1.0084049267094328]
[252.67411514187089, -25552.885087904393, -8938788.235936059, -152.84363743669383, 15566.601530777923, 5446078.209306827, -2.8302591975823112e-05, 0.0028818821289866665, 1.008097631230195]
[220.42498882256984, -25814.643744068948, -8935061.469439613, -133.19390121671557, 15726.082277228401, 5443807.466864269, -2.466511577354934e-05, 0.0029114037922807587, 1.007677246156361]
[305.7658269569648, -25574.443997911705, -8935225.84676016, -185.19260871455464, 15579.739525001098, 5443907.960134242, -3.42903784864765e-05, 0.0028843136533811403, 1.0076958485668632]
[336.91272142585456, -25562.477704355297, -8931883.750366447, -204.17131001103238, 15572.450509866781, 5441872.045011314, -3.7803264325115185e-05, 0.002882964096549892, 1.0073189346667568]
[232.28773402126058, -25767.457872604107, -8922697.955514135, -140.42565201495847, 15697.332026676146, 5436275.9573897505, -2.6003217557986795e-05, 0.002906081906397997, 1.0062829194955518]
[232.61961941882913, -25735.42404256959, -8919859.701853117, -140.62854052151468, 15677.813605904536, 5434547.06442675, -2.6040705819081853e-05, 0.002902468923342379, 1.005962844784031]
[212.24747014829694, -25718.860263538976, -8917888.152551336, -128.21657293064973, 15667.72224614157, 5433345.991488068, -2.374305947460982e-05, 0.0029006008309870237, 1.0057404875893066]
[338.10493100017186, -25818.589669012174, -8920476.328857515, -204.89747795524926, 15728.489214744732, 5434922.585838685, -3.793739467417796e-05, 0.0029118485987884774, 1.0060323666392483]
[173.7805388928674, -26112.495053354447, -8904617.41783716, -104.77919083161295, 15907.545909752736, 5425261.2783372905, -1.940428092985225e-05, 0.002944995550680598, 1.004243748283376]
[172.2693286821634, -25687.471614109094, -8906356.637064708, -103.8612596044018, 15648.595942279062, 5426321.424208725, -1.923433894821203e-05, 0.002897060507806043, 1.004440011699252]
[212.18857701050084, -25647.03152065876, -8901660.579213463, -128.18506136853378, 15623.957576901168, 5423460.855315354, -2.3736653509381875e-05, 0.002892499525362571, 1.0039104267906485]
[270.7734466186451, -25596.773332008343, -8903543.007403465, -163.87919214315508, 15593.342058556775, 5424607.7008388005, -3.034400674538552e-05, 0.0028868313671416663, 1.0041227443563607]
[229.3174454878934, -25701.350816912545, -8895235.793788526, -138.62180054533658, 15657.053102381848, 5419547.0210885955, -2.5668458457848903e-05, 0.002898625755014439, 1.0031858493439034]
[96.81351385450591, -25842.74115549663, -8886434.05721526, -57.889786981486345, 15743.192037827897, 5414184.9390947055, -1.0724082776509403e-05, 0.0029145717557223444, 1.0021931559158703]
[141.1974046096962, -25693.45638730539, -8886881.21887614, -84.93316939847372, 15652.240901166475, 5414457.715753528, -1.5730055759417683e-05, 0.0028977351245603675, 1.002243653455032]
[154.93312835128802, -25660.39990751063, -8884794.76257022, -93.30226824066797, 15632.10148521632, 5413186.782855993, -1.7279215411621908e-05, 0.0028940070241651587, 1.0020083620878941]
[180.76255121440082, -25532.47779764388, -8882411.384614237, -109.04094287207525, 15554.161940490088, 5411735.368584302, -2.019256444829425e-05, 0.0028795794339679976, 1.0017396553971534]
[153.76717247027625, -25714.22476118914, -8876660.417960828, -92.59228403224054, 15664.89471421559, 5408231.587332409, -1.714764850640544e-05, 0.0029000774682816, 1.0010909945644604]
[171.43753527684606, -25843.091125409865, -8872816.239463028, -103.35884544682172, 15743.408549540734, 5405889.853151459, -1.914053168026787e-05, 0.0029146111668381337, 1.000657463426263]
[158.43468287637955, -25752.21971548289, -8867506.700917449, -95.43762079206618, 15688.04358858585, 5402655.500635422, -1.7674119150418885e-05, 0.002904362548809341, 1.0000586794556752]
[270.0577395772296, -25309.712657963395, -8869051.009807914, -163.45043479976763, 15418.442023666237, 5403597.011417087, -3.0263750633475616e-05, 0.002854455688364817, 1.0002329790762583]
[293.1717543413738, -25717.01853787029, -8863172.875308558, -177.53075143289155, 15666.600171551494, 5400015.851775713, -3.287004877798979e-05, 0.002900392156811985, 0.9995699924623158]
[123.82033440103604, -25685.274483752713, -8856065.020908346, -74.34968435870226, 15647.255134379717, 5395685.891618648, -1.3770250219594233e-05, 0.002896812072791012, 0.9987683767258634]
[-105.6558192035267, -25756.32779734973, -8842543.118841108, 65.46436253236055, 15690.53520222178, 5387448.534203309, 1.2110749342042773e-05, 0.0029048252932215267, 0.9972433758587324]
[40.84730976163124, -25831.747930880367, -8847997.570005504, -23.79494382813634, 15736.494917092688, 5390771.322440547, -4.412150544801138e-06, 0.00291333157623013, 0.9978585311964812]
[98.59401512488508, -25750.104169808754, -8844279.693450566, -58.980824926156316, 15686.752308764468, 5388506.826849527, -1.0925156656074161e-05, 0.0029041234831380276, 0.9974392976342767]
[78.29813663335219, -25859.9742243187, -8840175.62317127, -46.61459325913103, 15753.690416124686, 5386006.706508857, -8.636033132962364e-06, 0.002916514729366244, 0.9969764444846471]
[69.69308620869336, -25870.61504605977, -8832856.107038124, -41.37321053879127, 15760.173891196458, 5381547.8740730425, -7.665562090024213e-06, 0.0029177150305039652, 0.996150969913245]
[-15.429968011016685, -25515.688694725413, -8833056.62445586, 10.4892769647212, 15543.925558566636, 5381670.65469687, 1.9345020552424676e-06, 0.0028776853781457895, 0.9961736968064951]
[105.56145294296218, -25807.14906659985, -8830199.489178624, -63.22765576462201, 15721.506464541724, 5379929.980024327, -1.1710952828807054e-05, 0.0029105569536436345, 0.9958514425941147]
[97.24267712859974, -25718.448467137947, -8826182.905486783, -58.16022744697618, 15667.464409411812, 5377483.282789836, -1.0772805537082484e-05, 0.002900553255623969, 0.9953984790225457]
[75.97813525911073, -25685.963352337574, -8823119.25666937, -45.20375586758398, 15647.671570657702, 5375617.049224507, -8.374476434456992e-06, 0.0028968895226143252, 0.9950529783279591]
[19.40611152379672, -26011.303171696673, -8816458.810669323, -10.735161034338184, 15845.88718543901, 5371559.503749915, -1.9939675707771716e-06, 0.0029335818732070165, 0.994301796187791]
[30.197920554967865, -25829.46329796205, -8815508.758871375, -17.311086773756074, 15735.100288483653, 5370980.98558636, -3.2112122668019124e-06, 0.002913073813972096, 0.9941946923528125]
[54.644528477361206, -25657.210320788356, -8817230.129425447, -32.20642897440588, 15630.155655649805, 5372030.003213637, -5.9685308300097484e-06, 0.0028936467887452025, 0.9943888971002548]
[49.75656474659844, -25860.02976739567, -8814108.272925774, -29.22644931459586, 15753.724817812057, 5370128.114810678, -5.4170034760915425e-06, 0.002916521013983467, 0.9940367967157334]
[101.67578401073031, -25599.025047470503, -8814560.123010488, -60.86171806661333, 15594.705977240885, 5370403.887024941, -1.1272871512202384e-05, 0.0028870843913970192, 0.9940878479931915]
[24.310782104724062, -26035.549396000082, -8804746.364656452, -13.722875198407895, 15860.661672434238, 5364424.979458838, -2.546950719341138e-06, 0.002936316516877358, 0.9929809621252906]
[93.18945799681427, -25730.473074482587, -8807251.146262327, -55.69119695485817, 15674.789947470868, 5365951.605032337, -1.0315690445515596e-05, 0.0029019091039438694, 0.9932635853411786]
[22.793011150147287, -25797.528149640435, -8803600.495558182, -12.79956130850726, 15715.643097405638, 5363727.672509512, -2.3761107515263066e-06, 0.0029094717700537953, 0.9928518636504466]
[32.7568023217804, -25872.64339046817, -8799905.907363145, -18.870170323975252, 15761.407950763547, 5361476.983333557, -3.499784227684819e-06, 0.0029179435148573756, 0.9924351883824379]
[53.36052640668638, -25799.32849751218, -8799699.264808755, -31.423807247497894, 15716.741129518954, 5361351.280074988, -5.823561789022298e-06, 0.0029096749557675676, 0.9924119155676996]
[-0.9016605479533376, -25618.45520412056, -8799032.80173968, 1.635383391259814, 15606.542704104813, 5360945.562559471, 2.960395297409473e-07, 0.002889275794829136, 0.9923368024595044]
[6.107323001260294, -25774.870777979628, -8793635.801188447, -2.63389877064422, 15701.837781074148, 5357657.717711074, -4.942293250830991e-07, 0.0029069165152978476, 0.9917281165995533]
[106.15333471662834, -25413.060705448188, -8799678.727997372, -63.591716488922266, 15481.404598044148, 5361339.721459508, -1.1778138793434212e-05, 0.0028661108879790165, 0.9924097699876743]
[38.40615746820881, -25857.685957915855, -8790612.259900082, -22.312711800343052, 15752.295635270293, 5355815.997981525, -4.136946610841986e-06, 0.0029162565877320014, 0.9913871537228109]
[36.1739589206438, -25835.165287775555, -8789436.533896146, -20.95302937821306, 15738.573799852653, 5355099.98479388, -3.885273557275276e-06, 0.002913716606891432, 0.9912545952229771]
[64.18843052235347, -25879.225874253345, -8787098.866631094, -38.021121956041654, 15765.417654897548, 5353675.957581742, -7.044737870604261e-06, 0.0029186858186833085, 0.9909909615142067]
[23.31797870638706, -25994.246731847707, -8781037.192811444, -13.120857745967827, 15835.490485816594, 5349983.394100727, -2.4353071663117384e-06, 0.0029316577083829147, 0.990307348019626]
[33.28994733923487, -25864.480029443468, -8785306.72397459, -19.195376936179102, 15756.433866756292, 5352584.423410869, -3.5599275424841913e-06, 0.0029170227442124543, 0.9907888820040424]
[66.29418338614818, -25873.14698244501, -8786027.542626712, -39.30348021882124, 15761.71643348418, 5353023.585118235, -7.282206773778029e-06, 0.0029180003405989852, 0.9908701847250675]
[60.15025577859197, -25857.560564368483, -8784104.201866081, -35.55996311856377, 15752.219909621406, 5351851.956066106, -6.5892767772814475e-06, 0.0029162426195564893, 0.9906532780896107]
[77.60660211989645, -25741.606414168466, -8786280.347380407, -46.19577534826957, 15681.574614647328, 5353177.894888166, -8.558168994922008e-06, 0.002903165070220331, 0.9908987506209794]
[89.90441628204651, -25342.123030328457, -8791170.416035047, -53.68957003433003, 15438.18550337515, 5356157.436909724, -9.94547271096272e-06, 0.0028581104035435454, 0.9914503565959074]
[13.386795384124449, -25664.471736251056, -8782899.770380886, -7.068903059515429, 15634.578415619328, 5351118.716575332, -1.3153757148384e-06, 0.002894465667368805, 0.9905175288822514]
[87.47488344920488, -25730.909838734755, -8783136.982953941, -52.20850301689823, 15675.058169004897, 5351263.252123745, -9.671165720049241e-06, 0.00290195876330493, 0.9905442869065331]
[68.89599576245084, -25616.73037048326, -8785044.401793785, -40.888040435516885, 15605.492463967981, 5352425.401341112, -7.5758164138289375e-06, 0.002889081366258335, 0.9907594372022783]
[125.05420907636478, -25649.219606676346, -8786470.985445341, -75.10331578952349, 15625.289070721208, 5353294.5343327, -1.3909485255698574e-05, 0.0028927455971814666, 0.9909203413197629]
[88.25608978298062, -25845.13246438423, -8782556.059299681, -52.68202709146013, 15744.649436749041, 5350909.374961133, -9.759088499551455e-06, 0.00291484109082822, 0.9904787727346414]
[108.9976523042566, -25639.547377297655, -8785428.449387304, -65.3200930079106, 15619.395380317266, 5352659.535953134, -1.2098613129613082e-05, 0.0028916548683258787, 0.9908027820124716]
[90.853975108723, -25895.728283584824, -8782882.794641607, -54.26405465508205, 15775.477200856252, 5351108.416818064, -1.0052041938926066e-05, 0.0029205475284872105, 0.9905156218150383]
[159.84376209202063, -25812.24607489146, -8785409.75930021, -96.29734681389823, 15724.615538436085, 5352647.988826567, -1.783292935266204e-05, 0.002911132223547253, 0.99080064523377]
[34.31694221958033, -25987.115933375087, -8779137.022528065, -19.815498386231695, 15831.152635016515, 5348826.417520634, -3.6754563583621206e-06, 0.002930854392683876, 0.9900931508091434]
[23.21106852966917, -24842.090334555458, -8792220.03066383, -13.054189801530253, 15133.528878173875, 5356798.230233544, -2.424236490573969e-06, 0.0028017157606546623, 0.9915689798467913]
[61.26345136351046, -25599.78185468619, -8785498.957013337, -36.2347458711275, 15595.165367790756, 5352702.727917363, -6.715016008411188e-06, 0.0028871701006070215, 0.9908107768031862]
[-70.41649127620299, -25713.34371124421, -8779307.160399845, 43.9952341479306, 15664.347516044678, 5348930.773520161, 8.136238283690564e-06, 0.0028999775566453945, 0.9901124662168703]
[11.40925179773637, -25758.045533943376, -8783689.85625787, -5.857978564252916, 15691.586985886303, 5351600.560747632, -1.0921689198141464e-06, 0.0029050192809600387, 0.9906067305938843]
[82.71815716299216, -25643.52662353311, -8788313.801642928, -49.30451996439311, 15621.81710248282, 5354417.575642377, -9.134695564062932e-06, 0.0028921037408789142, 0.9911282499975493]
[52.05675015034002, -25814.687726434313, -8786552.92795453, -30.62154017872755, 15726.098878972436, 5353344.5145073235, -5.676335854169187e-06, 0.0029114077285465946, 0.9909295938929454]
[88.37280201298532, -25782.833750351696, -8787641.765753739, -52.74850586182195, 15706.692897278335, 5354007.895554372, -9.77224971781239e-06, 0.002907815339692729, 0.9910524066919248]
[136.3443306115785, -25773.319934157735, -8790744.561513463, -81.97560549405563, 15700.898427952847, 5355898.067514028, -1.5182550351369412e-05, 0.002906742411678189, 0.9914023386132098]
[145.61938255494852, -25727.337436667585, -8794560.207399255, -87.62579589475861, 15672.882967645564, 5358222.6445470145, -1.6228711597719688e-05, 0.0029015564555233088, 0.9918326920634449]
[186.0688323644272, -25737.34371000891, -8794932.94515225, -112.27058735515197, 15678.98104687799, 5358449.625128882, -2.0790681683653633e-05, 0.00290268516953487, 0.9918747140154216]
[185.32155185712952, -25822.747831576635, -8795293.772947872, -111.814306581437, 15731.013659414617, 5358669.349713602, -2.0706307040257576e-05, 0.002912317119903172, 0.9919153926516904]
[195.11479075781327, -25890.184108725574, -8796944.827401837, -117.780219602286, 15772.101616302221, 5359674.990259464, -2.1810728612059605e-05, 0.0029199228854289586, 0.9921015701461842]
[176.57164384782504, -25772.517331631352, -8800630.702379618, -106.48235374345992, 15700.41263959535, 5361920.478157888, -1.971949533036182e-05, 0.002906652246276814, 0.9925172818502292]
[220.88972089836628, -25598.37520937555, -8807450.761811502, -133.4828210209303, 15594.320027322801, 5366075.120894394, -2.471781776645544e-05, 0.0028870127131800606, 0.99328644065064]
[224.74821798750227, -25864.883699364837, -8803718.319976846, -135.83389440071707, 15756.689243605406, 5363801.32574823, -2.5152904110091747e-05, 0.002917069612116471, 0.9928654879974163]
[257.8731003109192, -26061.967288371805, -8804373.7422504, -156.01502812319063, 15876.765372801103, 5364200.419531914, -2.8888679295424844e-05, 0.0029392971700137526, 0.9929393742265471]
[228.14432679591528, -25829.63084714818, -8807919.970777335, -137.90151170870507, 15735.209403304281, 5366360.817485414, -2.553588461886415e-05, 0.0029130937254047856, 0.9933393331493012]
[281.8339803119552, -25805.771216002588, -8813039.670680976, -170.61211481764227, 15720.674942212094, 5369479.64174228, -3.1591118863740224e-05, 0.0029104028905873954, 0.9939167283960322]
[227.01629362943552, -25976.683617938557, -8814841.716268035, -137.2108611704307, 15824.804510482187, 5370577.281402643, -2.5408430097489976e-05, 0.0029296783614241014, 0.994119937793345]
[256.5725870245395, -25747.449779032308, -8816337.773726128, -155.22032628599496, 15685.140448069944, 5371488.818485769, -2.874211177224007e-05, 0.002903825204504909, 0.9942886917884186]
[248.28034049157145, -25748.716421584617, -8819009.931299997, -150.1674906014165, 15685.913780495803, 5373116.510466685, -2.7806911825567198e-05, 0.002903968366008187, 0.9945900310350928]
[365.2039706874023, -25439.48607347929, -8829586.468408039, -221.4069282162739, 15497.517964754428, 5379559.897721683, -4.0994159999658346e-05, 0.0028690930810718746, 0.9957829082597532]
[266.73408152946655, -25840.394514632702, -8823156.648787087, -161.40899512713182, 15741.7696777709, 5375642.372853617, -2.988799631570745e-05, 0.0029143079485785374, 0.9950576512956312]
[325.33329056691093, -25839.63536148385, -8825226.517766468, -197.11287659591437, 15741.30913779665, 5376903.381142588, -3.6497057316422726e-05, 0.0029142223687111863, 0.9952911042173324]
[295.3869540359548, -25831.65695750987, -8828066.94959418, -178.86541546642252, 15736.447232379942, 5378633.589048931, -3.3119540824868815e-05, 0.0029133226572396823, 0.9956114224390531]
[286.17249418966315, -25257.709568219805, -8834912.091413531, -173.25383032466283, 15386.760656032713, 5382804.317111008, -3.20809462455895e-05, 0.0028485915167798634, 0.9963835543246492]
[471.7437978049841, -25495.529564512894, -8841559.33054609, -286.3159828119503, 15531.663797352487, 5386853.357485481, -5.300993607385032e-05, 0.0028754138462524486, 0.9971331646513059]
[315.62876913648034, -25986.111225489138, -8834712.585856121, -191.19594734341462, 15830.551912732968, 5382681.652674857, -3.540232622590927e-05, 0.0029307424571033574, 0.9963608519398199]
[416.19798434628024, -25878.439703295473, -8840805.867660342, -252.47018778078336, 15764.956280149287, 5386393.587761143, -4.674483285850755e-05, 0.002918599194478448, 0.9970480510460807]
[402.67944970188324, -25786.569372545076, -8844370.649684018, -244.23270500776724, 15708.981820063702, 5388565.1915420275, -4.5220261619632293e-05, 0.002908238099354, 0.9974500851090231]
[374.84433436975405, -25724.692220713237, -8847466.676960329, -227.27218763970464, 15671.282017016969, 5390451.136464725, -4.208093411229076e-05, 0.002901259551281817, 0.9977992350912558]
[366.21156151961173, -25710.01420815144, -8847567.349882884, -222.01219505331875, 15662.33828400914, 5390512.35356497, -4.110728051429644e-05, 0.00289960421948029, 0.9978105690215143]
[261.24989566535226, -25888.30022904944, -8845351.473771743, -158.06033381217952, 15770.95721372036, 5389162.227735474, -2.9269302117240805e-05, 0.0029197115687796087, 0.9975606185961288]
[317.0280364994044, -25859.635735457607, -8850267.588453317, -192.04411018758964, 15753.495164422751, 5392157.045530786, -3.5560155455496097e-05, 0.0029164788893780904, 0.9981150561531735]
[355.8439567464944, -25831.049004723485, -8853490.277725453, -215.69348683051584, 15736.079675000135, 5394120.205595792, -3.993793283930378e-05, 0.0029132548621833556, 0.9984785008257466]
[260.4463551673822, -25987.665025428483, -8851430.045963561, -157.56888027511079, 15831.497396618248, 5392864.833732354, -2.9178598003674022e-05, 0.002930918298904685, 0.9982460927936287]
[336.61235333270264, -25869.291219156257, -8857319.658597164, -203.9744804825046, 15759.37852098214, 5396452.759354007, -3.776891194257606e-05, 0.0029175679669698404, 0.9989103333657029]
[383.4574242069248, -25897.618690869254, -8861540.457536979, -232.5152050776136, 15776.63918965001, 5399023.992955212, -4.305221409822311e-05, 0.002920762777109383, 0.9993863518537832]
[362.46523857680273, -25817.832125970894, -8864123.337113809, -219.7239693587683, 15728.027525543725, 5400597.35133004, -4.068460662047407e-05, 0.002911764332432211, 0.9996776318757364]
[401.6238121023516, -25687.378705249088, -8866886.684102083, -243.5830853521451, 15648.547830120158, 5402280.932809693, -4.510117984989866e-05, 0.002897051475043386, 0.9999893160465634]
[413.2745439717808, -25827.644182142678, -8865960.298803842, -250.68113267474718, 15734.006577622258, 5401716.342208012, -4.641504815392911e-05, 0.002912870936532317, 0.9998847935885743]
[443.68796900183685, -25407.44044826241, -8870944.98110281, -269.2125594206736, 15477.993831095768, 5404753.192868282, -4.984549447738476e-05, 0.0028654799291738912, 1.0004470112134003]
[364.4220521198293, -25814.977372096608, -8868528.931486642, -220.9151040740874, 15726.288646888528, 5403280.837360671, -4.0905344946261085e-05, 0.0029114427141168006, 1.0001744338460312]
[413.524589280634, -25586.86397051036, -8873022.715490373, -250.83339047731934, 15587.31135590599, 5406018.6237557195, -4.644349048668748e-05, 0.0028857157110998358, 1.0006812851120777]
[392.7887471476838, -25770.502888433177, -8872610.122562854, -238.19749291066003, 15699.19273774248, 5405766.988664392, -4.410462426498741e-05, 0.0029064267414529435, 1.00063470106367]
[420.2831722566599, -25804.77739474959, -8875302.145662393, -254.94804784527142, 15720.074904007397, 5407406.90996136, -4.720548660926286e-05, 0.0029102922372313722, 1.0009383035873753]
[400.7203947755271, -25740.00401494388, -8876430.91971386, -243.0287431421201, 15680.610999588189, 5408094.495815741, -4.4999173462745355e-05, 0.0029029870668387144, 1.001065598219955]
[483.4959582511386, -25594.394724273316, -8880039.7078929, -293.4625275057107, 15591.899899861197, 5410293.028931212, -5.4334957777539074e-05, 0.0028865651534397377, 1.001472617044764]
[474.63747632954465, -25755.706111493826, -8880264.703817256, -288.064126706632, 15690.181857789128, 5410429.84060913, -5.333575595362482e-05, 0.0029047582676297555, 1.0014979468194265]
[451.28576283285565, -25801.72596835209, -8879973.464119662, -273.8357779042043, 15718.217808754827, 5410252.385309262, -5.070205483091596e-05, 0.002909948341040461, 1.0014650943290335]
[419.2135149104355, -25693.860034913934, -8880704.636650126, -254.29509558000632, 15652.49844399637, 5410697.9062320525, -4.7084989208991465e-05, 0.0028977830719234027, 1.0015475740358564]
[472.8533571369785, -25745.060593290596, -8882676.194581477, -286.9757268373503, 15683.69516230671, 5411898.788744186, -5.3134553274954216e-05, 0.0029035577299484274, 1.0017698971494002]
[473.9732206657354, -25750.182896685732, -8881905.84193919, -287.6581372647133, 15686.816860871262, 5411429.4429714, -5.326086260880092e-05, 0.0029041355714823237, 1.0016830064349025]
[476.80932697175473, -25761.21475061914, -8882096.222193083, -289.38551545535324, 15693.537637869162, 5411545.408356834, -5.358069251173393e-05, 0.002905379672423581, 1.0017044754424904]
[520.0386844642786, -25614.745325729593, -8883219.725539282, -315.72482757291505, 15604.301012479518, 5412229.934687862, -5.845634865075861e-05, 0.002888860795666713, 1.001831202751499]
[327.47086247950193, -25998.885364580103, -8875539.585110275, -198.39551072368045, 15838.336572358896, 5407550.79701101, -3.6737710237926066e-05, 0.002932184694576314, 1.0009649462691026]
[493.34357856304223, -25697.788508693327, -8883334.954367856, -299.4583078328352, 15654.893982187867, 5412300.092045528, -5.544553761978507e-05, 0.002898226453475365, 1.0018441913745604]
[579.4095592539863, -25701.109899448147, -8886364.898328656, -351.8957349109969, 15656.921008032652, 5414145.885892633, -6.515219354515477e-05, 0.0028986011162660617, 1.0021859074608905]
[490.6417951879166, -25861.967771296277, -8882885.757895688, -297.8107366105977, 15754.923967130682, 5412026.154056048, -5.514061942247357e-05, 0.0029167432064569785, 1.0017934783665712]
[491.6229281127411, -25779.063468455992, -8884875.46452747, -298.4081959385629, 15704.413630554178, 5413238.3670385545, -5.525133731444691e-05, 0.0029073930959651936, 1.0020178974705451]
[514.2418007335091, -25831.80384769501, -8884771.381408233, -312.1894112820668, 15736.546595974345, 5413174.96873269, -5.7802327627526766e-05, 0.002913341160788171, 1.0020061603506272]
[497.4499400432246, -25780.34001701557, -8885678.637696913, -301.95819149878594, 15705.192455097065, 5413727.631729639, -5.5908484876328244e-05, 0.0029075370761287604, 1.0021084762689938]
[547.2629038747966, -25600.04369471039, -8885624.621714165, -332.3095884979391, 15595.344919446234, 5413694.900595131, -6.152672423084642e-05, 0.0028872032337606377, 1.0021024156320884]
[533.355735626471, -25701.73721980786, -8889947.510989044, -323.834358171088, 15657.304772267089, 5416328.30852552, -5.995812174492821e-05, 0.0028986721732911906, 1.0025899447024167]
[553.6327598201009, -25500.069613575164, -8891622.776636692, -336.1895561395084, 15534.435419516181, 5417349.153611133, -6.224524481390425e-05, 0.0028759276750967887, 1.0027789343184883]
[563.8409237346061, -25616.39385974038, -8891044.006748622, -342.40858019282757, 15605.308319376498, 5416996.396679083, -6.33963860437167e-05, 0.0028890469212553595, 1.0027136286871796]
[444.489379894488, -25891.325323408473, -8888077.294990342, -269.6880660888812, 15772.811688638403, 5415188.670921764, -4.993528817789934e-05, 0.0029200542387066075, 1.0023789629434896]
[515.8590147489542, -25738.638910890983, -8891950.225794736, -313.17264701948574, 15679.786308789317, 5417548.318469086, -5.7984772331853554e-05, 0.002902834008184754, 1.0028158080395444]
[497.4337645116575, -25730.865004602507, -8891290.881758295, -301.94629996242395, 15675.048004684624, 5417146.628851506, -5.590672278727613e-05, 0.002901957256429491, 1.002741442476985]
[526.3783293568307, -25623.34089303228, -8893827.618193362, -319.5822940239992, 15609.53836157205, 5418692.175756667, -5.917129364804957e-05, 0.0028898302495914234, 1.003027571909782]
[561.578323071845, -25676.628591832174, -8894886.555541834, -341.0277503389363, 15642.00582601798, 5419337.112040011, -6.314115845929654e-05, 0.0028958404413148672, 1.0031469713648913]
[589.7884022645762, -25596.389495070063, -8898511.948668594, -358.21601571270963, 15593.12030302353, 5421545.860429173, -6.632287392269008e-05, 0.0028867907705770286, 1.0035558807687412]
[568.1333010042622, -25718.488713768355, -8896118.679428626, -345.0207525377325, 15667.508823462096, 5420087.638518399, -6.388039326307978e-05, 0.0029005614481537375, 1.0032859184514833]
[634.5938761886828, -25917.6139770177, -8896841.27569943, -385.51323322747413, 15788.832228852722, 5420527.592343023, -7.137580780192431e-05, 0.002923019309898353, 1.0033673695619436]
[621.7015758199902, -25832.23941624287, -8898236.510323858, -377.6580197879828, 15736.815164299016, 5421377.60893648, -6.992183315197743e-05, 0.0029133905776985583, 1.0035247347306955]
[698.1538034583994, -25507.662931535895, -8905551.066775208, -424.23996179307574, 15539.065544686779, 5425834.037296273, -7.85447140901511e-05, 0.0028767842127280334, 1.0043497605299436]
[638.2734920155766, -25637.317007530357, -8902468.013098942, -387.75546501742457, 15618.058012265505, 5423955.503267521, -7.179102692935292e-05, 0.002891406969526469, 1.0040019854952074]
[610.5829466094004, -25844.773077570397, -8902489.38858264, -370.88187159504247, 15744.45352036047, 5423968.103297851, -6.866771566144601e-05, 0.0029148043849336787, 1.004004320694904]
[613.7899312868153, -26021.654586183402, -8899975.783051949, -372.83543217167295, 15852.219690101858, 5422436.619158743, -6.902922784688388e-05, 0.002934753370313502, 1.003720794903646]
[578.6525327139025, -25714.725829370585, -8903461.952331867, -351.42797274755446, 15665.217809296595, 5424560.733911021, -6.50666275671452e-05, 0.002900137195593161, 1.0041140348115758]
[554.9046053743994, -25729.213162461692, -8902743.915844247, -336.95956432107215, 15674.044311313382, 5424123.252166834, -6.238831100789928e-05, 0.002901771160526672, 1.0040330431952564]
[493.4751813878529, -25876.845094854918, -8901470.02610249, -299.53098951298125, 15763.98888668851, 5423347.061481413, -5.5460019015971246e-05, 0.0029184212918808472, 1.0038893461599592]
[578.7955749633386, -25801.240447481963, -8906219.411855381, -351.51441769298776, 15717.92838646391, 5426240.374128038, -6.508270745157026e-05, 0.002909894506944985, 1.004424991453476]
[589.327984956157, -25734.369804166217, -8908189.449310945, -357.93167316146133, 15677.18782984979, 5427440.456588976, -6.627057955720819e-05, 0.002902352742661544, 1.0046471656952565]
[543.4529975435605, -25726.372267026967, -8906717.37575718, -329.98140211753986, 15672.312131523986, 5426543.717414343, -6.109671786720558e-05, 0.002901450607074539, 1.0044811501485866]
[491.37486295191854, -25959.482924444586, -8904173.116835123, -298.25048099372077, 15814.336168060065, 5424993.519784407, -5.5223030202404254e-05, 0.0029277411714266977, 1.0041941601248097]
[593.5318647503336, -25663.365509467578, -8908863.915406952, -360.49447197341084, 15633.927215311574, 5427851.408332621, -6.674486145533777e-05, 0.002894344688929491, 1.0047232456769064]
[559.4924886608319, -25813.722012523856, -8906223.692789124, -339.7546670636168, 15725.53195904693, 5426242.8098576, -6.290567882632285e-05, 0.0029113021302975533, 1.004425443417578]
[554.5732986574363, -25817.949024926045, -8906882.478150936, -336.7572390194573, 15728.107493106098, 5426644.073188761, -6.235085954797602e-05, 0.0029117788745891765, 1.0044997305759344]
[523.2794824548528, -25570.361197031445, -8907639.468709463, -317.6919079847507, 15577.259043018483, 5427105.474221764, -5.882167615637491e-05, 0.002883855262268264, 1.0045851492921631]
[580.748044957, -25698.80420370546, -8909919.68121842, -352.7054244343109, 15655.517641775683, 5428494.406671611, -6.530302687201694e-05, 0.002898341430502431, 1.0048422863912227]
[642.1438809260458, -25562.544559191425, -8913927.270588761, -390.11327066948445, 15572.503404128256, 5430935.901268905, -7.222755565217496e-05, 0.0028829740018815756, 1.0052942851288222]
[568.3726771073757, -25634.44209150286, -8911879.331508461, -345.16607943994865, 15616.305584919392, 5429688.2165787425, -6.390738061421141e-05, 0.0028910826315992643, 1.0050632990500759]
[554.3943070959895, -25572.69740129177, -8913014.37271744, -336.6492694332377, 15578.686306029125, 5430379.685167592, -6.233089590242293e-05, 0.0028841189741283424, 1.0051913121133738]
[544.9424949252837, -25709.86673357254, -8912368.21777992, -330.8905114762381, 15662.258670775736, 5429985.928047967, -6.126479667376643e-05, 0.0028995891494344003, 1.0051184157244573]
[546.2846149664763, -25572.806166786035, -8912807.595898442, -331.7091875659635, 15578.752548068558, 5430253.716190651, -6.14162929308401e-05, 0.00288413113257781, 1.0051679912080334]
[567.331607760007, -25600.95789838877, -8912686.965951253, -344.53309695227665, 15595.904825565225, 5430180.181350962, -6.379002930056376e-05, 0.0028873061806284966, 1.0051543778266228]
[518.8365623936669, -25716.189068873937, -8910839.921097064, -314.9850360566411, 15666.107872019358, 5429054.807143681, -5.832046947151402e-05, 0.0029003020490875613, 1.0049460357967654]
[466.2361945204133, -25649.95677029324, -8910211.462288005, -282.93798308800774, 15625.755623165827, 5428671.893012123, -5.238813594841653e-05, 0.002892832404135581, 1.004875146418977]
[533.5465683076523, -25700.584260215808, -8912706.103638032, -323.94759392301296, 15656.60156580787, 5430191.616980816, -5.997949538398546e-05, 0.002898542121619211, 1.0051564962663784]
[545.0622465361818, -25660.410199406113, -8912635.048347592, -330.9648776141872, 15632.126101491402, 5430148.349773466, -6.12783226553878e-05, 0.0028940112360550455, 1.005148485996969]
[528.8382275104982, -25703.669975390265, -8911112.013087923, -321.08014288023486, 15658.481955309988, 5429220.448363919, -5.9448513642972045e-05, 0.0028988901781468006, 1.0049767020159601]
[549.0533480723872, -25676.427136492657, -8912367.82739838, -333.3971468766823, 15641.884912127807, 5429985.534754105, -6.17285016978724e-05, 0.0028958177111763628, 1.005118343844999]
[531.0356935119385, -25714.201463572892, -8909907.594264641, -322.4198015607052, 15664.898511150423, 5428486.679239618, -5.969636586572971e-05, 0.0029000779558611385, 1.0048408579771773]
[469.43405845104735, -25698.95811676306, -8907834.075951515, -284.88810140661303, 15655.607147007286, 5427223.703348896, -5.27488525009301e-05, 0.0028983584276174195, 1.0046070392572568]
[539.6531125699277, -25740.81202278803, -8910715.405501409, -327.67071564614514, 15681.110866207731, 5428978.892328, -6.0668277888851276e-05, 0.002903078928152978, 1.0049319818822173]
[602.6674959992599, -25661.71184996661, -8913550.316572817, -366.0643468256479, 15632.920723109699, 5430705.983348576, -6.777528241287456e-05, 0.0028941579111146504, 1.0052517215915124]
[385.9723860785207, -25323.195736205525, -8907925.011283234, -234.03885143437975, 15426.66405234686, 5427279.566148195, -4.333612587813912e-05, 0.002855978836944411, 1.0046173784707473]
[520.9472689348588, -25722.238249888764, -8908766.746495027, -316.27482416782254, 15669.793360265478, 5427791.8344215145, -5.855863724631397e-05, 0.0029009841022003477, 1.0047122188994981]
[537.5550968625108, -25787.873796154487, -8908221.975837082, -326.39303207289385, 15709.782711701551, 5427459.843605714, -6.043161312471981e-05, 0.002908386591730102, 1.0046507574217283]
[476.66904948620527, -25842.10655630018, -8905706.751976578, -289.29651621462574, 15742.821618741222, 5425927.54953799, -5.3564678427144043e-05, 0.0029145029307549625, 1.0043670806319738]
[493.51694459839564, -25793.50341235816, -8906534.835715206, -299.56225852840527, 15713.209429638411, 5426432.174335155, -5.546493755548873e-05, 0.0029090212879573406, 1.0044605019736241]
[494.1556099430402, -25697.913701560792, -8906457.566783112, -299.9525642238883, 15654.970922725253, 5426385.194019799, -5.553706601919827e-05, 0.002898240544640751, 1.004451803855506]
[544.3810850597511, -25602.415047839928, -8908671.397172533, -330.55454584770087, 15596.788500255549, 5427734.1091026, -6.12017887413859e-05, 0.002887469891153116, 1.0047015299199196]
[500.94891183976915, -25715.90122808579, -8905223.005135417, -304.09173251194545, 15665.930191877947, 5425633.08950776, -5.630319034922085e-05, 0.0029002691582985674, 1.004312565181264]
[499.1445246898682, -25799.083842204018, -8903018.079208905, -302.9927390428237, 15716.609065314791, 5424289.843576834, -5.6099635395543525e-05, 0.002909650511233595, 1.00406388719336]
[520.7203242629954, -25735.528443007646, -8903120.552067779, -316.1393063846706, 15677.888000044513, 5424352.425070533, -5.853311701653943e-05, 0.0029024826014947326, 1.0040754721111391]
[400.6368862465684, -25837.520654903292, -8898404.053199923, -242.9750823400954, 15740.024222262882, 5421479.03039532, -4.498968367487923e-05, 0.0029139853747733365, 1.003543514974252]
[513.217590426249, -25764.173909290595, -8902387.847188303, -311.56810857704085, 15695.340762482927, 5423906.042192249, -5.768691106304109e-05, 0.0029057133517275107, 1.0039928323997669]
[482.1150473414358, -25733.14356135585, -8901564.845695447, -292.6184695072476, 15676.434507871465, 5423404.759213545, -5.417911093670114e-05, 0.0029022135856591113, 1.0039000282634079]
[471.75508104834637, -25713.848539828585, -8900086.32272436, -286.30693547065306, 15664.678354944106, 5422504.080439954, -5.3010734157341266e-05, 0.002900037548618614, 1.0037332834338983]
[494.9041099029379, -25621.098474154816, -8901401.875903709, -300.41120235551597, 15608.17007368814, 5423305.618106179, -5.5621571587822925e-05, 0.0028895769446746376, 1.0038816732165567]
[455.8114009627626, -25624.926679789423, -8901704.047957214, -276.59210569667863, 15610.50178047074, 5423489.681739595, -5.1212523922661064e-05, 0.0028900085400226892, 1.0039157494316298]
[442.23004732305344, -25799.53473126074, -8896074.98665351, -268.3178931215024, 15716.882340179847, 5420060.351909255, -4.96806930189142e-05, 0.0029097012522484676, 1.003280870832346]
[438.3871747599883, -25778.37297879331, -8895402.161117712, -265.97683379545555, 15703.989259395976, 5419650.548158687, -4.924730766799412e-05, 0.0029073145577226686, 1.003205002490664]
[435.90752724417155, -25777.8098183763, -8893705.348916005, -264.466654325392, 15703.646965597305, 5418616.900857348, -4.896765949321858e-05, 0.0029072510823515926, 1.0030136408310897]
[446.1020535077473, -25742.47220454319, -8893839.525474785, -270.6782584481313, 15682.1173505724, 5418698.705117057, -5.011744812249471e-05, 0.00290326563724697, 1.0030287850472341]
[453.8518665519605, -25718.040091651506, -8892238.051595047, -275.40048375069085, 15667.232017886688, 5417723.16768909, -5.099153801580235e-05, 0.0029005101731529198, 1.0028481812155086]
[449.7557358254952, -25712.3909078921, -8892884.516219346, -272.90480531468165, 15663.79156319152, 5418116.993608476, -5.052954128520791e-05, 0.002899873034146779, 1.0029210910599038]
[403.4612787453651, -25799.399323606125, -8889442.812065758, -244.69860789768214, 15716.800920937612, 5416020.256472786, -4.530823939854116e-05, 0.0029096859668393924, 1.0025329178942324]
[411.93811100680296, -25711.566653967107, -8889162.077797355, -249.86398893241864, 15663.288130810095, 5415849.421248183, -4.6264352505406364e-05, 0.0028997799774429568, 1.0025012896730097]
[488.10694446241837, -25716.138760275633, -8891186.122483026, -296.27202179763486, 15666.07652639558, 5417082.527601895, -5.485488435434618e-05, 0.00290029559921836, 1.0027295769639586]
[469.8185543412053, -25618.27301676541, -8888536.561880888, -285.1302501623094, 15606.449265437608, 5415468.609968927, -5.2792383699193964e-05, 0.002889258173954656, 1.0024307877424623]
[473.04249065793084, -25607.506987155983, -8884069.815323398, -287.0964462231966, 15599.88840244402, 5412747.70093884, -5.315610792225507e-05, 0.002888043850533607, 1.001927058585001]
[485.0951142001357, -25579.11746174316, -8886974.688271144, -294.43814581544984, 15582.592011819428, 5414517.267504131, -5.451531476402377e-05, 0.0028848419612773875, 1.0022546627540485]
[409.06557071305593, -25731.265424052435, -8879636.025895938, -248.11670972021113, 15675.288693493421, 5410046.600658649, -4.59404815934215e-05, 0.0029020014391289415, 1.0014269982749076]
[364.66508897422966, -25756.462722249595, -8877878.129049653, -221.0639869996211, 15690.639120609065, 5408975.758395754, -4.093285773731267e-05, 0.002904843200392636, 1.0012287505251116]
[384.04346999440804, -25823.090391409703, -8876437.102306029, -232.8706855470773, 15731.233918747588, 5408097.821886311, -4.3118336967590064e-05, 0.0029123577681729952, 1.0010662166220539]
[427.53251833425884, -25221.012303161122, -8881444.034774542, -259.3709557997894, 15364.412515371394, 5411148.750505311, -4.8023705965847654e-05, 0.0028444541145132753, 1.0016310373940516]
[434.9685972480623, -25921.429916865723, -8872365.455969837, -263.8982087774798, 15791.148957971463, 5405617.476503974, -4.886167668395924e-05, 0.0029234485546970543, 1.0006070243195233]
[408.2136509469274, -25817.242402978038, -8869837.508671215, -247.5981507726904, 15727.67111311359, 5404077.6413662685, -4.584431656988156e-05, 0.0029116981786586095, 1.0003219501762097]
[438.74049466471524, -25696.766419297524, -8869850.634163529, -266.1986530382957, 15654.27100082552, 5404085.947264322, -4.928736378797231e-05, 0.0028981105616328663, 1.0003234860078616]
[352.1417832203093, -25774.049705165162, -8866318.844063256, -213.43463208943956, 15701.353366497142, 5401934.325484128, -3.952035521374983e-05, 0.0029068266005216076, 0.9999251519551884]
[348.9628927796913, -25884.399349259962, -8864110.942769367, -211.49742088647702, 15768.583961551143, 5400589.3569907695, -3.916178695384604e-05, 0.002919271857125655, 0.9996761545259495]
[369.5960315375961, -25784.130022916128, -8862370.20689217, -224.06952480961058, 15707.494116210148, 5399529.027444754, -4.148896576869674e-05, 0.002907963653276789, 0.9994798526689498]
[388.12047690541226, -25774.612807310194, -8861469.033477593, -235.35655694240978, 15701.696669199697, 5398980.175846938, -4.357821925840785e-05, 0.002906890182542264, 0.9993782417295077]
[371.0302261609357, -25736.457852543877, -8858970.888244454, -224.9446648407253, 15678.450236638804, 5397458.490965082, -4.1650783663057565e-05, 0.0029025869668991297, 0.9990965278131749]
[432.61877160270456, -25559.9573929729, -8860731.501326876, -262.4702097284329, 15570.917370679108, 5398531.354874323, -4.859705609435938e-05, 0.0028826808635085245, 0.9992951476354897]
[385.331221285655, -25946.21466277462, -8855393.643265298, -233.65655935893636, 15806.248016447775, 5395279.189055564, -4.326341671203206e-05, 0.0029262436316659524, 0.9986930692125905]
[418.0627362811148, -26008.709081691955, -8852854.898175718, -253.59895243405245, 15844.322860091695, 5393732.705579396, -4.69549234363501e-05, 0.0029332917870001744, 0.9984067646695413]
[424.10322038154743, -25921.09650333922, -8851801.596327795, -257.27959786488674, 15790.945025989568, 5393091.179099108, -4.7636253561226854e-05, 0.0029234108543154153, 0.9982879966185506]
[495.6568968742067, -25677.127210174956, -8853293.176788427, -300.8772600637165, 15642.306157105486, 5394000.262230279, -5.570653860942023e-05, 0.0028958956034683563, 0.9984562946692768]
[322.177303980804, -25836.50931569162, -8844687.973545961, -195.17924609790913, 15739.404725043227, 5388757.944631007, -3.6140890883471814e-05, 0.00291387076341873, 0.9974857732645835]
[380.5607490477581, -25846.506460586013, -8845423.54844587, -230.75053704672067, 15745.499571968738, 5389206.087672592, -4.272550443686232e-05, 0.002914998465382504, 0.9975687387683778]
[405.3577716598298, -25907.60547556528, -8843689.956569986, -245.85963520507963, 15782.728010764185, 5388150.108087369, -4.5522189923349036e-05, 0.002921889255875476, 0.9973732422419833]
[412.3854766453338, -25253.546177469958, -8849664.123143997, -250.14372394857747, 15384.2342051351, 5391790.358462368, -4.631540783925674e-05, 0.002848123176566074, 0.9980471649266308]
[421.76405444074663, -25773.239499737207, -8841014.254955294, -255.85625929929543, 15700.863007441785, 5386520.397771045, -4.7372657851233875e-05, 0.002906735228328655, 0.9970715284932196]
[372.96129080976016, -25803.55049495751, -8837479.680148967, -226.12093850564412, 15719.328427755976, 5384367.178366591, -4.186844762426521e-05, 0.0029101536962346367, 0.9966728980766156]
[370.42776584437524, -25740.400324412112, -8839579.477774866, -224.576486622041, 15680.853284623645, 5385646.5997667555, -4.158280656932029e-05, 0.002903031374916205, 0.996909758774965]
[478.2605354146108, -25280.382109228147, -8843851.97752269, -290.2787594559994, 15400.584066272844, 5388249.997332878, -5.374490470479973e-05, 0.002851149713764595, 0.997391727844404]
[359.97052761480046, -25721.181650921124, -8832103.809701776, -218.20645156175385, 15669.14203861444, 5381092.64432336, -4.040341383206405e-05, 0.0029008638629588112, 0.9960666738473772]
[364.9985005946754, -25486.340711385074, -8832203.541755866, -221.27196098140863, 15526.061053560592, 5381153.887549412, -4.0970805323044466e-05, 0.00287437789257679, 0.9960780090222358]
[343.8594456101388, -25782.836765698426, -8830138.10295673, -208.38925195320226, 15706.706682930533, 5379895.18258475, -3.8586282489664974e-05, 0.00290781751793822, 0.9958449848907481]
[397.6963423348461, -25758.430939050588, -8830162.640989956, -241.19102114193996, 15691.839307898055, 5379910.186985201, -4.46581367742183e-05, 0.00290506508991013, 0.9958477623531468]
[416.3620493448887, -25743.195701059594, -8829523.836785665, -252.56357136632744, 15682.55721963376, 5379521.186140799, -4.67633414671805e-05, 0.0029033467819543743, 0.9957757448361892]
[407.43075052752766, -25678.36226489689, -8826366.65868044, -247.1229430084287, 15643.055634467197, 5377598.003861789, -4.575613542351701e-05, 0.002896034717877682, 0.995419700927541]
[360.87738060088134, -25908.577468341322, -8822255.588766892, -218.75748804705228, 15783.314876084645, 5375093.413038608, -4.050554399778882e-05, 0.0029219988215505627, 0.9949560213843972]
[387.67184397015154, -25765.54554234723, -8820490.560491322, -235.08464759762003, 15696.171148777848, 5374018.410798845, -4.3527662950643294e-05, 0.002905867569302414, 0.9947570023833024]
[220.94968777633974, -25640.413125582745, -8818190.198527532, -133.50415346403273, 15619.927082192818, 5372617.303636394, -2.4724351964431506e-05, 0.0028917543558513647, 0.9944976107520288]
[397.2674386592395, -26075.295812680444, -8818976.39721249, -240.92824138104382, 15884.893056403376, 5373095.677500281, -4.460949365777518e-05, 0.002940801744146434, 0.9945861766045746]
[400.5831611326571, -25827.873343880572, -8820571.347497147, -242.94922295130098, 15734.146281518395, 5374067.59805922, -4.4983659204302174e-05, 0.0029128968546710096, 0.9947661086959007]
[408.48694482313374, -25871.238556085176, -8819719.270183405, -247.76474139210046, 15760.568573329663, 5373548.530388842, -4.587503857066578e-05, 0.0029177876840065856, 0.9946700124709563]
[388.4690818573766, -25697.77877876821, -8820033.818416419, -235.56958065284996, 15654.885003482932, 5373740.448254396, -4.361759161327741e-05, 0.0028982244712960417, 0.9947055408709322]
[390.2304526908636, -25534.941206062387, -8820527.005551768, -236.64427092187557, 15555.67495314144, 5374041.1341034295, -4.381645201131325e-05, 0.0028798593445595673, 0.9947612060750874]
[369.5832947438919, -25803.638073769547, -8818279.38231168, -224.06258261338724, 15719.382639954238, 5372671.568204104, -4.1487498636326597e-05, 0.0029101635429615567, 0.9945076572653178]
[471.8072216472556, -25519.63600855117, -8822686.233871114, -286.3465466616561, 15546.353200624482, 5375356.556164927, -5.301685286984535e-05, 0.002878133242215465, 0.9950047328794103]
[385.1955776361402, -25344.671178478355, -8822264.185113735, -233.57619088721714, 15439.751790422722, 5375099.5084628, -4.324858621216835e-05, 0.0028584002455334188, 0.9949571446975414]
[429.98830873637263, -25928.717176872935, -8816940.44277774, -260.86506609645744, 15795.58851654013, 5371855.845865975, -4.8300004927080196e-05, 0.002924270139154265, 0.9943566410703478]
[438.97798458327253, -25881.375708783715, -8817166.342535025, -266.3424648787871, 15766.7454689088, 5371993.504894823, -4.9313938811788157e-05, 0.0029189309266311474, 0.9943821259383282]
[399.8841917202049, -25847.025189193337, -8815034.353727095, -242.5242701657592, 15745.815878281104, 5370694.753499784, -4.4904875149531906e-05, 0.002915056773227999, 0.9941416849527995]
[394.1245248755872, -25871.15926697024, -8815397.063225515, -239.0146995157155, 15760.519629176466, 5370915.6669685785, -4.425523651603256e-05, 0.002917778625887134, 0.9941825834347003]
[433.28572169187083, -25901.98891394801, -8815300.533335252, -262.87461354975517, 15779.303583570734, 5370856.822817577, -4.867191545299436e-05, 0.002921255668192487, 0.9941716897186432]
[349.23233146273344, -25966.982045979617, -8811563.814278707, -211.66324471846386, 15818.898652004982, 5368580.362094576, -3.919210914074554e-05, 0.0029285856885790038, 0.9937502439404172]
[411.98106335159525, -25907.43972722486, -8814555.907755198, -249.894779283721, 15782.623844705824, 5370403.16062166, -4.626914365163898e-05, 0.002921870418948071, 0.9940877024747422]
[430.98317682838126, -25841.393177175327, -8814087.94925304, -261.4734758550947, 15742.383384353427, 5370118.179994002, -4.841238364893633e-05, 0.0029144215366092127, 0.9940349427985558]
[411.35162795095323, -25662.879262377646, -8818441.480726562, -249.51232750088812, 15633.622536507391, 5372770.466563076, -4.619838258089678e-05, 0.0028942883978065083, 0.9945259656448422]
[458.693852239798, -25553.13602696752, -8819145.93575146, -278.35788217283584, 15566.7615995489, 5373199.65652233, -5.153789813591681e-05, 0.0028819115776658666, 0.994605422292758]
[424.73991274476464, -25712.747226169275, -8818237.55976467, -257.66991793818806, 15664.00639068807, 5372646.085903578, -4.770833280760301e-05, 0.002899912656787487, 0.9945029396960298]
[380.1774599153721, -25871.69056652849, -8816473.785440031, -230.51754507962679, 15760.841673229024, 5371571.330993543, -4.268223729526586e-05, 0.002917838451570126, 0.9943039695799035]
[477.66796493530694, -25756.921371851586, -8818532.432500692, -289.9177160308207, 15690.9193238976, 5372825.490435747, -5.36776668905806e-05, 0.002904894894302351, 0.9945361546344682]
[353.7556229222083, -25683.783043744643, -8818401.726297794, -214.42116877154334, 15646.356400744167, 5372745.952470175, -3.970255620539649e-05, 0.002896645879411792, 0.9945214290702652]
[447.08489628574125, -26182.758378650677, -8816371.009278687, -271.28265859428313, 15950.36729707985, 5371508.178012233, -5.022797672223575e-05, 0.002952921484340904, 0.9942922811793027]
[357.87026053763094, -25875.306707921925, -8818137.57296788, -216.92730893404953, 15763.045049682072, 5372584.601484745, -4.016634120527147e-05, 0.002918246284054502, 0.9944915603841226]
[353.1263042488827, -25876.971900879947, -8819272.65085969, -214.03687047939346, 15764.058999206945, 5373276.0500737475, -3.9631348474102676e-05, 0.002918434076419417, 0.9946195699986271]
[325.7096001381521, -25719.04069861667, -8820001.36095882, -197.33375689812414, 15667.837118378153, 5373719.980674004, -3.653934934801947e-05, 0.002900622369375329, 0.9947017558263076]
[360.32047865431946, -25780.753809810387, -8822146.380935505, -218.42122721427532, 15705.438066079245, 5375026.603580353, -4.044281510924273e-05, 0.002907582489486981, 0.9949436544837609]
[318.2927967939587, -25818.350695859906, -8820543.922726737, -192.81532527536166, 15728.341698197335, 5374050.391915808, -3.570286912974093e-05, 0.0029118226402005624, 0.9947629262762032]
[355.58558174768405, -25816.229001652788, -8822513.141169513, -215.53710591472193, 15727.049050028736, 5375250.063727264, -3.9908908901695536e-05, 0.002911583236710567, 0.9949850239643442]
[506.5135636575097, -25504.50738209766, -8835326.264239594, -307.49443188933026, 15537.136952507375, 5383055.963828844, -5.693119893854401e-05, 0.002876426788434481, 0.9964301462247285]
[356.8360030701554, -25882.758796677328, -8826959.037238838, -216.29752675479259, 15767.584348647797, 5377958.048772506, -4.004971740578619e-05, 0.002919086583276209, 0.9954863618064367]
