[-11643.768351515107, -58222.627449481864, -10343838.544552116, 6301.061320357398, 31511.20764200087, 5598331.543573655, 0.0011226432877035372, 0.005613758827395437, 0.9973627806627552]
[-11004.983377192419, -59588.817768744724, -10311297.33914279, 5955.342490030723, 32250.605320610186, 5580718.285203159, 0.0010610517167214959, 0.005745486657846037, 0.9942251359122923]
[-10284.831404869099, -61083.54347459516, -10287708.382040098, 5565.58248465608, 33059.57549562364, 5567950.340548104, 0.0009916147694287874, 0.005889607854548924, 0.9919506647648989]
[-11800.596325661983, -57181.56862193695, -10284604.847140625, 6385.937629645854, 30947.769568464595, 5566268.9995301, 0.0011377649110230852, 0.005513379948621965, 0.9916513515911815]
[-11803.449658857451, -57172.58893277282, -10274383.18334713, 6387.48141485909, 30942.908307865917, 5560735.892385471, 0.0011380401402985244, 0.005512514004191731, 0.9906657482641036]
[-11777.028300250904, -57570.02386765887, -10261068.53197322, 6373.180284178937, 31158.00597270459, 5553529.101599125, 0.0011354925408107465, 0.005550834533675776, 0.9893819361874986]
[-11805.519745974827, -57182.76985962555, -10270801.462383326, 6388.600526181338, 30948.41649592408, 5558796.236277747, 0.0011382397744682344, 0.005513495585198672, 0.9903203508675628]
[-11613.580944388734, -57548.262280752315, -10280738.266233902, 6284.7195390841125, 31146.227089089356, 5564174.09890682, 0.0011197331651968815, 0.005548736209825827, 0.9912784401862532]
[-11527.077896576804, -57496.82612306261, -10307007.549477091, 6237.90276162097, 31118.387919030596, 5578391.622853126, 0.0011113926475467965, 0.005543776744672534, 0.9938112974616841]
[-11670.081785868515, -56624.06183258585, -10341158.119788969, 6315.3013080289975, 30646.029791230092, 5596874.873062917, 0.0011251812698855061, 0.005459624842726878, 0.9971040691870978]
[-11233.004635640955, -57512.36092283524, -10368285.94387821, 6078.746196851986, 31126.79241534329, 5611557.689683107, 0.0010830383564144701, 0.005545274443556099, 0.9997197344124762]
[-11255.333567582327, -57545.29327609577, -10401811.487304334, 6090.82958174625, 31144.615403851647, 5629703.380085187, 0.001085191346715449, 0.005548449683492556, 1.0029522739428953]
[-11382.155095165213, -57251.70583545586, -10441783.058412526, 6159.466429774643, 30985.720529082482, 5651337.93935676, 0.001097419467544521, 0.005520141964683119, 1.0068063388666562]
[-11141.275702246709, -57466.50038935032, -10480318.277967438, 6029.09920401662, 31101.970266013304, 5672195.038866366, 0.0010741940405324985, 0.005540852377145266, 1.01052190892274]
[-11075.740238376553, -57520.167514057786, -10512015.58265037, 5993.629711941569, 31131.01460794676, 5689351.644470964, 0.0010678751469487728, 0.005546026893708853, 1.0135781894561968]
[-11101.927261463476, -57522.45066170084, -10537631.378796812, 6007.802532821502, 31132.249038648035, 5703216.701258725, 0.0010704001629352445, 0.005546246964544043, 1.016048092689294]
[-10907.73662155847, -57939.665578174, -10566897.646230042, 5902.702423749881, 31358.05247700309, 5719057.37433012, 0.0010516763961099286, 0.005586474713423447, 1.0188699661010987]
[-10860.170961548823, -57441.59855131206, -10614926.477678929, 5876.96062155162, 31088.48802623892, 5745052.410069402, 0.001047090252411593, 0.005538451155404586, 1.023500890625918]
[-10741.726714482957, -57744.97208653006, -10661610.730349928, 5812.855082548737, 31252.678847471954, 5770319.935264574, 0.0010356698871379494, 0.005567702308526178, 1.0280021814735436]
[-10722.393806792737, -58073.067530781474, -10698463.944770373, 5802.391239894183, 31430.248797217893, 5790266.915376921, 0.0010338058633003826, 0.005599337061926351, 1.0315555841713249]
[-10801.041615189675, -57384.07961752324, -10743122.658332167, 5844.957310927666, 31057.356046490342, 5814438.395567095, 0.0010413891327344285, 0.005532905017527416, 1.0358615845877759]
[-10858.518699343182, -57307.94132199568, -10779669.701483045, 5876.064353284638, 31016.14800742538, 5834219.869182916, 0.001046931146352654, 0.005525563668575991, 1.0393854755530858]
[-10871.531367375272, -57323.06975109721, -10805970.674256053, 5883.108073504158, 31024.334142641503, 5848455.8366183685, 0.0010481859973950625, 0.00552702216318924, 1.0419214462999484]
[-10753.361919142204, -57449.838887109654, -10819566.745617202, 5819.152143861289, 31092.943669037883, 5855815.6393628605, 0.0010367920336828962, 0.005539245324626111, 1.043232424068552]
[-10680.070287753897, -57720.17357691628, -10823130.47310802, 5779.484106844521, 31239.253234402804, 5857745.712482614, 0.0010297252324674472, 0.005565310933166649, 1.0435760935305374]
[-10417.942051047665, -57668.51583919899, -10831455.123966364, 5637.6171130653565, 31211.294542348147, 5862251.982436402, 0.001004451013765682, 0.005560330121375362, 1.0443787829271438]
[-10488.025465127612, -58037.88755969468, -10811261.159066178, 5675.54533504219, 31411.205460476835, 5851323.499235085, 0.0010112083909808419, 0.005595944813660676, 1.042431743895515]
[-10641.543645354925, -57540.9420398289, -10792927.927579809, 5758.633113545109, 31142.248262800153, 5841401.593698504, 0.0010260106965337859, 0.005548029314575013, 1.0406640927462112]
[-10637.457850099718, -57693.646037960934, -10759872.315847281, 5756.421413008863, 31224.89354371107, 5823511.504895854, 0.0010256167113200064, 0.005562753005835622, 1.0374769202734484]
[-10437.327742724301, -57561.49041160701, -10736276.214621816, 5648.1083755322325, 31153.36881466413, 5810740.592484209, 0.0010063203128017283, 0.00555001058871684, 1.0352018006328056]
[-10439.438148737912, -58088.68687609043, -10692444.237315163, 5649.248792085104, 31438.696934384774, 5787017.597999992, 0.0010065237521606472, 0.005600842716825948, 1.0309755598379189]
[-10505.419743876271, -57281.25246697747, -10663365.951138213, 5684.961685790322, 31001.698165466827, 5771278.995714144, 0.0010128858470379132, 0.0055229900509215415, 1.028171826245394]
[-10199.666741708737, -57961.345474921516, -10628604.052539261, 5519.481828587589, 31369.776783006037, 5752464.366933778, 0.0009834051048288055, 0.00558856455412998, 1.024820087807395]
[-10245.03507101831, -57519.30008104612, -10604094.561542675, 5544.0367255666, 31130.533868128394, 5739198.171462546, 0.0009877796148657933, 0.005545942581105599, 1.022456858055904]
[-10246.969747548628, -57764.208663893114, -10573216.393714549, 5545.0831357572215, 31263.082280858456, 5722485.203016259, 0.0009879661151095875, 0.00556955655419372, 1.0194795714067957]
[-10227.60852167834, -57632.77995143205, -10552947.079655489, 5534.604906988619, 31191.951623946014, 5711513.65759915, 0.0009860993435630747, 0.005556884273548, 1.0175251648965624]
[-9867.39258014534, -58531.50891592221, -10536157.01190228, 5339.650220511423, 31678.356706155224, 5702425.404747799, 0.0009513673734055165, 0.00564353947155578, 1.0159062348041383]
[-10174.989865190024, -57411.06073299834, -10540689.84270788, 5506.1274943503595, 31071.953116494573, 5704877.265714676, 0.0009810258761247972, 0.005535506296736379, 1.0163432224793787]
[-10318.142777056022, -57620.293380998955, -10526767.541533746, 5583.60289837211, 31185.193138903735, 5697341.343513308, 0.0009948286153093257, 0.0055556803125239775, 1.0150008098670582]
[-9931.115785955957, -57928.28187019663, -10529453.048623947, 5374.138030474889, 31351.882445464802, 5698793.683746156, 0.0009575115559828215, 0.0055853765653351255, 1.0152596936025375]
[-10278.78505607839, -57825.45240324291, -10528348.543193378, 5562.301811918356, 31296.229347411834, 5698195.126176027, 0.0009910337114566363, 0.005575461721568472, 1.0151531635667534]
[-10255.214890684258, -57684.28804497826, -10538391.229753867, 5549.54562001646, 31219.828552966428, 5703629.666679017, 0.0009887610899355747, 0.0055618506769557815, 1.0161214337947884]
[-10305.96982482867, -57738.40371355019, -10554243.49237691, 5577.015556581089, 31249.117024028517, 5712208.536696309, 0.0009936548347011256, 0.005567068586316984, 1.0176498599277175]
[-10251.909096299993, -57996.35900804322, -10570907.025092322, 5547.75616807416, 31388.726801941975, 5721226.825800792, 0.0009884422744966953, 0.005591940522412736, 1.0192565232168413]
[-10291.400301730006, -58120.75063151748, -10586287.941954162, 5569.129382640677, 31456.050819519493, 5729550.969732716, 0.000992249952751456, 0.005603934444115562, 1.0207395195853992]
[-10440.74281146411, -57749.265940252, -10606176.337468935, 5649.955966294991, 31254.997506835025, 5740314.880052069, 0.001006649533323785, 0.0055681158764478685, 1.022657132196712]
[-10415.446836583003, -57984.41026244643, -10621263.388430782, 5636.265636558626, 31382.261682673205, 5748480.304870538, 0.0010042104577928463, 0.005590788473591924, 1.0241118090231014]
[-10404.971010654037, -57904.039448321724, -10648782.044656808, 5630.595722352043, 31338.76479124437, 5763374.111043753, 0.0010032003273461824, 0.0055830392801547385, 1.0267651337576598]
[-10455.422858591392, -57681.10988070216, -10657469.834936827, 5657.902112338158, 31218.111284429717, 5768076.4022480855, 0.0010080648658061329, 0.005561544453998828, 1.027602813440584]
[-10530.489825486886, -57739.978985028414, -10660376.262116952, 5698.529008796368, 31249.97342122795, 5769649.910486691, 0.0010153027586921478, 0.005567220577419298, 1.027883069917213]
[-10601.212229301454, -57599.064402998, -10655071.529265396, 5736.805712600024, 31173.707888018107, 5766779.411219504, 0.0010221217489046442, 0.005553633699877011, 1.0273716173033047]
[-10402.553244933131, -57763.61915079581, -10643978.202639882, 5629.2890191991655, 31262.76844979593, 5760775.986941618, 0.0010029670934384688, 0.005569500116752108, 1.02630203404812]
[-10669.068408655408, -57433.89596120368, -10628262.364459436, 5773.531661877405, 31084.31776946297, 5752270.773071453, 0.001028664432342389, 0.005537708258123553, 1.0247867537500992]
[-10711.756911741795, -57634.98972578763, -10611137.393030062, 5796.634994533692, 31193.154060240344, 5743003.0074168, 0.0010327803328464833, 0.005557097764232298, 1.0231356108805922]
[-11050.405386379876, -58085.321205445456, -10588534.585706461, 5979.914453789184, 31436.88180196585, 5730770.711813047, 0.0010654326137858048, 0.0056005184245413835, 1.0209563095671323]
[-10979.575368664367, -57913.00315466196, -10593799.224536588, 5941.581590164293, 31343.62014044242, 5733620.308564707, 0.0010586031764260716, 0.005583903688568837, 1.02146393213578]
[-11025.067388287385, -57859.410750047056, -10594945.351848451, 5966.202800260129, 31314.61662667764, 5734240.718001607, 0.0010629894532104092, 0.005578736373709995, 1.021574445026232]
[-11043.177160025058, -58023.47831316887, -10602845.047982227, 5976.004081115106, 31403.413759811745, 5738516.028747973, 0.0010647354705932233, 0.005594555846486196, 1.0223361174546985]
[-10900.433054335284, -57672.58403075863, -10623990.898808407, 5898.7520323463195, 31213.502723793546, 5749960.166288775, 0.0010509721797547637, 0.0055607227926659526, 1.0243749575472656]
[-10915.773675945671, -57584.77503838537, -10635623.71467967, 5907.054020522095, 31165.98075688621, 5756256.0534193395, 0.0010524512923793046, 0.005552256310687007, 1.0254965793058755]
[-11094.47393440947, -57647.53001539829, -10635136.487718033, 6003.768978393336, 31199.946003607336, 5755992.518976802, 0.001069681397989725, 0.005558307211463968, 1.0254496087293383]
[-11604.656225474102, -58184.20920709576, -10616525.32253229, 6279.882901961614, 31490.409623430045, 5745920.396534616, 0.001118872880401843, 0.005610053429267637, 1.02365516878958]
[-11273.234024551515, -57926.298106211805, -10626092.113287503, 6100.51620858053, 31350.822148411695, 5751098.039229923, 0.0010869172224771378, 0.00558518595904534, 1.0245775835958]
[-11502.25391147534, -57216.87597186623, -10628446.828916544, 6224.4676750806, 30966.870033305535, 5752372.608198052, 0.0011089992684771499, 0.0055167837730645715, 1.024804629325405]
[-11603.25761131215, -57170.80551439361, -10615968.594400305, 6279.130807541152, 30941.940341032117, 5745619.498988507, 0.0011187379071053265, 0.005512341779430297, 1.0236015083124914]
[-11446.671357668762, -57868.8093764473, -10595453.40451162, 6194.384982178699, 31319.709714909623, 5734516.650064647, 0.0011036398559208169, 0.005579643093357643, 1.0216234741399783]
[-11593.526266218842, -57781.31010466556, -10576329.379185706, 6273.864578660579, 31272.355934034906, 5724166.677468318, 0.0011177994709272877, 0.005571206546211181, 1.0197795722425336]
[-11642.129749402166, -58228.46163530684, -10547862.647661783, 6300.168464906403, 31514.3631753925, 5708760.340446503, 0.0011224856870388376, 0.005614320777374154, 1.01703486148277]
[-11718.170656219623, -58112.44077461781, -10527901.996773072, 6341.323619953245, 31451.571113833583, 5697957.511596308, 0.0011298174853266508, 0.005603134170137145, 1.0151102905058065]
[-11729.363224420895, -57735.867758935405, -10500989.894585261, 6347.382971632329, 31247.764055400537, 5683392.143524515, 0.0011308966716941575, 0.005566825201771764, 1.0125154561552112]
[-11957.339107399424, -57335.70551606976, -10470652.743350849, 6470.767338836027, 31031.190603055795, 5666973.235198126, 0.0011528780069776816, 0.0055282417062255855, 1.0095903898586527]
[-12032.066986496877, -57591.17635065927, -10423189.739108872, 6511.211169430947, 31169.45616105647, 5641285.476083181, 0.0011600831624982567, 0.005552874078627392, 1.0050140684062179]
[-12151.276792642066, -57583.566795266124, -10389798.418757994, 6575.727954458258, 31165.339901795647, 5623213.4746816885, 0.0011715772147401781, 0.005552140507941892, 1.001794517399486]
[-11827.697407019794, -57688.8036148701, -10361943.062550742, 6400.604250038193, 31222.295837852947, 5608137.196578889, 0.0011403778531568506, 0.0055622874702431786, 0.9991087175223341]
[-11983.245137700644, -57790.20746876094, -10325490.930148792, 6484.788068305407, 31277.17836267724, 5588408.512929296, 0.0011553755928312638, 0.005572064920929085, 0.9955940415756865]
[-12198.04340649886, -57738.23174112277, -10290327.720591627, 6601.040111877244, 31249.049132542412, 5569377.265362784, 0.0011760862670649134, 0.005567053473797132, 0.9922036351624248]
[-12044.093781619073, -57652.42382835184, -10281016.093062539, 6517.721404848002, 31202.608259762586, 5564337.098587633, 0.001161242531897201, 0.005558779920335718, 0.9913057949229639]
[-12324.506870036654, -57612.347354209545, -10269081.075537821, 6669.48462740467, 31180.91899164455, 5557877.2396295555, 0.0011882798516846477, 0.005554915676798511, 0.9901550166336478]
[-12123.080305303756, -58170.5858178704, -10266946.192385359, 6560.470190090171, 31483.045172062455, 5556721.19331399, 0.0011688583520413393, 0.005608740833341598, 0.9899491464791772]
[-12369.046691315285, -57374.057139017656, -10280153.27435075, 6693.591239093952, 31051.95289337193, 5563868.260614446, 0.001192574334665445, 0.005531939854641201, 0.9912225193056553]
[-12390.827209911055, -57484.02319714305, -10292916.25039787, 6705.3792893970685, 31111.469192205845, 5570775.011115781, 0.001194674307729288, 0.005542542837079577, 0.9924530738376842]
[-12447.205469316275, -57697.99919663068, -10313180.726237144, 6735.891716406609, 31227.277899065364, 5581741.687795322, 0.001200110219244924, 0.0055631744240617394, 0.9944069128697977]
[-12638.21266819548, -57731.84686568331, -10335975.371217266, 6839.2675358789875, 31245.59650276603, 5594077.912096314, 0.0012185270094743103, 0.0055664379222073465, 0.9966047155442116]
[-12606.226829825468, -57890.00683719086, -10370316.873553915, 6821.956579086402, 31331.196575953312, 5612663.397483959, 0.0012154429138543895, 0.005581687746200996, 0.9999158473065922]
[-12725.559710446683, -57659.26116077768, -10404333.8307703, 6886.541650801585, 31206.313772341706, 5631073.406317636, 0.0012269488931410206, 0.005559439379246246, 1.0031956945945493]
[-12685.803590128193, -57839.70591094093, -10435557.453605166, 6865.025402961471, 31303.974481555942, 5647971.690721806, 0.0012231155833005592, 0.005576837844112948, 1.006206215522044]
[-12836.65473741855, -57589.530776113366, -10464427.860975899, 6946.6689140959315, 31168.576554078492, 5663596.515174044, 0.0012376605900354153, 0.0055527160329891185, 1.0089898486970041]
[-13446.316038016239, -56646.351401501255, -10485816.171528615, 7276.62456172579, 30658.119566116646, 5675172.085781543, 0.0012964438484038272, 0.005461775050071057, 1.0110520758611234]
[-12884.92624816132, -57748.0904449269, -10500842.628256373, 6972.794625755594, 31254.39284998, 5683304.735583645, 0.0012423147908744538, 0.005568004413648605, 1.0125009111485868]
[-13003.582073877711, -57774.72643450412, -10503485.086730918, 7037.012868174906, 31268.810264539265, 5684735.061099244, 0.00125375542435688, 0.005570572759409443, 1.0127557018101534]
[-12943.917170568846, -57240.725140562194, -10515922.743674558, 7004.723852171614, 30979.799545468944, 5691466.67547747, 0.0012480026067714417, 0.005519084596034085, 1.0139549313175866]
[-13106.44129566903, -57492.679507612746, -10501334.594087496, 7092.68377695068, 31116.162588586816, 5683571.879687929, 0.0012636730204875612, 0.005543378003743619, 1.0125483855332922]
[-13054.118713168451, -57054.21393770997, -10496858.502717413, 7064.367419075134, 30878.858681023677, 5681149.768609067, 0.001258628131692037, 0.005501101323523652, 1.0121168255894422]
[-13161.718744215581, -57466.851406985195, -10470787.017728483, 7122.601593332861, 31102.1854853216, 5667040.1914357655, 0.0012690027817264466, 0.005540887713880099, 1.0096030799353968]
[-13093.377797883291, -57290.79469705964, -10450998.390058953, 7085.615556852442, 31006.901979332622, 5656330.819466376, 0.0012624133225860705, 0.005523912548368611, 1.0076951111497612]
[-13410.187209848165, -57767.51729842296, -10411987.44190621, 7257.075345896378, 31264.914143296104, 5635218.364116519, 0.0012929598031544217, 0.005569878066841409, 1.0039337669317572]
[-13322.226840016148, -57123.832055915045, -10392416.842148887, 7209.472997025352, 30916.54075450368, 5624626.831458338, 0.0012844787644542119, 0.005507814179672028, 1.0020468128908047]
[-13589.022742399511, -57889.60025329, -10347515.799167087, 7353.864143996857, 31330.98980080597, 5600326.446160663, 0.0013102029050535897, 0.005581649419168649, 0.9977175482495456]
[-13565.426590002777, -57602.5212920019, -10325397.985976461, 7341.094626321961, 31175.61747157464, 5588356.405466683, 0.0013079277633904955, 0.005553969359012435, 0.9955849990358926]
[-13505.072309250087, -57058.05968890719, -10310569.821783813, 7308.431817020401, 30880.946714861424, 5580331.303612654, 0.0013021085182644376, 0.005501472525992522, 0.9941552931243715]
[-13667.628811304377, -57358.716159985896, -10275025.546978805, 7396.409667412245, 31043.667635233505, 5561094.477087547, 0.0013177820171650055, 0.005530461855202061, 0.9907281745041225]
[-13770.268338878395, -57216.87048267928, -10254959.041064342, 7451.959691574126, 30966.89913140473, 5550234.363754906, 0.001327678455647105, 0.005516785114843656, 0.988793397391806]
[-13677.807493264336, -57518.50264954037, -10242566.411002938, 7401.91871210175, 31130.148356376747, 5543527.322199067, 0.0013187633406387192, 0.005545868558275988, 0.9875985184520627]
[-13796.145114173212, -57071.66384003411, -10236860.05996946, 7465.9660668443985, 30888.311898085572, 5540438.847774117, 0.0013301734418261553, 0.005502784482136099, 0.9870483148325795]
[-14013.858977488577, -57295.219802163636, -10220938.762931855, 7583.794925884585, 31009.30506563347, 5531822.098329296, 0.0013511652312436324, 0.0055243396635395355, 0.9855132092952358]
[-13727.043322891866, -57353.50045629262, -10240183.951679813, 7428.566862926253, 31040.847690292903, 5542237.704403833, 0.0013235105570295893, 0.005529959212524809, 0.9873687962087416]
[-13934.571080620397, -57164.60085801694, -10246377.90073054, 7540.88424426548, 30938.612297724467, 5545589.857034173, 0.0013435203281056721, 0.005511745461806931, 0.9879660036208375]
[-14011.10482497771, -57137.706224827045, -10255228.362122042, 7582.305902520153, 30924.057894034224, 5550379.571560928, 0.001350899624733469, 0.005509152408357809, 0.9888193401543849]
[-13994.633824207816, -57265.631717711985, -10266329.97111874, 7573.3915306769095, 30993.293936508653, 5556387.688277024, 0.0013493114677704428, 0.005521486958623553, 0.989889731404021]
[-14014.7300743998, -57454.40957374149, -10271195.151227804, 7584.267339137854, 31095.464058800295, 5559020.573725191, 0.0013512490878929324, 0.005539688848412873, 0.9903588154481655]
[-14136.665820245407, -57253.23357582025, -10279742.63907508, 7650.260810594897, 30986.584985373265, 5563646.321398972, 0.001363006085231685, 0.005520291532861311, 0.9911829399974305]
[-14031.070351101655, -57646.49026146049, -10279401.523831137, 7593.111550942282, 31199.421113137276, 5563461.403108774, 0.001352824538041657, 0.005558209256294048, 0.99115003659424]
[-14339.281899999216, -57338.96559832976, -10274556.292991174, 7759.920035944721, 31032.98513552639, 5560838.824735429, 0.0013825421585180909, 0.005528557842764391, 0.9906828540520569]
[-13929.820820817768, -56970.920415086075, -10291564.915561933, 7538.315600102842, 30833.792817187204, 5570043.691703115, 0.001343062148615991, 0.005493071182753519, 0.9923227819117881]
[-14245.450732959962, -57165.73129552859, -10269305.715337737, 7709.13836576525, 30939.227774796997, 5557996.612097987, 0.0013734950114358494, 0.00551185471282412, 0.9901765771004596]
[-14067.380252527168, -57389.095358455794, -10257785.079150777, 7612.7639679237955, 31060.11689228245, 5551761.338887293, 0.0013563254929670773, 0.005533391469424325, 0.9890657670933539]
[-14177.259841206058, -56988.574555895786, -10241127.775460836, 7672.232556045468, 30843.348217617273, 5542746.174563499, 0.0013669200291685807, 0.005494773361761661, 0.9874596933379083]
[-14277.91081089122, -57311.000705654566, -10216724.02064436, 7726.705944279305, 31017.850779122535, 5529538.72607267, 0.001376624734791613, 0.0055258616344474095, 0.9851067267821643]
[-14118.3144972441, -57528.190285514116, -10192333.806104206, 7640.329819332937, 31135.397743248817, 5516338.617213818, 0.0013612365098396684, 0.005546802957552971, 0.9827550662744612]
[-13710.246322883448, -56834.250815242216, -10196583.274868043, 7419.481754934191, 30759.822631919502, 5518638.400772225, 0.0013218908773371051, 0.005479893673710257, 0.9831647901164122]
[-14339.16072323097, -56695.21182386892, -10152016.731635796, 7759.855660677878, 30684.577451649926, 5494518.73810228, 0.0013825304683295963, 0.00546648747581268, 0.9788677634103397]
[-14359.488902615261, -56947.88438818057, -10132928.148708759, 7770.858117045144, 30821.32540778838, 5484187.943312503, 0.0013844905041344952, 0.005490850015579624, 0.9770272786345099]
[-13984.749745247009, -56688.25613331953, -10136105.65917288, 7568.045923172449, 30680.809299649678, 5485907.525353814, 0.0013483584224625892, 0.0054658167675188055, 0.977333643847361]
[-14082.983489564238, -57719.67639074373, -10102245.434707982, 7621.20748259967, 31239.032610864917, 5467582.275581836, 0.001357829773686586, 0.005565266108011497, 0.974068905509014]
[-14185.221403367434, -57161.172123413075, -10108363.540255168, 7676.541346710239, 30936.76043241954, 5470893.438979976, 0.0013676877131993366, 0.005511415102946699, 0.9746588028148633]
[-14198.9551423639, -57305.139355677245, -10106877.502017036, 7683.973947201104, 31014.67743078711, 5470089.152369358, 0.0013690119373398692, 0.0055252962961745734, 0.9745155201115525]
[-14251.248820746441, -57238.43691133405, -10107452.329944693, 7712.275318609777, 30978.57662941087, 5470400.289096639, 0.0013740540905583273, 0.005518864791124119, 0.9745709456403981]
[-14015.980603961594, -57130.16766646417, -10128438.483403347, 7584.945555025464, 30919.98010364814, 5481757.972638411, 0.001351369697243456, 0.005508425643138464, 0.9765943868802959]
[-14170.270827278444, -57294.81574517521, -10130023.007887425, 7668.448647050475, 31009.08965360247, 5482615.4782775855, 0.0013662462784856705, 0.005524300870661214, 0.9767471617595423]
[-13802.862455995495, -57128.928804116455, -10154032.680291245, 7469.604067936661, 30919.306178664345, 5495609.4492894625, 0.0013308209927481805, 0.005508306149496609, 0.9790621227111868]
[-14107.048438109516, -57238.07886668759, -10147810.366350045, 7634.231007193812, 30978.381972091192, 5492241.745713424, 0.001360150405654127, 0.005518830250399854, 0.9784621714445414]
[-13986.508937796905, -57301.86632804676, -10164073.089759525, 7568.993526054381, 31012.9040054314, 5501043.001319627, 0.0013485280923452947, 0.0055249806108150544, 0.980030184331691]
[-13905.611430637146, -57120.64027936243, -10179425.143246245, 7525.210765780874, 30914.82063529865, 5509351.418790961, 0.0013407280393571853, 0.005507506843396918, 0.9815103930131699]
[-13782.32660915892, -57783.90352772597, -10184894.335079856, 7458.4857194661745, 31273.79016887617, 5512311.129473506, 0.0013288409041655501, 0.0055714585251294005, 0.9820377116821559]
[-13168.22809261422, -60809.86761769709, -10167367.955920493, 7126.1234611647105, 32911.48796756767, 5502825.630680908, 0.001269629644665439, 0.005863220738187817, 0.9803478438482306]
[-13692.636523114012, -57447.240969341256, -10208378.41828445, 7409.944493705753, 31091.58082235424, 5525020.465808995, 0.0013201931753906628, 0.005538997409111431, 0.9843019880532886]
[-13684.628978588307, -57143.86443993352, -10221227.717978684, 7405.611098958034, 30927.386487072148, 5531974.5118617285, 0.0013194211393536873, 0.005509745926847367, 0.9855408916387264]
[-13709.629106208968, -57114.88419794088, -10223334.677465247, 7419.141132426559, 30911.702642393953, 5533114.666033451, 0.0013218316978644428, 0.005506951658356842, 0.9857440344523591]
[-13647.189842104526, -56973.62829371028, -10229285.703873226, 7385.348468371143, 30835.251147839357, 5536335.41837126, 0.0013158113981949773, 0.005493331787225934, 0.9863178228733656]
[-13533.418111468558, -57076.01125760619, -10228046.72905646, 7323.772643509954, 30890.66224258692, 5535664.927834459, 0.0013048416066261106, 0.005503203413770202, 0.9861983653532254]
[-13346.192621848568, -56935.215258427146, -10237041.64257634, 7222.443899786314, 30814.45906949488, 5540533.132054962, 0.0012867894518912356, 0.005489627870859012, 0.9870656436781101]
[-13520.026167095337, -57227.471444356146, -10226334.325785855, 7316.52360950462, 30972.632397402842, 5534738.3597462345, 0.001303550430920751, 0.005517806966291686, 0.9860332671931975]
[-13574.49831532707, -56944.53727847551, -10239327.360217676, 7346.005320742019, 30819.502368724265, 5541770.459918245, 0.001308802735849949, 0.005490526523877522, 0.9872860412769069]
[-13262.81142474634, -57222.29687410541, -10258917.456275642, 7177.315020722516, 30969.830487523155, 5552373.0125090135, 0.0012787499933348172, 0.005517308029678645, 0.9891748961380529]
[-13195.275552533685, -57303.41352851829, -10287082.551942704, 7140.763036008366, 31013.730836203093, 5567616.646660912, 0.0012722382683060189, 0.005525129203649539, 0.9918905481255034]
[-13025.636474816194, -57436.97956471043, -10321346.912879795, 7048.951520221652, 31086.017885674173, 5586161.282924802, 0.001255881765339334, 0.005538007556653644, 0.995194282451501]
[-13042.926180768474, -57490.228395118094, -10357914.568159798, 7058.307934553272, 31114.83624861463, 5605952.555797365, 0.0012575488792574974, 0.005543141653280067, 0.9987200999417135]
[-12959.101127914657, -57301.8265763614, -10398871.733185995, 7012.941095641547, 31012.869393064688, 5628119.325007314, 0.001249466609304275, 0.005524975975238065, 1.0026691402672183]
[-12825.005098382173, -57231.31341274622, -10440050.910959985, 6940.36603313291, 30974.705681377673, 5650406.338619478, 0.0012365371680896212, 0.005518177106230313, 1.0066395906990424]
[-12837.38885771784, -56579.83708556321, -10480533.587740695, 6947.069400491975, 30622.11517566473, 5672316.213590405, 0.0012377313125554222, 0.0054553619583184105, 1.010542877290788]
[-12767.633998629306, -57838.90094983137, -10494021.754094899, 6909.314103477988, 31303.54060829959, 5679616.546336493, 0.0012310055307752446, 0.005576760329077925, 1.0118434029782064]
[-12721.113437994503, -57478.809462867066, -10527834.193728061, 6884.136816833481, 31108.6519751417, 5697916.407143275, 0.0012265201395230694, 0.005542040385047816, 1.0151035551905712]
[-12722.725311456863, -57546.6715180548, -10545447.216860948, 6885.008828193602, 31145.37939235005, 5707448.907509194, 0.0012266755789854724, 0.005548583622415276, 1.0168017819902826]
[-12584.709654376422, -57736.14038294988, -10558707.492177421, 6810.311818601215, 31247.922716694455, 5714625.590431751, 0.001213368211288554, 0.00556685208691177, 1.0180803207420512]
[-12407.486137649112, -57754.05851266193, -10564029.274769297, 6714.396079797834, 31257.61896262409, 5717505.713820245, 0.0011962804554955246, 0.005568579720276784, 1.0185934350646126]
[-12833.476069183766, -58253.75816952455, -10536849.676952953, 6944.943903530839, 31528.06456056727, 5702796.024438139, 0.001237354085224455, 0.0056167604753173065, 1.0159728294038703]
[-12332.67261241257, -57614.076066906426, -10550813.852888467, 6673.905292920431, 31181.856008260496, 5710353.089985921, 0.0011890670446985325, 0.005555082563961325, 1.0173192113148155]
[-12429.57115343769, -57652.526260678045, -10525617.95478338, 6726.347581888528, 31202.666058825926, 5696716.477809216, 0.0011984100126465136, 0.005558789809986965, 1.0148898474610912]
[-12369.099048970835, -57788.010986984606, -10498082.734603304, 6693.6184527489095, 31275.99165360693, 5681813.973432213, 0.0011925793448140688, 0.0055718531543878045, 1.0122349376104225]
[-12046.575013594274, -58688.88914692993, -10455428.996021088, 6519.061248308103, 31763.562249381113, 5658729.382042985, 0.0011614815424794305, 0.005658715736769222, 1.008122333420859]
[-12254.858881622367, -57746.627690613415, -10422600.861996507, 6631.789115865602, 31253.593449543365, 5640962.578872922, 0.001181564421936367, 0.005567862961032363, 1.0049571017262255]
[-11612.862533378368, -57783.59533750037, -10406254.444087636, 6284.334419733027, 31273.597868312696, 5632115.895184967, 0.0011196634872368985, 0.005571427465134957, 1.0033810132340133]
[-11909.426159201708, -57761.23323837729, -10362355.329639211, 6444.836720780597, 31261.496033216292, 5608357.872975529, 0.001148258001397959, 0.0055692712032178494, 0.9991483578621844]
[-11959.250934413716, -57778.2521990075, -10337153.488580793, 6471.802140818585, 31270.70587705732, 5594719.056059128, 0.0011530621101429287, 0.00557091210168264, 0.9967184663981348]
[-11656.868841200117, -58883.47230267596, -10312263.660592848, 6308.146910648184, 31868.868713360807, 5581249.122163458, 0.0011239065048687293, 0.005677477087997998, 0.9943186595670964]
[-12012.075160240358, -57723.801168754944, -10306087.732358487, 6500.390081121318, 31241.235931883486, 5577907.3612512555, 0.0011581554764150265, 0.005565661827264069, 0.9937232183553745]
[-11961.15537268282, -57640.59949334485, -10304778.444164833, 6472.832197847136, 31196.204342718327, 5577199.398637886, 0.0011532458607369871, 0.005557639471314444, 0.9935970074594689]
[-12245.376652412655, -56489.050849135776, -10329541.430215163, 6626.658203211746, 30572.9672530117, 5590602.044589363, 0.0011806507344325353, 0.00544660715494846, 0.9959846454328641]
[-11846.95560337911, -57436.361092591, -10340406.221217955, 6411.025750439627, 31085.666398780166, 5596482.7722240295, 0.001142234904215994, 0.005537946853878772, 0.9970322380342445]
[-11809.165186471817, -57505.61562834638, -10365038.105022145, 6390.572677134425, 31123.147646422898, 5609814.32910671, 0.0011385912416244756, 0.005544624296420404, 0.9994072292683274]
[-11665.311724919304, -56732.15630504768, -10404420.891939908, 6312.71878519929, 30704.53864799077, 5631128.887944463, 0.001124721022850462, 0.005470047714131937, 1.0032044642137499]
[-11511.52697736754, -57621.08593539035, -10425272.012849905, 6229.486577811903, 31185.641579058552, 5642414.00703292, 0.0011098931486764052, 0.005555757883173016, 1.0052149090087974]
[-11834.960106840554, -57595.531713185315, -10451845.034832906, 6404.53267915146, 31171.810010806137, 5656795.785913994, 0.001141078464676111, 0.005553293830695687, 1.0077770463907014]
[-11424.19166932376, -57442.20106784707, -10497333.308291143, 6182.219782359574, 31088.823622879005, 5681414.319535646, 0.0011014723779186426, 0.005538509753385796, 1.0121629458227632]
[-11496.028041842615, -57412.67325944455, -10522346.820649758, 6221.098211749015, 31072.842729049622, 5694951.575293521, 0.0011083988230443575, 0.00553566261667396, 1.0145746952769024]
[-12002.943554371115, -57111.09212170349, -10545625.411979968, 6495.447930575412, 30909.62020574559, 5707549.831599848, 0.0011572754608986358, 0.00550658416587186, 1.016819164470762]
[-11579.175481578373, -57899.67803080566, -10561462.943236137, 6266.09652227908, 31336.417199149833, 5716120.551191792, 0.0011164158256755587, 0.005582619456848457, 1.0183461622556478]
[-11106.378288585041, -57667.833553553166, -10591171.162686503, 6010.214058429563, 31210.93884820675, 5732197.809473558, 0.0010708290183210315, 0.005560265158420112, 1.0212105311368933]
[-11462.579009893687, -58571.41594017859, -10559699.861876575, 6202.991122842914, 31699.972551431176, 5715164.472910786, 0.0011051735692973802, 0.005647388194385803, 1.0181760843286591]
[-11400.35328314293, -57978.862351331576, -10552369.50807336, 6169.31563145272, 31379.272126874428, 5711196.0949675795, 0.001099173926123322, 0.0055902543020382115, 1.0174692530902614]
[-11547.024084050205, -58045.92654257936, -10523495.597708443, 6248.694964990705, 31415.56818086912, 5695568.421358122, 0.0011133158538748121, 0.005596720589512272, 1.0146852393806578]
[-11487.581993863503, -57834.2873374343, -10496504.006080009, 6216.524303784134, 31301.026110860017, 5680959.449991896, 0.0011075844891683547, 0.005576314451883065, 1.0120827146290385]
[-11345.98542074188, -57390.47136024789, -10479765.529491594, 6139.891977463238, 31060.824682670882, 5671899.75869407, 0.0010939319214875944, 0.005533521793712744, 1.010468787591882]
[-11251.90965534241, -57836.890289371375, -10451032.014482696, 6088.976148826308, 31302.43278814343, 5656348.581210983, 0.0010848611318372862, 0.005576565435473009, 1.007698333591168]
[-11273.497028308406, -57755.58433191959, -10420440.23894144, 6100.659815679957, 31258.428368101733, 5639791.730000517, 0.0010869426217209746, 0.005568725833519059, 1.004748710644311]
[-11352.03007623581, -57698.0964627855, -10393689.761290867, 6143.162607203092, 31227.315823106786, 5625314.01486914, 0.0010945147334729096, 0.0055631829194152296, 1.0021694679590876]
[-11190.201685398904, -57646.90785361653, -10381905.755072009, 6055.579664967352, 31199.611835909847, 5618936.427932847, 0.0010789113078556907, 0.005558247416844705, 1.0010332743176664]
[-11452.827353109384, -57850.05503954567, -10361848.55807708, 6197.714539108323, 31309.558841415204, 5608081.812003257, 0.0011042335312382325, 0.005577834670218858, 0.9990994153697346]
[-11392.836291702206, -57744.82717636724, -10359697.756486148, 6165.247483736945, 31252.606857471998, 5606918.200455864, 0.0010984492373602476, 0.005567688636139674, 0.9988920575050604]
[-11292.87481523026, -57631.94246941306, -10366824.339559767, 6111.147163124999, 31191.511936485687, 5610775.810898522, 0.0010888110689469392, 0.005556804223185809, 0.9995792197385152]
[-11390.64068393219, -57793.734446815346, -10375907.476263007, 6164.058989315197, 31279.0759273737, 5615692.508482015, 0.0010982375400750144, 0.00557240428990407, 1.0004550378855954]
[-11443.719769463927, -57372.89836643375, -10395751.674818752, 6192.7865044996815, 31051.313767691787, 5626433.106595348, 0.0011033553871691803, 0.005531827462983604, 1.0023684163648492]
[-10804.65303686126, -58661.7465081893, -10425701.294586508, 5846.91500751985, 31748.85634877172, 5642643.0187231125, 0.0010417367947440507, 0.005656097823930704, 1.0052561506871323]
[-11544.260788496838, -57986.623343309795, -10438624.232101973, 6247.198871190933, 31383.472588369874, 5649637.944864946, 0.001113049486500482, 0.005591002503140643, 1.0065022003839506]
[-11255.190416260486, -57839.862431250556, -10480766.831376374, 6090.75196560628, 31304.041504574594, 5672446.570195715, 0.001085177488745404, 0.005576851918326017, 1.0105655512931184]
[-11390.775686809964, -58283.74228566897, -10506331.136635626, 6164.130913237074, 31544.27789296721, 5686282.88035764, 0.0010982504293631716, 0.0056196508007634845, 1.0130304503984926]
[-11371.692323090198, -58185.30949988779, -10540264.996164104, 6153.803808927894, 31491.002716177045, 5704648.513144126, 0.0010964104449108268, 0.00561015983179366, 1.016302312342004]
[-11653.032610560012, -57056.833703660624, -10587435.158945901, 6306.071220783997, 30880.253788319867, 5730177.466065487, 0.0011235372571804848, 0.005501352609328781, 1.0208503842376528]
[-11341.164302872163, -57914.84066082995, -10624795.104611982, 6137.282126884993, 31344.62250341608, 5750396.883718505, 0.001093466950743042, 0.005584081438713175, 1.0244525639104494]
[-11376.899601368134, -57840.44681577556, -10667266.316430422, 6156.622379522946, 31304.36015196437, 5773382.326366928, 0.001096912562079068, 0.00557690836996033, 1.028547552848792]
[-11115.807732539217, -58631.05344591794, -10694405.29227255, 6015.316038280064, 31732.247495105825, 5788069.567124481, 0.0010717380910472152, 0.005653138433210783, 1.031164220997796]
[-11504.574808260459, -57776.66826551813, -10725056.484530184, 6225.722190293, 31269.842282045152, 5804657.585587078, 0.0011092228514403707, 0.005570758930503101, 1.0341195283967877]
[-11549.06840543669, -58436.382360414325, -10743866.594187668, 6249.800456693211, 31626.891662723825, 5814837.19096284, 0.0011135128348068188, 0.005634368349029567, 1.0359331418192956]
[-11460.65187545655, -57777.634179840505, -10766154.624366328, 6201.9511849243045, 31270.36576748448, 5826898.6262560375, 0.0011049878348364556, 0.0055708520955337635, 1.038082070390653]
[-11590.99212690286, -58371.7197807443, -10764335.116008442, 6272.490906864619, 31591.89561480332, 5825913.301086441, 0.0011175550485255752, 0.005628133690579269, 1.037906609841701]
[-11286.728419609377, -58197.960294842036, -10770335.10830923, 6107.821928348389, 31497.851300356066, 5829159.692046693, 0.0010882181391146497, 0.005611379793184411, 1.0384850807830552]
[-11771.982248004819, -58327.77422133094, -10746628.788307654, 6370.44576428189, 31568.112090644972, 5816329.026336475, 0.0011350060205337152, 0.005623896466074446, 1.0361993294543315]
[-11310.08469345641, -58873.407128664934, -10734743.365429416, 6120.462278756031, 31863.414943246757, 5809895.869638839, 0.00109047002157555, 0.005676506231889392, 1.0350533267707138]
[-11711.311660585281, -57850.45903960604, -10710100.646183891, 6337.612003110831, 31309.781468324774, 5796558.578520313, 0.0011291562377620397, 0.005577873862549301, 1.0326772966351725]
[-11723.184371020092, -57528.330509886706, -10685039.748913966, 6344.039101448612, 31135.43989834532, 5782995.086747319, 0.0011303009935151034, 0.005546814391489436, 1.0302609518882755]
[-11479.399212118791, -58557.71539928311, -10643962.551733598, 6212.097122540199, 31692.560547905512, 5760763.756934379, 0.0011067952043147015, 0.005646067326987667, 1.0263003562931698]
[-11933.361446449817, -57815.30632921091, -10606171.996681683, 6457.788218730076, 31290.75791583039, 5740311.259719709, 0.001150566032112593, 0.005574484546888162, 1.0226566566235227]
[-11721.410131888102, -57471.65971448704, -10591525.522576809, 6343.079063078237, 31104.770627926075, 5732384.652823108, 0.001130129860221069, 0.005541350355359692, 1.0212444762734623]
[-11707.12265051148, -57574.01551024005, -10561749.482064689, 6335.3465731214, 31160.167890522225, 5716270.084007468, 0.0011287522009341823, 0.005551219492810022, 1.018373541037814]
[-11821.519695667033, -57506.961355551626, -10544763.036971353, 6397.260009895738, 31123.87751967887, 5707077.589083699, 0.0011397823017138193, 0.005544754201371704, 1.0167357680716744]
[-11932.404950598011, -57499.64711669711, -10524415.381130345, 6457.272496869251, 31119.91930793503, 5696066.080626064, 0.0011504738105923744, 0.005544048881526115, 1.014773917305866]
[-11862.243063921102, -57538.38604171147, -10511380.821423281, 6419.300577541552, 31140.885612211183, 5689012.428832952, 0.0011437087527192144, 0.005547784196261013, 1.0135171808099037]
[-12256.773635189007, -56926.56498280719, -10496823.210307512, 6632.827630553042, 30809.75693463738, 5681134.561779178, 0.001181749314261753, 0.005488792493109558, 1.0121135974928275]
[-11816.879684972208, -58449.33773060882, -10478388.800423777, 6394.747832005623, 31633.90827770083, 5671158.628141072, 0.0011393347418848477, 0.005635617831200816, 1.010336223672614]
[-11864.007896212672, -57458.30939793541, -10479500.613903398, 6420.257021040802, 31097.5467964181, 5671761.018640634, 0.0011438788436025906, 0.005540063330863218, 1.0104434528522381]
[-12106.121803470147, -57958.20659481042, -10459745.541228816, 6551.290003544223, 31368.10139112009, 5661070.380994998, 0.0011672232865032135, 0.005588263248984277, 1.0085387451466883]
[-12609.11741793395, -56659.664328469466, -10449857.233916536, 6823.522292106565, 30665.307202381144, 5655719.236164765, 0.0012157221334297037, 0.005463057978191731, 1.0075853529239913]
[-12094.540926966956, -57419.93047203826, -10447370.848608691, 6545.0246992194225, 31076.777515155118, 5654374.124404489, 0.0011661067255732006, 0.0055363628494604095, 1.007345644041262]
[-12156.40866939883, -57808.05619020208, -10429019.983156804, 6578.507531142704, 31286.83760843698, 5644442.989986984, 0.0011720718767264946, 0.005573785856589663, 1.0055763067801589]
[-12100.641250722903, -57928.63135760384, -10424985.979783332, 6548.325573023187, 31352.095569667075, 5642260.036521285, 0.0011666948003192608, 0.005585411718507247, 1.0051873675561889]
[-12225.520871751878, -57823.40430189969, -10415145.200240996, 6615.911609026673, 31295.146472962137, 5636934.2838229975, 0.0011787355929746657, 0.0055752657995149935, 1.0042385430596095]
[-12474.201783955781, -57188.86945084954, -10411054.457681479, 6750.5027029601015, 30951.724784261318, 5634720.289517889, 0.001202713363152425, 0.005514084083603048, 1.0038441181879871]
[-12259.736461316956, -57764.94323267669, -10405481.389958773, 6634.429828467114, 31263.50635987681, 5631703.952273005, 0.001182034607859126, 0.005569629003528463, 1.0033067656652408]
[-11752.649821183668, -57721.687558973535, -10418033.945173122, 6359.990299287148, 31240.094143880575, 5638496.938492574, 0.001133141590994569, 0.0055654584369925104, 1.0045170370303844]
[-11481.748723205208, -59789.52355041898, -10384519.833231693, 6213.372350068808, 32359.238462439273, 5620358.526615117, 0.0011070212100020003, 0.005764838397499331, 1.0012856486976163]
[-12287.257062920246, -57371.14817636647, -10396490.240713714, 6649.326269030402, 31050.37786195873, 5626836.4054215755, 0.0011846881688570205, 0.00553165947297725, 1.0024397883600178]
[-12040.918389187224, -58450.21381562723, -10380139.670116067, 6516.001581374117, 31634.386961970074, 5617986.773336406, 0.0011609359936052132, 0.005635702910761889, 1.000863268016796]
[-12398.163278882626, -57298.31564079031, -10382442.561376859, 6709.350104754101, 31010.960433117147, 5619232.2549959915, 0.0011953816752017232, 0.005524637005248981, 1.0010852702756639]
[-12289.410774283133, -57660.570236661166, -10364567.35952177, 6650.490676402218, 31207.01946307879, 5609557.20157918, 0.0011848957565824842, 0.005559565476262279, 0.9993617350310829]
[-12367.671477977225, -57498.56125422757, -10349723.709860817, 6692.846809550156, 31119.337605839755, 5601522.843668199, 0.0011924416270789296, 0.005543944676366591, 0.9979304967602245]
[-12458.41278266117, -57296.35119233619, -10323504.42280724, 6741.957596195156, 31009.899016522708, 5587331.860045889, 0.0012011908977424244, 0.005524447577228272, 0.9954024367867237]
[-12279.85534305741, -57772.169839658556, -10302073.601319, 6645.319304550238, 31267.419106338348, 5575732.694760099, 0.0011839744401976361, 0.005570325905174049, 0.9933360844276007]
[-12482.612517893003, -57957.900528214785, -10274151.067469917, 6755.053141363424, 31367.939817243685, 5560620.442673698, 0.0012035242041299407, 0.005588233893597087, 0.9906438245868129]
[-12217.81310687404, -57762.29008640189, -10259001.75378271, 6611.741577715005, 31262.07155374745, 5552421.079397245, 0.0011779923132452176, 0.005569373414271495, 0.9891831336605134]
[-12592.129561736265, -57149.8832402963, -10241831.27592908, 6814.327527646427, 30930.626525654327, 5543128.122901378, 0.0012140838764014951, 0.005510325155962431, 0.9875275778987992]
[-12316.794234781442, -57517.91172197077, -10235545.838669788, 6665.311522033787, 31129.80875738826, 5539726.491191454, 0.001187536175221367, 0.00554581027966608, 0.9869215509206293]
[-12479.4775352193, -57347.38715053557, -10224277.610388814, 6753.358674979383, 31037.517554089896, 5533628.09240312, 0.0012032220062979404, 0.00552936839640787, 0.9858350897443097]
[-12172.79952138979, -57470.712046331246, -10228589.393029407, 6587.379783392042, 31104.264057289784, 5535961.77211746, 0.0011736522552213621, 0.005541259340573484, 0.9862508294773467]
[-12353.193571378966, -57130.75946423512, -10231534.671939114, 6685.0115313411425, 30920.277043005044, 5537556.066356313, 0.0011910458657952026, 0.005508481048923665, 0.9865348211633046]
[-12252.58693889445, -57709.13918749945, -10235410.454683289, 6630.561639291267, 31233.30445252138, 5539653.982511219, 0.0011813452558622397, 0.005564248455571847, 0.9869085316293521]
[-12438.698841863821, -57338.705021142036, -10256460.44876203, 6731.288285546092, 31032.820049793438, 5551046.77058887, 0.0011992901611269594, 0.005528531237453307, 0.9889381531136842]
[-12173.952895942562, -57857.547570521, -10279333.473839419, 6588.003049394458, 31313.62665788055, 5563426.317180812, 0.0011737633875709425, 0.005578557996003236, 0.9911435535610563]
[-12258.497389697042, -57777.00937613424, -10301952.342357099, 6633.759481854578, 31270.038289179807, 5575668.272004133, 0.001181915175432939, 0.0055707923869771055, 0.9933244468540063]
[-12375.007287438297, -57302.99009918298, -10329739.64025066, 6696.817985304957, 31013.490295103264, 5590707.3008437725, 0.0011931490433732452, 0.005525087647502213, 0.9960036660133265]
[-12297.103289036546, -57548.70675635524, -10356404.986025857, 6654.654953398106, 31146.475844116216, 5605139.177258892, 0.0011856375452674968, 0.0055487795733939055, 0.9985747109868096]
[-12454.977008740978, -57843.779424724824, -10370297.26442566, 6740.096787856402, 31306.175819771008, 5612658.121622358, 0.0012008596087729978, 0.005577230434672718, 0.9999141961257947]
[-12409.525843947918, -57772.02855312991, -10386008.458560748, 6715.498667641733, 31267.3424845022, 5621161.238314026, 0.0011964772650855772, 0.00557031218656886, 1.0014290473313343]
[-12281.770361106459, -57625.80092822485, -10401867.036779406, 6646.356117077585, 31188.202721516063, 5629743.947256304, 0.0011841591065372833, 0.0055562130788092065, 1.0029581012910658]
[-12206.509271731726, -57430.54780302052, -10408469.40676353, 6605.624514637131, 31082.52754018682, 5633317.049106682, 0.001176902470684599, 0.005537386841174764, 1.0035946838617056]
[-12539.45695266301, -57282.15612780387, -10401356.687092941, 6785.8208702165475, 31002.215511411752, 5629467.368227382, 0.001209005189574758, 0.005523078887297123, 1.002908877458019]
[-12482.298256320471, -57722.011838831415, -10392008.364354992, 6754.884280190827, 31240.273121217084, 5624407.800236989, 0.0012034938799899454, 0.005565489638730067, 1.0020075197052583]
[-12459.76621464336, -57882.90042858071, -10382472.440314237, 6742.689528337818, 31327.348662668814, 5619246.464877649, 0.0012013212999081309, 0.0055810024423414515, 1.0010880631559094]
[-12409.671829576717, -57527.80110875419, -10386248.556499105, 6715.577806902443, 31135.16472748317, 5621289.731489718, 0.001196491250504461, 0.005546763968229396, 1.001452132112056]
[-12671.895869979955, -57476.05629987948, -10383841.70487139, 6857.497043949225, 31107.159482670788, 5619986.699294888, 0.0012217747642886258, 0.005541774806889618, 1.0012200484407074]
[-12390.358865086428, -57746.6583283986, -10382328.143941948, 6705.126046114432, 31253.612625223195, 5619166.822923639, 0.0011946290776219917, 0.005567866127898728, 1.001074080889137]
[-12383.240655985745, -57524.92659803696, -10390362.967698831, 6701.274471460034, 31133.60715299026, 5623514.637795803, 0.0011939428045318913, 0.005546486762341247, 1.0018487539128866]
[-12110.36562053113, -57088.585186924145, -10420551.955033364, 6553.5933683778785, 30897.44908653602, 5639852.466439567, 0.0011676323810412724, 0.005504414989659697, 1.004759494455009]
[-12242.44228566684, -57532.0747462521, -10415815.071409225, 6625.072896869802, 31137.4770814985, 5637288.075294408, 0.0011803670378543248, 0.0055471761998337425, 1.004302738323623]
[-12597.429280524877, -57477.84826576637, -10415435.399382832, 6817.1956094538455, 31108.12987234407, 5637081.986614984, 0.0012145947367739678, 0.005541947550501216, 1.0042661037354763]
[-12430.836835758299, -57596.00856239261, -10432462.384213598, 6727.033919364932, 31172.079035976356, 5646296.691376324, 0.0011985319294321377, 0.005553340534761354, 1.0059077975654929]
[-12511.903212975158, -57713.17244808988, -10455111.297733301, 6770.907031094074, 31235.491387938604, 5658554.198138515, 0.0012063482724471157, 0.005564637505483805, 1.0080915559447456]
[-12452.909206585551, -57699.447955105294, -10474789.735974204, 6738.979951397978, 31228.063132109208, 5669204.013007883, 0.0012006601009378907, 0.005563314151369671, 1.0099889039639842]
[-12732.922584134667, -57261.84681550226, -10505019.083087066, 6890.52823671412, 30991.22534277151, 5685564.441418005, 0.0012276589499829035, 0.005521120709547233, 1.0129035698883584]
[-12610.667295520405, -57379.20875039736, -10544242.180372238, 6824.3609323733845, 31054.74480224427, 5706792.583863873, 0.001215871066965362, 0.00553243679914781, 1.0166854082267383]
[-12691.402158311612, -57263.10257777264, -10585694.352773631, 6868.055980612066, 30991.90644634027, 5729227.369210919, 0.001223655487517724, 0.005521241876189374, 1.0206821814592275]
[-12504.636896947573, -57617.485066177, -10632921.46813686, 6766.97779861136, 31183.700548383145, 5754787.732743998, 0.0012056476526967337, 0.005555411315887189, 1.025235770989169]
[-12752.605056990877, -57118.508662868415, -10677854.014840275, 6901.1813346668005, 30913.64917912554, 5779106.351874735, 0.001229556643035696, 0.005507300257135733, 1.0295681262906595]
[-12634.518910458853, -57727.51522656298, -10705347.662289726, 6837.270178740703, 31243.25298501632, 5793987.072334076, 0.0012181707783708957, 0.0055660203668150415, 1.032219059881284]
[-12559.388655757357, -57712.18773574002, -10741408.039319837, 6796.608561902947, 31234.959075772444, 5813504.130758826, 0.0012109267292663758, 0.005564542657101116, 1.0356959811982447]
[-12676.656032679217, -57592.65188060565, -10755279.11814034, 6860.075260494008, 31170.264534272857, 5821012.167662125, 0.0012222335832522595, 0.005553017022083068, 1.0370334477062453]
[-12598.497893674607, -58055.154839026945, -10761177.3824986, 6817.773407078517, 31420.579949478757, 5824205.231826632, 0.001214697499057543, 0.005597611578632579, 1.0376021878103818]
[-12656.359971315776, -57976.83888638268, -10754949.853793377, 6849.089508638438, 31378.1931592442, 5820835.574433332, 0.0012202766121671442, 0.005590060180286292, 1.037001772718716]
[-12601.399481775597, -58566.8258860692, -10726828.399739727, 6819.343718114383, 31697.503794602155, 5805616.441866956, 0.0012149772415822112, 0.005646946619269078, 1.0342903681819984]
[-12824.198770290104, -58224.83024470742, -10694486.381169097, 6939.9255621585835, 31512.410313048273, 5788113.0586700095, 0.001236459462984846, 0.0056139714302205984, 1.0311720217533011]
[-12547.361971634944, -58077.41360409279, -10666750.259242987, 6790.09963319645, 31432.626658090878, 5773101.778266969, 0.001209767046891692, 0.005599757617316478, 1.0284977392104886]
[-12617.439251556492, -56799.30614893306, -10642685.527580805, 6828.028281746691, 30740.893981944544, 5760077.396502192, 0.0012165239901087434, 0.005476522962892393, 1.026177442061617]
[-12715.124249630866, -57580.63969434106, -10579745.84362428, 6880.895604059602, 31163.764481593073, 5726013.531880029, 0.001225942603433551, 0.005551858945064278, 1.0201088849351911]
[-12655.584803699785, -57484.10136867773, -10532132.851620052, 6848.67219922071, 31111.516024205484, 5700244.422098107, 0.0012202019002197756, 0.005542550675190977, 1.0155180940113149]
[-12896.294082710756, -57573.02421154248, -10465024.286100874, 6978.946495629837, 31159.642939009882, 5663924.004175578, 0.0012434109270089675, 0.005551124516785349, 1.0090475658850917]
[-12721.008872219938, -57889.973802746834, -10418188.045628818, 6884.079957245905, 31331.1801755126, 5638575.130208937, 0.001226510026147201, 0.005581684621347821, 1.0045316613874142]
[-12654.22534067379, -57618.93966799626, -10381419.797062455, 6847.936368631789, 31184.493198885546, 5618675.04836501, 0.0012200707558650578, 0.005555551811093851, 1.0009864919758962]
[-12718.510059967834, -57539.21919661869, -10337095.82677619, 6882.728145957719, 31141.34664980263, 5594685.8353709495, 0.0012262690594314076, 0.005547865161619633, 0.9967128163761387]
[-12704.444250551649, -57411.22833635141, -10295976.21351951, 6875.115564302455, 31072.07616012301, 5572430.810456855, 0.0012249128395459227, 0.005535524330008226, 0.9927480979215716]
[-12989.574481515148, -56659.1827596904, -10255419.007562239, 7029.432966065589, 30665.057480917825, 5550480.181902974, 0.0012524051082160345, 0.005463012243483865, 0.9888376066018336]
[-12604.485275705938, -57210.018659690046, -10222847.913426774, 6821.017540510883, 30963.17842230057, 5532851.729919466, 0.0012152748664060711, 0.005516123838622537, 0.9856971241179698]
[-12764.88593655387, -57256.42777781401, -10178922.065332267, 6907.828253156475, 30988.295973916604, 5509078.124313864, 0.001230740638013, 0.005520598496200611, 0.9814618410976785]
[-12630.405169653613, -57771.02097300465, -10148150.199974963, 6835.044442269971, 31266.802733863893, 5492423.786831724, 0.001217773885780347, 0.0055702156800945795, 0.9784948532846324]
[-12695.82252183912, -57229.82504374643, -10134646.558672456, 6870.450033184137, 30973.899388809677, 5485115.2389678, 0.00122408155407904, 0.005518033549263721, 0.9771928427111]
[-12681.076927520546, -57580.75970327383, -10118495.647570416, 6862.468914957759, 31163.828854146806, 5476374.36960183, 0.0012226597112714442, 0.005551870499997575, 0.9756356048587808]
[-12724.354310729886, -57356.72736763137, -10121369.51259207, 6885.891559414211, 31042.579490481156, 5477929.932365464, 0.0012268325956480272, 0.005530269341481861, 0.9759127072703621]
[-12522.104282959388, -57054.24906405027, -10137240.807988439, 6776.432028574371, 30878.87422011653, 5486519.887351724, 0.001207331735574189, 0.00550110467502622, 0.9774430037077055]
[-11648.983139325977, -59364.977255716585, -10139970.350864308, 6303.879861485066, 32129.482214692638, 5487998.023508065, 0.0011231454118031772, 0.005723904574532664, 0.977706221411972]
[-12235.170880537626, -58393.9300156312, -10152081.887406645, 6621.138875902703, 31603.927435704492, 5494553.725465613, 0.00117966558993283, 0.005630276207589891, 0.9788740332588015]
[-11874.559281431584, -59094.586759064, -10176704.118350549, 6425.971451966788, 31983.130488438943, 5507880.755476553, 0.0011448956818293729, 0.005697833040081458, 0.9812481250746095]
[-12807.57778492936, -57947.77726711368, -10181840.69433272, 6930.930755870442, 31362.466432087123, 5510662.131914781, 0.001234856906964329, 0.0055872580954268464, 0.9817434488787148]
[-12641.912161769109, -56981.899593330076, -10224079.282711454, 6841.2743704756185, 30839.715202726584, 5533523.340067493, 0.0012188836510326512, 0.005494128535592606, 0.9858160832927414]
[-12624.422011946295, -57159.54290880761, -10241499.182587497, 6831.8075831195165, 30935.85936944628, 5542952.670515321, 0.0012171972037531603, 0.0055112569295769605, 0.9874957500524519]
[-12590.381688418072, -57265.5069742271, -10257323.220715255, 6813.383726349064, 30993.208519884276, 5551518.299694437, 0.0012139150639799137, 0.005521473876315958, 0.9890215461287062]
[-14978.631673470773, -53537.66391219697, -10240599.518788187, 8105.951449250346, 28975.621177101704, 5542468.4382003, 0.0014441904213938622, 0.005162034150693049, 0.9874091259282046]
[-12764.11490879457, -57441.64326361625, -10263826.722408488, 6907.409465955359, 31088.536750978164, 5555040.366472552, 0.001230666309747622, 0.005538456900616759, 0.9896487069761386]
[-12389.087978184845, -59010.38769642989, -10254882.65640777, 6704.437649008899, 31937.56379586942, 5550200.778835071, 0.0011945059783572628, 0.005689714953889282, 0.9887863805366047]
[-12698.178149109046, -57988.06999959107, -10290151.94608369, 6871.722310622264, 31384.270701130416, 5569289.559184373, 0.0012243087243696655, 0.005591142962094665, 0.9921870204642951]
[-12476.924883819258, -58241.60141030077, -10320782.777246853, 6751.976058233319, 31521.487576363346, 5585867.728805534, 0.0012029754924439368, 0.005615588554462033, 0.9951404172204026]
[-12804.526213707202, -57596.4382389795, -10355995.791076688, 6929.279266370113, 31172.313847608442, 5604925.627435951, 0.0012345628440449726, 0.005553381955633959, 0.9985356120622356]
[-12125.979016428866, -57424.90662145222, -10411666.349196937, 6562.0433922583325, 31079.475462193328, 5635054.663403054, 0.0011691375946920192, 0.005536843258234906, 1.003903259947751]
[-13375.250689906065, -55933.07869961174, -10426707.398298768, 7238.168253257345, 30272.072585314723, 5643194.833581125, 0.0012895921988430848, 0.005393001008431195, 1.0053534852828074]
[-12494.389499731249, -57705.738353007386, -10461119.611910917, 6761.428731650493, 31231.46828321737, 5661818.628200659, 0.0012046595627734134, 0.005563920793367294, 1.008671436690724]
[-12257.862789810091, -57425.74137631531, -10499033.916254299, 6633.419734431134, 31079.926631401082, 5682337.215441558, 0.0011818538327412259, 0.005536923614811673, 1.012327028384914]
[-12236.138702590239, -57475.32612605051, -10522955.74464557, 6621.661402912685, 31106.76369037088, 5695282.903288502, 0.0011797592450538982, 0.005541704516689045, 1.0146334862972155]
[-12555.867594277503, -58659.9262605371, -10513494.695860012, 6794.69869073894, 31747.89243457909, 5690161.468732637, 0.0012105872064241058, 0.005655923334444646, 1.013721221168325]
[-12450.76196404031, -57267.1525356398, -10544019.381525986, 6737.817995603995, 30994.09598913319, 5706680.283385763, 0.0012004531771512127, 0.005521632309890364, 1.0166642979196954]
[-12450.389555001715, -57347.23427613112, -10542646.206859976, 6737.615541738185, 31037.4387041383, 5705935.802570889, 0.0012004172581915149, 0.005529353735909254, 1.016531840030686]
[-12305.723320549132, -57842.60401931831, -10532785.831794647, 6659.3196931734765, 31305.539453464124, 5700597.99321875, 0.001186468559986613, 0.005577117134851949, 1.0155810610318359]
[-12407.287275150014, -58058.39732068645, -10517601.104210688, 6714.286318421064, 31422.330812500833, 5692378.706728968, 0.0011962612738252083, 0.005597923819270602, 1.0141169215880388]
[-11758.186890750012, -57973.813120389015, -10530669.0071814, 6362.98707954256, 31376.548962048182, 5699449.688840084, 0.0011336753887812724, 0.005589768455783475, 1.0153768408839983]
[-12307.390122054016, -57420.296264480516, -10514511.51931662, 6660.221638499173, 31076.979118730484, 5690703.918408181, 0.0011866294077403274, 0.005536398302948147, 1.0138189087008882]
[-12099.950653338805, -57306.96853774478, -10511846.177335992, 6547.954256302393, 31015.641247678584, 5689260.197680838, 0.0011666283049368204, 0.005525471130261904, 1.0135618663026882]
[-12469.086022193938, -57432.66916272281, -10493809.7018476, 6747.732744864477, 31083.674119920503, 5679497.702499305, 0.0012022200768620588, 0.005537591148877792, 1.0118227741805592]
[-11725.353606942192, -58032.56805857479, -10497835.011468329, 6345.216099120415, 31408.345607170457, 5681675.2972115865, 0.0011305097472308324, 0.005595433224827373, 1.0122108458345989]
[-11921.993196072257, -57766.48712584858, -10491501.982057167, 6451.638279564119, 31264.340913743716, 5678247.141248033, 0.0011494696089221293, 0.0055697778971110605, 1.0116001956799878]
[-12052.520781661939, -57413.857080773014, -10481147.644616434, 6522.282737729651, 31073.491243109675, 5672642.727670956, 0.001162055116632807, 0.005535777299396278, 1.0106018225130804]
[-12278.768947503206, -58204.29490395545, -10461627.62475066, 6644.727786892302, 31501.289971432605, 5662078.284995071, 0.001183869815034599, 0.005611990950519431, 1.0087197325438482]
[-12758.784670929646, -56527.79729786338, -10466977.686711168, 6904.524898741588, 30593.937351256143, 5664973.71057787, 0.001230153219299054, 0.0054503431283760735, 1.0092355733889702]
[-11991.33254763098, -57869.66347587924, -10459459.562291397, 6489.165017697958, 31320.18107108966, 5660905.049048603, 0.0011561554614436852, 0.005579725920770799, 1.0085106977292995]
[-12065.854734009587, -57993.451041508626, -10454685.85882693, 6529.496475807741, 31387.175452487405, 5658322.07579902, 0.0011633408485279657, 0.005591661459299128, 1.0080504518542739]
[-11675.584501208346, -57325.00333469542, -10468763.170712806, 6318.279702566823, 31025.398241821953, 5665941.440225751, 0.0011257112349550315, 0.005527210130323026, 1.0094077901088232]
[-12535.61765966225, -56286.523070284515, -10454706.84233452, 6783.743245145375, 30463.353759072346, 5658334.893697514, 0.0012086356069254782, 0.005427079583240389, 1.0080525406349938]
[-11972.57640345261, -57627.81133039986, -10441362.543908693, 6479.012898135135, 31189.28344420507, 5651113.885793271, 0.0011543470968708289, 0.005556406485811991, 1.0067659520794012]
[-11569.446397410346, -58719.93273826509, -10433410.584575659, 6260.83293389564, 31780.353348704564, 5646811.34837956, 0.0011154774398566569, 0.005661708375385032, 1.0059992880274526]
[-11661.839234212119, -57578.073897313225, -10442952.61495239, 6310.838121966267, 31162.363636420574, 5651976.4591984805, 0.0011243860946366622, 0.005551610731492057, 1.0069193544614659]
[-11604.766111228464, -57860.69548572958, -10436876.57195542, 6279.948336121594, 31315.32290919745, 5648689.139171125, 0.0011188830984403307, 0.005578861010559289, 1.0063335611690087]
[-11586.681040677244, -57960.44448345613, -10434044.146414042, 6270.159776304057, 31369.30753318817, 5647157.104574623, 0.001117139419058427, 0.0055884785961095185, 1.0060605036830612]
[-11632.146183439889, -57892.09358807282, -10425973.549540468, 6294.765833733379, 31332.314527823037, 5642789.851216076, 0.0011215230962714627, 0.005581888297742744, 1.0052823779843005]
[-11526.444417147643, -56874.23801405681, -10443158.884579148, 6237.561884622175, 30781.431901462376, 5652091.11615723, 0.0011113316655572331, 0.005483746853829706, 1.0069393782608673]
[-11658.713080227048, -57229.86535684415, -10418318.395730233, 6309.144555397537, 30973.90598898183, 5638647.814619906, 0.0011240848434652877, 0.005518036292988646, 1.0045443254686541]
[-11674.73324726034, -58219.92319882956, -10391253.135732412, 6317.81251804175, 31509.73942815603, 5624000.808705411, 0.00112562936481945, 0.005613497305151098, 1.0019347801020473]
[-11504.983488305983, -58094.163953479, -10396983.733279942, 6225.942901098548, 31441.674154812154, 5627103.015789643, 0.0011092622770847228, 0.005601371474112748, 1.0024873489162196]
[-11219.919900222278, -57494.003057582835, -10415453.684657801, 6071.664905653503, 31116.857341881994, 5637099.6996961655, 0.001081776631271615, 0.005543504426619477, 1.004268217573484]
[-11495.821808670284, -57596.07311678981, -10419587.748213343, 6220.984605467385, 31172.10017918752, 5639338.120435469, 0.0011083789083337168, 0.0055533459806517485, 1.004666863396987]
[-11693.845297579464, -57688.73590613877, -10432563.906678686, 6328.1562257107125, 31222.25248467714, 5646361.76486195, 0.0011274723225183608, 0.005562280318798983, 1.0059180407398356]
[-11145.133310332045, -58499.27985930403, -10458359.623710155, 6031.185873118176, 31660.930898589657, 5660323.315294005, 0.0010745657227777992, 0.0056404327737146496, 1.0084052521077371]
[-11150.708395524627, -58128.49199158097, -10485611.437011288, 6034.203336543513, 31460.252161271932, 5675072.892766795, 0.001075103329099172, 0.005604681394482708, 1.011032856768019]
[-11318.31794543133, -57606.257521104744, -10517307.514096867, 6124.917185618939, 31177.61070530564, 5692227.446763244, 0.001091264253447303, 0.005554327814428836, 1.0140889566839548]
[-11173.533499754958, -57520.09466336123, -10538926.318849862, 6046.558101996305, 31130.97736229915, 5703927.889302433, 0.00107730417142044, 0.005546020045122543, 1.0161734133957454]
[-11249.890173175248, -57819.179093063925, -10550499.846523229, 6087.882911646915, 31292.846033948554, 5710191.686528379, 0.0010846664958840998, 0.005574857553447301, 1.0172893185662746]
[-11000.71836159679, -58267.46962689712, -10566337.105108904, 5953.02487211207, 31535.470755375536, 5718762.845773888, 0.00106064131901967, 0.005618081734944617, 1.0188163164137298]
[-11835.55805575396, -57412.27849324203, -10568880.942540094, 6404.851497683738, 31072.6272638093, 5720139.378184577, 0.001141136483873891, 0.005535623872838548, 1.0190615794134374]
[-10835.845632307719, -57613.314882855695, -10599528.052051822, 5863.7967693454575, 31181.429962744172, 5736724.9205439035, 0.0010447445569365579, 0.005555008433317075, 1.0220164812016488]
[-11188.731897863656, -57669.65351866784, -10589002.123298602, 6054.7829881017315, 31211.919501743992, 5731027.615302034, 0.0010787696866753438, 0.005560440347608446, 1.0210015623623325]
[-12692.752188749397, -56741.189164037445, -10548548.571362656, 6868.779652148751, 30709.417685837063, 5709133.167517731, 0.0012237867700602954, 0.005470917624414204, 1.0171010688870141]
[-11242.21796469948, -57700.99529968492, -10558773.95637776, 6083.7300459461985, 31228.883383115404, 5714665.930394849, 0.001083926760282269, 0.005563462355519739, 1.0180869251776825]
[-11161.451467126353, -57532.77291710682, -10548996.73013718, 6040.01803969432, 31137.839034348828, 5709373.435943038, 0.0010761393480856977, 0.005547242364655324, 1.0171441773448806]
[-11133.795954518657, -59290.658705923546, -10498519.72078092, 6025.045586779113, 32089.237845514384, 5682053.991749442, 0.0010734725367308007, 0.0057167373320102695, 1.0122772289598336]
[-11165.820556134193, -57744.39758365571, -10493345.76781764, 6042.382447733709, 31252.373178270245, 5679252.672763458, 0.0010765606049528674, 0.005567647084407651, 1.0117783141724215]
[-10923.754711951078, -57572.25332280129, -10492710.295518808, 5911.374198874907, 31159.20549795823, 5678907.991149764, 0.0010532207139242172, 0.005551049111877558, 1.011717008938644]
[-11154.006546389217, -57743.253221412255, -10480330.873890761, 6035.98858224011, 31251.753055674468, 5672207.69208181, 0.0010754214229760875, 0.005567536836162025, 1.0105233853128208]
[-11139.3705247031, -57712.62197630506, -10487851.456269804, 6028.067786384633, 31235.175427067607, 5676277.470735799, 0.0010740102378468334, 0.005564583434210882, 1.0112484883995767]
[-11379.700856904994, -58414.98887032716, -10482480.042917164, 6158.1355275972, 31615.308064588582, 5673370.322676732, 0.0010971827011833077, 0.00563230525015205, 1.0107305813975205]
[-11031.722090073805, -57664.47305382765, -10525443.951203614, 5969.808122629621, 31209.115703745156, 5696622.459928207, 0.0010636308391908452, 0.005559940999265428, 1.0148730772493804]
[-11339.738220370968, -58049.775000150614, -10524534.629053928, 6136.508141558872, 31417.64919168959, 5696130.40377955, 0.0010933295446522331, 0.0055970915092081516, 1.014785405352507]
[-11194.20300584497, -57629.02033087912, -10561194.43622373, 6057.744251676142, 31189.929246822274, 5715971.051883598, 0.0010792971622698975, 0.0055565225739285596, 1.018320085620002]
[-11210.8019193226, -57765.63200701153, -10581548.850181831, 6066.727232166391, 31263.86647833304, 5726987.267618359, 0.0010808976092540614, 0.0055696946322440054, 1.020282635101075]
[-11498.804728346611, -57551.8441864019, -10597137.034814978, 6222.598345797976, 31148.162405214567, 5735423.9169882145, 0.0011086667035717147, 0.005549081283634193, 1.0217856307114532]
[-11598.074915284142, -57142.48637543226, -10611962.215491457, 6276.325126701024, 30926.611626136368, 5743447.734009284, 0.0011182382509530005, 0.005509611268293164, 1.0232150637609674]
[-11275.117867916904, -58032.734789144284, -10625147.37236097, 6101.535430686317, 31408.42787958365, 5750584.001524285, 0.0010870988305681424, 0.005595448634011885, 1.0244863704567697]
[-11133.281118138948, -57796.1737732843, -10634468.339308882, 6024.773218598686, 31280.39709251222, 5755628.659423732, 0.001073423037109958, 0.005572639569485609, 1.0253850859015907]
[-11355.76185489163, -58057.503793710435, -10621942.449848505, 6145.181314765914, 31421.83413827804, 5748849.7566380305, 0.0010948744339981515, 0.005597836902421914, 1.0241773699737458]
[-11389.316827297067, -57845.721398245165, -10617294.454643067, 6163.342063529138, 31307.214584649875, 5746334.322998, 0.0010981097778079742, 0.005577416977125247, 1.0237292224776615]
[-11395.32305853875, -57604.6885206556, -10593849.732943205, 6166.594449848581, 31176.7636423667, 5733645.552397979, 0.0010986889198389364, 0.0055541766518601, 1.0214687082013005]
[-11399.97544078059, -57504.86717516693, -10567550.194930984, 6169.112459913307, 31122.739011928865, 5719411.86220723, 0.00109913749372846, 0.005544551948789974, 1.0189329431406797]
[-11514.341563805927, -57877.13018517197, -10518791.321013546, 6231.007976681453, 31324.21499939882, 5693022.7174713025, 0.0011101645685831368, 0.005580445422208053, 1.0142316738327997]
[-11467.90788798725, -58057.12846381709, -10472732.194836544, 6205.877673235609, 31421.63374053101, 5668094.468556776, 0.0011056873841303056, 0.0055978009181609535, 1.0097906993954175]
[-11433.94013420341, -57732.08045769632, -10447777.586760096, 6187.494177962153, 31245.713030414732, 5654588.2725754315, 0.0011024122606585734, 0.0055664599145467996, 1.007384592608107]
[-11601.67748879135, -57806.85936808407, -10406152.569103455, 6278.276202754231, 31286.184559802394, 5632059.936704602, 0.0011185853511515341, 0.005573670089741666, 1.0033711536880354]
[-11763.67550218318, -57896.85374631289, -10375203.854385251, 6365.9512560502935, 31334.891834874015, 5615310.029036077, 0.0011342050528611186, 0.005582347401993863, 1.000387120732752]
[-11642.700892697725, -57500.236603592464, -10353274.444210628, 6300.480411154216, 31120.23558397744, 5603441.523480333, 0.0011225408010271107, 0.005544105714094161, 0.9982727177217522]
[-12141.030731776322, -56542.47040146238, -10334890.17890908, 6570.187037561369, 30601.874782071147, 5593492.016775861, 0.0011705897902888754, 0.005451757910377602, 0.9965001468184506]
[-11860.183814480322, -55752.05812201269, -10346607.639957624, 6418.1920124223225, 30174.08946174999, 5599833.871058639, 0.0011435107948965333, 0.005375546720478479, 0.9976299369468971]
[-11814.526845044196, -57788.681562068174, -10298725.456739875, 6393.474405660183, 31276.34918984631, 5573920.2552265255, 0.0011391080363146126, 0.00557191750234624, 0.9930132441189814]
[-11927.209386567, -57675.0640352973, -10296497.531723103, 6454.4604766959865, 31214.85516091521, 5572715.188459318, 0.0011499728339874735, 0.0055609624608947365, 0.9927984629144951]
[-11939.54006545532, -57529.178992623914, -10303580.629559072, 6461.134105401668, 31135.902759647914, 5576549.1594412895, 0.001151161739875406, 0.00554689639846972, 0.9934814276663996]
[-11762.485843848171, -56755.311755497736, -10330761.497096227, 6365.312497435033, 30717.07249440436, 5591260.163107896, 0.0011340903532040783, 0.005472280409115505, 0.9961021838940409]
[-11871.669365805643, -58072.443119632175, -10322333.291279407, 6424.4017763873135, 31429.925781885675, 5586699.453443056, 0.001144617485815285, 0.0055992779885249465, 0.9952895819322565]
[-11982.462766044973, -57630.03515772437, -10341772.402201157, 6484.364925399854, 31190.489710215188, 5597220.460395554, 0.001155300240545405, 0.0055566210636414145, 0.9971638866311783]
[-12046.569320088915, -57644.468735481045, -10354580.317705473, 6519.060646962801, 31198.301039824993, 5604152.61428393, 0.0011614812528802348, 0.00555801282204307, 0.998398822698289]
[-12344.430071638599, -57567.50769566021, -10360538.3526637, 6680.26643143487, 31156.649749638527, 5607377.402339571, 0.001190200870829981, 0.005550592166813116, 0.9989732977607265]
[-12136.479995991347, -57107.337044989006, -10386944.0936181, 6567.723222556816, 30907.597861236653, 5621668.311442826, 0.001170150402279167, 0.005506222809001206, 1.0015192911094706]
[-12416.952828230227, -56921.491789817526, -10394610.192246348, 6719.519148376214, 30807.016603595177, 5625817.034745074, 0.0011971935336980112, 0.005488303640746301, 1.0022584331601403]
[-12452.679091632624, -56988.647159280736, -10387758.15658109, 6738.854303249952, 30843.363056017453, 5622108.17497128, 0.0012006381683272258, 0.005494778804417959, 1.001597749661917]
[-12299.265082119018, -56894.03342492628, -10388021.232951175, 6655.826101981738, 30792.156407082937, 5622249.796815781, 0.0011858460280631535, 0.0054856562869311275, 1.0016230810646056]
[-12341.89701072207, -57315.35544445128, -10382630.115747314, 6678.8981810218465, 31020.18351225728, 5619331.391758715, 0.001189956534416497, 0.00552627998995567, 1.001103247632815]
[-12031.174333685754, -57801.772300600525, -10383376.618696237, 6510.73036517446, 31283.441581359424, 5619734.459493319, 0.0011599966606847044, 0.005573180313381831, 1.0011751817604233]
[-12392.115485923867, -57341.82427471905, -10384754.928572986, 6706.077083253062, 31034.510398242972, 5620479.449968635, 0.0011947984675527686, 0.0055288322624857085, 1.0013080329265562]
[-12508.248211230364, -57523.17791899844, -10382001.11600483, 6768.929234638808, 31132.662066784942, 5618988.220510893, 0.0012059959048033647, 0.005546318237352692, 1.0010424770483222]
[-12364.28375837981, -57719.935118759895, -10380710.702427901, 6691.0145004513215, 31239.14972652504, 5618289.192138688, 0.0011921148762717058, 0.005565289568209397, 1.0009180285303296]
