[-116.84027926991367, 293.9364475839389, 305798.306857402, -2231.6092961551353, 5584.925113708159, 5817326.685089885, -0.0003836475313381061, 0.0009601376808317112, 0.9999916502141968]
[-99.49973061637513, 313.00795841007994, 305846.8017462891, -1901.976120106383, 5947.536381156067, 5818275.042434911, -0.00032698458559918687, 0.0010224715468271158, 1.0001546680055946]
[-55.14569388254458, 346.7846509844181, 306154.74176026275, -1058.735027726198, 6589.7801353609375, 5824176.050656648, -0.00018203427952510594, 0.0011328758266093805, 1.0011691176331101]
[-109.92272288151293, 273.8273938078039, 305914.7466011715, -2100.1623797074517, 5202.40687491669, 5819562.8447643835, -0.00036105257516239086, 0.000894383530200274, 1.000376067254803]
[-129.03535131407347, 289.48234113954646, 305847.14845976984, -2463.537151486992, 5500.167225418312, 5818259.021826951, -0.00042351592228898977, 0.0009455674853169443, 1.0001519323096717]
[-84.28158655747289, 286.6678915274251, 305874.5347545527, -1612.7676937317221, 5446.512262336588, 5818839.5029041935, -0.00027727038974754265, 0.0009363463314214248, 1.0002516782603157]
[-133.53022889380537, 254.80757726973923, 305688.8872272126, -2548.897459586173, 4840.8263303415215, 5815223.32542369, -0.00043818898028124414, 0.0008322264920829698, 0.9996300643901441]
[-81.77344671253988, 280.7190286275538, 306040.0800226665, -1565.0559679124462, 5333.371542653992, 5821985.825878029, -0.00026906945312959616, 0.0009168976461183739, 1.0007925876723582]
[-161.94851617439946, 240.31148685725546, 305602.8458303073, -3089.1719216827482, 4565.243174879362, 5813553.644344568, -0.0005310608414386958, 0.0007848521306358104, 0.9993430444270514]
[-175.222444347751, 221.99613864655697, 306039.389621966, -3341.4836768776663, 4216.9798907483955, 5821833.292332318, -0.0005744336565798674, 0.0007249848060668475, 1.0007664786971806]
[-158.71473263002684, 230.29101058683642, 305445.20292551216, -3027.667406655221, 4374.657394187603, 5810555.720571482, -0.0005204881841558174, 0.0007520906874429151, 0.998827648970836]
[-218.36491226514147, 194.2252565106819, 305840.1984073899, -4161.656194424657, 3688.991781942614, 5817989.960897441, -0.0007154193059589976, 0.0006342215534258654, 1.0001057881828337]
[-126.19767898605778, 257.86913237069115, 305401.8310010734, -2409.487289146, 4899.008970923722, 5809770.335724153, -0.0004142245224640601, 0.0008422283378644839, 0.9986925952984949]
[-104.97985563252469, 268.2776630433732, 305540.0690870868, -2006.1237835682318, 5096.875900425925, 5812426.1104430575, -0.0003448875700608223, 0.0008762426382870885, 0.9991491473387439]
[-122.43842131415519, 280.49123809819656, 305563.3396633113, -2338.0817941724727, 5329.155035218986, 5812858.3820689, -0.0004019506336958104, 0.0009161704711576038, 0.9992234707938762]
[-195.15362769439372, 198.66093821875043, 305294.8210349375, -3720.386723150539, 3773.2559869314073, 5807645.823570947, -0.0006395652004110108, 0.000648707777203855, 0.9983274278631349]
[-124.25920082057544, 245.36787985710748, 305057.9389944872, -2372.6238171392056, 4661.262669198473, 5803228.4727896, -0.00040788734725576365, 0.0008013598202407953, 0.9975679364479926]
[-179.89237788402386, 243.82337107750226, 305468.44542008784, -3430.3183806298757, 4632.03659825457, 5810977.261578386, -0.0005897038021525308, 0.0007963328254970622, 0.9989001359986084]
[-103.24980929578561, 272.34106057734556, 305422.003761698, -1973.2476862003832, 5174.110806874905, 5810184.172169454, -0.0003392364954450532, 0.0008895193517595751, 0.9987637162641191]
[-120.08208352011914, 247.05137305598493, 305080.29289217124, -2293.174719538675, 4693.268477034253, 5803650.719496478, -0.0003942306460513782, 0.0008068618356039354, 0.9976405303757644]
[-126.0585481913763, 254.51053683670528, 304985.3759304126, -2406.883128941275, 4835.095361283404, 5801854.742490728, -0.0004137767604382535, 0.0008312416298405358, 0.9973317631256992]
[-122.80484417433036, 257.4327625729568, 305235.78624754655, -2344.980908001814, 4890.672961368415, 5806611.57248329, -0.00040313654716195736, 0.0008407954456937019, 0.9981495495970408]
[-124.14852677810906, 237.9990270058043, 305141.5857097719, -2370.4994481824956, 4521.100357225162, 5804813.755846274, -0.00040752292631567424, 0.0007772658295706137, 0.9978404787509536]
[-120.42898780418975, 233.18143066532832, 305196.91648158897, -2299.7544750620627, 4429.4909920346145, 5805863.1613417305, -0.0003953622587891596, 0.0007615183779414434, 0.9980208922021238]
[-104.39124400836643, 251.2581465055577, 305157.18325026636, -1994.8937524961702, 4773.178737849836, 5805132.707171043, -0.0003429573669551656, 0.0008205990411992863, 0.9978952937605828]
[-114.03085073278356, 231.54934093053458, 304980.7179877626, -2178.083714088002, 4398.432750516835, 5801751.066880761, -0.0003744469959082443, 0.0007561797386051269, 0.9973139518437745]
[-333.73897085833636, 96.44750137628273, 306204.46748809185, -6354.846112153056, 1829.938582456828, 5824734.848149776, -0.001092425775039171, 0.00031464388381187305, 1.001265501601175]
[-161.640913283803, 230.1044493742528, 305218.53714574606, -3083.2846443732296, 4371.064854444117, 5806230.440052977, -0.0005300497614507346, 0.0007514726961673111, 0.9980840697798784]
[-247.40269367625083, 135.8531669093867, 305502.8539813364, -4713.562941566105, 2579.0278725742764, 5811504.452421773, -0.0008102913386774345, 0.0004434168239967824, 0.9989908734891471]
[-174.3543098599389, 193.95592145031233, 305320.6823038144, -3324.893969518751, 3683.6917304171093, 5808139.56923437, -0.0005715821290299814, 0.0006333125452853383, 0.9984123097790489]
[-168.90043796931985, 191.83361444626783, 304763.1216362443, -3221.121951334435, 3643.3516250376147, 5797524.945851219, -0.0005537429214646701, 0.0006263785299593237, 0.9965874799637815]
[-360.63654675966075, 79.7620710854467, 306112.4534439078, -6866.2023473512345, 1512.7053681949174, 5822949.130154821, -0.0011803269219959078, 0.0002601101249478483, 1.0009585348760435]
[-207.40011323339655, 180.36073676171299, 304874.45485487225, -3953.167446136611, 3425.233492972403, 5799618.159640291, -0.0006795802166674591, 0.0005888820318211245, 0.9969473596592698]
[-104.58447930104651, 234.83145035663546, 304897.8006538849, -1998.5408939227677, 4460.77650293602, 5800185.395332296, -0.0003435844262160831, 0.0007668971297011672, 0.997044776398561]
[-203.18961186747447, 187.63291097586696, 304556.9918351945, -3873.261345272988, 3563.4462296152215, 5793609.95954196, -0.0006658440012698322, 0.0006126413063028193, 0.9959144213269499]
[-101.1421419645496, 229.52236477622193, 304918.69278207823, -1933.1265669068057, 4359.774361857166, 5800591.105757903, -0.00033233990442578824, 0.0007495350496292392, 0.997114518224119]
[-102.72687342607847, 239.4810616852405, 304784.2924651431, -1963.2374682836264, 4549.1756154010045, 5798028.901127317, -0.00033751579411907316, 0.0007820930672310536, 0.9966740356509697]
[-124.78138641254012, 261.2142294745454, 304568.25713064865, -2382.6028499099652, 4962.506726716315, 5793908.616349281, -0.0004096034577127745, 0.0008531435588384758, 0.9959656964858673]
[-82.24928514974843, 250.8519244155938, 304565.9651851398, -1573.8888568879775, 4765.354887768965, 5793890.674633695, -0.00027058719661149995, 0.0008192552330705235, 0.9959625909824982]
[-102.44046241432787, 281.67712626910065, 304952.0915124027, -1957.8675894550063, 5351.593888729267, 5801230.354237103, -0.0003365933323800871, 0.0009200285470323801, 0.9972244128444935]
[-126.34986993576952, 250.45350917422564, 304850.8865514358, -2412.4107087065363, 4757.8738294934465, 5799276.860962157, -0.0004147280008663897, 0.0008179669991750967, 0.9968885968755705]
[-79.45172849714278, 278.0937093001845, 304758.4094520529, -1520.8287571425221, 5283.363619779578, 5797572.69052863, -0.0002614668863744228, 0.0009083010302167691, 0.996595575579256]
[-191.12295820825483, 168.13403180323766, 305072.92480458616, -3643.7122351053094, 3192.6500267373526, 5803399.256799373, -0.0006263861509252619, 0.0005489014904817248, 0.9975973907624258]
[-143.37109922763722, 245.69990092003405, 304669.7765300136, -2736.0159965039584, 4667.523675723078, 5795811.19568055, -0.0004703547630065849, 0.0008024350118280983, 0.9962928060682135]
[-81.40721592612061, 267.17900636563235, 304707.14545665315, -1557.9620231853517, 5075.824728540593, 5796584.113409738, -0.0002678499248309566, 0.0008726249332622518, 0.9964256331142579]
[-121.8026071761881, 251.88234574947694, 304770.89879956614, -2325.8608822263905, 4785.066148036528, 5797737.0075505925, -0.0003998502238914775, 0.0008226414225908819, 0.9966238845095786]
[-111.87412644477092, 246.35410989813516, 304830.66141076403, -2137.127062104262, 4679.891092907014, 5798887.891250367, -0.0003674073659427334, 0.000804562401127697, 0.9968217297478601]
[208.7683467613174, 185.21243060741773, 303811.44014082133, 3959.3823144101634, 3516.450750580826, 5779743.9209363675, 0.0006805748371649974, 0.0006045793612234862, 0.9935303513057009]
[-220.99773795584724, 179.11854568298844, 305257.67418186157, -4211.6469549161375, 3401.6361625855125, 5806869.818500631, -0.0007240135402245101, 0.0005848247020893216, 0.998194076038327]
[-130.0719630458999, 260.6310805259134, 304899.10904118046, -2483.096999689991, 4951.456374706748, 5800166.826439853, -0.0004268790186868863, 0.0008512433479483763, 0.9970416196782108]
[-133.0129011428741, 263.49760827485363, 304885.08341823163, -2539.057315678664, 5005.956020600432, 5799904.379336861, -0.0004364985076457703, 0.0008606119002930462, 0.9969964969305556]
[-133.32412538585822, 260.89894333838606, 305171.80925603857, -2544.9504419529844, 4956.53870005627, 5805352.5139867375, -0.00043751203476498514, 0.0008521168632567301, 0.9979331301844946]
[-119.23958102470176, 258.35887320716745, 305058.9011561053, -2277.183929258317, 4908.192120698976, 5803220.621202813, -0.00039148332098701673, 0.0008438069883971692, 0.9975666080455522]
[-133.73702786357984, 236.5240900372726, 304974.8999529644, -2552.7510550072284, 4493.0291186441855, 5801596.480211306, -0.00043885241856370024, 0.0007724397240121694, 0.9972874116961071]
[-56.347672605955054, 292.25407048441605, 304688.1706786022, -1081.5771052907323, 5552.574291444566, 5796249.941216623, -0.0001859603152449787, 0.000954579592757033, 0.9963681612249415]
[-149.2733747553247, 220.1209940958269, 305112.58829026873, -2848.0722242933775, 4181.171152921528, 5804187.068106802, -0.0004896176926752832, 0.0007188305008406847, 0.9977328018216668]
[-122.52271741572102, 254.3024567403404, 304873.27148442593, -2339.575817128317, 4831.079480680099, 5799679.378220633, -0.0004022078017133747, 0.0008305512584552634, 0.9969578156132507]
[-114.82467126315387, 254.05642577802928, 304874.43184574536, -2193.2742647713276, 4826.345480032907, 5799719.377595219, -0.0003770588021682978, 0.0008297379199384361, 0.9969646775132645]
[-196.86201581351818, 187.9779573750917, 305175.4270065267, -3752.803657284311, 3570.0470250952367, 5805327.532753483, -0.0006451389359075425, 0.0006137759542312385, 0.9979289123030433]
[-135.10708521958077, 261.6366774459507, 304956.7817464212, -2578.7630318012807, 4970.638024020514, 5801240.3454076005, -0.00044332367662138275, 0.0008545406393597565, 0.9972261953881634]
[-107.37412269546175, 252.6086061878022, 305003.0106649731, -2051.5902579646345, 4798.81157095232, 5802164.156478723, -0.0003527036991467289, 0.0008250051615946224, 0.9973849780526681]
[-181.40471194579814, 214.55697787533748, 305357.4723936791, -3459.0267967055433, 4075.4085144329406, 5808823.632047527, -0.0005946395821027277, 0.0007006482830934438, 0.9985299248885758]
[-136.70331873296954, 244.18328589804895, 305353.20591450576, -2609.1481226500337, 4638.687998920659, 5808785.476518702, -0.0004485472992968153, 0.0007974782543133246, 0.9985233300751215]
[-161.45636100686045, 222.3138776540527, 304917.8704632217, -3079.697750363232, 4222.890872134649, 5800471.00746895, -0.0005294327444154267, 0.0007260017851832865, 0.997093956808577]
[-117.99619872654131, 258.89046174885095, 305237.1012151324, -2253.5485680443912, 4918.29529740233, 5806607.2752919225, -0.00038742007625975776, 0.000845543721952757, 0.9981488348419367]
[-86.84394097616317, 300.3013791427696, 305334.4487633874, -1661.3972439223521, 5705.689843332967, 5808510.530940844, -0.0002856307084325818, 0.000980898256533977, 0.998475995145121]
[-145.90631389285528, 261.5609470226551, 305247.04701644386, -2784.140690136776, 4969.1820272087425, 5806761.655081689, -0.0004786276740761575, 0.0008542897494260796, 0.998175403901947]
[-193.2686086518069, 238.92017832476475, 305670.3146315717, -3684.6218472366495, 4538.738795009963, 5814768.774208187, -0.000633419158574871, 0.0007802940784368169, 0.9995520021295744]
[-152.41750735505775, 253.62487546601812, 305522.50696128677, -2908.0261582582243, 4818.243753827622, 5812010.867189894, -0.0004999236658612396, 0.0008283432148732195, 0.9990778263435252]
[-161.51042768066725, 251.76528980812026, 305841.6777885236, -3080.800850597147, 4782.964983065958, 5818052.686533997, -0.0005296238459278262, 0.000822278017364875, 1.0001165434761525]
[-104.61636360398703, 252.96166737830953, 305730.564223583, -1999.234089076801, 4805.504712126458, 5816016.635166399, -0.00034370444398475837, 0.0008261556983293735, 0.999766447591663]
[-157.99944952486015, 216.67031821822337, 305861.3282357829, -3014.1128402457216, 4115.523568398331, 5818441.487306362, -0.0005181599712012798, 0.0007075451793457319, 1.0001833727451144]
[-148.0383180153632, 235.90669251942873, 305485.10588025744, -2824.6862892904765, 4481.340076484901, 5811288.384076625, -0.00048559718550459627, 0.0007704296167476366, 0.9989536280698104]
[-127.39746170824687, 238.54713877114972, 305308.32109328674, -2432.22293477214, 4531.5206451644135, 5807940.424834473, -0.000418133181755814, 0.0007790568399390508, 0.9983780439424932]
[-159.7147016447249, 183.52566055728016, 305615.57094717026, -3046.5407540493056, 3485.2861466034847, 5813733.646232726, -0.0005237334663830334, 0.0005992074866803446, 0.9993740406833459]
[-139.71801914413504, 239.64202363039763, 305714.91384692915, -2666.479976139354, 4552.355383550445, 5815665.597729249, -0.0004584020671902178, 0.0007826375225919257, 0.9997061418819768]
[-136.3412634977735, 255.25044187429253, 305754.7886257843, -2602.329117407892, 4849.108598782996, 5816441.12870568, -0.0004473744630682565, 0.0008336492823739426, 0.9998394550902467]
[-109.62206495998709, 268.1659904320909, 305820.02979277784, -2094.3862794245265, 5094.679806620843, 5817712.619763816, -0.0003600605437438143, 0.0008758647554303993, 1.0000580213874082]
[-102.51806954383349, 268.98672462372247, 305922.292046636, -1959.3381437842902, 5110.274817378385, 5819667.692328197, -0.0003368460580381249, 0.0008785457297509189, 1.000394124042187]
[-137.91995584735815, 243.1425719731596, 305848.37845091784, -2632.404776496595, 4618.898260922405, 5818227.4214236615, -0.0004525445134557314, 0.0007940765030943963, 1.0001465446995579]
[-152.97865176283315, 248.144562212455, 306164.2759682325, -2918.6090514405723, 4714.108256119528, 5824203.491978388, -0.0005017430996172348, 0.0008104421370015249, 1.0011739613340305]
[-177.09700700024817, 218.3936236647292, 305202.05460124416, -3377.174304453616, 4148.387394910042, 5805885.556108027, -0.0005805672996064649, 0.0007131940026851727, 0.9980248039569177]
[-219.9177799953955, 212.06429898945618, 305685.5752255437, -4191.249622890775, 4028.1587310149353, 5815031.838079852, -0.000720506102587349, 0.0006925243302427043, 0.9995972496456511]
[-114.35281294257602, 275.79538726787075, 305830.5438075925, -2184.3551459467644, 5239.790108263399, 5817917.42516417, -0.000375525469029396, 0.0009008089147201114, 1.0000932270324634]
[-109.20553964139863, 263.1735635086833, 305789.82900344854, -2086.427289701781, 4999.77903809459, 5817136.677205019, -0.0003586917095045276, 0.0008595513088503002, 0.9999590081204222]
[-146.1984938106832, 247.04452413010245, 305988.49913158116, -2789.7982672085022, 4693.13084868246, 5820889.1468411395, -0.0004795998970143268, 0.0008068365027908017, 1.0006041442239078]
[-114.69938878300431, 259.460123295921, 305982.0511217704, -2190.884311102666, 4929.177715140819, 5820789.761541607, -0.0003766478553850253, 0.0008474146551487256, 1.0005870391178946]
[-143.34562781585353, 257.6073275277221, 306428.70091475954, -2735.4871087990164, 4894.038337189604, 5829250.996533524, -0.00047026477083568697, 0.0008413725108143262, 1.0020417000499942]
[-167.0902511519472, 264.37286253601894, 306172.55723871215, -3187.0250790044784, 5022.721767405451, 5824376.342313765, -0.0005478825549213274, 0.0008634920697655433, 1.0012036647388363]
[-99.78810072343893, 273.1028164011301, 306110.3954819507, -1907.4593809146365, 5188.56474243178, 5823259.931890009, -0.00032792770174304566, 0.0008920041561229679, 1.001011680439097]
[-135.65387102655308, 237.15776772843085, 305898.58429658896, -2589.257865184487, 4505.136617557637, 5819179.739628319, -0.00044512685132512667, 0.0007745212376512281, 1.0003102668430899]
[-106.45686942651776, 298.831777532771, 306298.59327675117, -2034.2864412736292, 5677.860869615884, 5826840.37939417, -0.00034972935720222056, 0.0009761137808788126, 1.001627220705955]
[-210.4842974313748, 222.8859390410244, 306691.6054559005, -4011.919811758035, 4233.952110588662, 5834182.735799724, -0.0006896809912592318, 0.0007279004485521031, 1.0028896078430973]
[-120.74424274045187, 261.25574754828824, 306205.2784470275, -2305.819218880534, 4963.371305104431, 5825033.028345116, -0.00039640468442088606, 0.000853292159873213, 1.001316532337895]
[-59.64777064019731, 326.7544160612673, 305779.66228741355, -1144.4488173231327, 6208.703008752615, 5817039.851172013, -0.00019676687074396125, 0.001067368322483253, 0.9999422829642892]
[-132.55495182942892, 266.9062381969235, 306147.2911307589, -2530.4149051223585, 5070.840087508566, 5823928.65803223, -0.00043501198344749435, 0.0008717656367968575, 1.0011266731160129]
[-124.98127360364165, 260.10609648834844, 306194.2165997744, -2386.351534532673, 4941.537445650841, 5824815.0942516625, -0.00041024784487928673, 0.0008495389650738589, 1.0012790718617193]
[-112.9768588629051, 271.48654580913797, 306416.28540543106, -2158.1987925495923, 5157.897380732109, 5829064.612802717, -0.00037102917711813156, 0.0008867317213060854, 1.0020096166953194]
[-124.32237283123777, 258.02189498413503, 306198.76997864683, -2373.8248007689685, 4901.902355015431, 5824903.198044979, -0.0004080942756647009, 0.0008427256540717533, 1.001294217204383]
[-97.75762357191122, 278.08563786485263, 306377.9902121636, -1868.8705775126086, 5283.3498805247655, 5828355.651092392, -0.0003212939746105385, 0.0009082978216053396, 1.0018877179797123]
[-328.9684068128661, 446.70578430042593, 306625.7629055936, -6265.378318277715, 8490.356224709798, 5832968.719493695, -0.0010770485605040583, 0.0014595747502578566, 1.0026808660046957]
[-162.78168943803996, 235.74416623632465, 306390.4831139836, -3105.006375407322, 4478.3572484680135, 5828508.966232909, -0.000533782967952654, 0.0007699163955089106, 1.0019141445630182]
[-98.3177730627163, 245.11648529964944, 306330.5625072072, -1879.444788973463, 4656.416631578987, 5827439.284017128, -0.00032311121197536527, 0.0008005281752300904, 1.0017301902930358]
[-181.73918653163892, 241.3673116851188, 306820.3265157428, -3465.536570997655, 4585.33498722424, 5836683.275682046, -0.0005957579845670953, 0.000788304664369698, 1.0033194512065027]
[-101.69391704758962, 251.91906924022817, 306605.4229687969, -1943.6865898564101, 4785.774824045544, 5832674.751018378, -0.00033415459345021445, 0.00082276451420142, 1.0026302516314765]
[-104.29586266306606, 263.4340880921891, 306575.5545715956, -1993.14061763641, 5004.772782477162, 5832101.338475589, -0.0003426555447905502, 0.0008604101472581154, 1.002531676424287]
[-146.83895024392788, 242.2839422740085, 306667.4668488569, -2801.944804926781, 4602.695841579203, 5833801.045975457, -0.0004816874250508949, 0.0007912909790633597, 1.0028239253208506]
[-89.78846657938955, 245.8822759880664, 306383.0638359456, -1717.2591593730313, 4670.988281510723, 5828443.87683661, -0.0002952314600091318, 0.0008030334478114476, 1.0019028922931839]
[-86.84847293480705, 276.31509186829123, 306595.10487458383, -1661.489703057014, 5249.667935197916, 5832504.6160335755, -0.00028564521897245026, 0.0009025086229514701, 1.0026009810853675]
[-92.69365712725033, 241.45299486346528, 306481.0473934088, -1772.485718982419, 4586.781310926175, 5830303.643673396, -0.0003047249346847084, 0.000788558367952923, 1.0022226216465768]
[-129.0623088643346, 227.24200094140272, 306332.2598978127, -2463.9566178311898, 4316.610885642686, 5827444.148160083, -0.0004235868196346056, 0.0007421141483900767, 1.0017310489839875]
[-98.7880457559257, 254.3862562731829, 306871.44423127867, -1888.436279153329, 4832.718620081773, 5837739.7770322, -0.0003246570546105538, 0.0008308342648754333, 1.0035010131079458]
[-121.85889624991212, 283.61138637468457, 306767.2330944872, -2327.0975128448217, 5388.529302748037, 5835744.191291347, -0.00040006192604498695, 0.0009263769997054128, 1.0031579483576847]
[-123.30948886257575, 255.69052841177074, 306818.72991565365, -2354.6227000176364, 4857.591537863469, 5836712.150484547, -0.0004047933912093286, 0.0008351088109789266, 1.0033243667595253]
[-121.16330122391187, 246.02484432821885, 306686.61739436066, -2313.7462290975154, 4673.811232818991, 5834187.54989838, -0.00039776645265861347, 0.0008035170875094013, 1.0028903538146627]
[-111.70100051427877, 264.2142583297366, 306848.5240437569, -2133.906422704221, 5019.671528808151, 5837287.871710176, -0.00036685262135373895, 0.0008629708520196817, 1.0034233358211662]
[-108.08400273294684, 253.59954300458713, 306794.7822702789, -2065.122153366822, 4817.800275938276, 5836267.962030741, -0.00035502850787925505, 0.0008282694167192682, 1.0032479938077867]
[-110.35696095863052, 226.1006603008549, 306675.0565922595, -2108.3600041840264, 4294.858515975167, 5833993.722390262, -0.00036246062833107906, 0.000738375849389971, 1.0028570101589251]
[-95.35771091179818, 252.75906265332947, 306909.0404645042, -1823.244005532164, 4801.78613481487, 5838467.835655262, -0.0003134502755834185, 0.0008255174289557865, 1.0036261683818917]
[-109.82107084173683, 247.5236345850117, 306939.6021283457, -2098.1889970741895, 4702.2695181907075, 5839029.697952451, -0.0003607127279972665, 0.0008084096676781269, 1.003722778163396]
[-74.94137832352993, 279.8599989296597, 307205.76976758137, -1435.1784586842082, 5317.056998744516, 5844151.536155277, -0.000246743066334231, 0.0009140933080180672, 1.0046032623850822]
[-122.06870932472933, 254.771193663083, 306851.2207624021, -2331.02593468355, 4840.13733689128, 5837335.425066946, -0.00040073671625686014, 0.0008321085540866741, 1.0034315141300107]
[-108.55977867228341, 241.8158570104498, 306901.4548911343, -2074.159948045568, 4593.732422490439, 5838299.994055067, -0.0003565819702728386, 0.0007897522528657107, 1.003597332801493]
[-91.70335836782814, 269.2829147290255, 307046.1744066723, -1753.7496069719132, 5116.003956684673, 5841082.466452359, -0.0003015043925779083, 0.0008795315371403472, 1.0040756635679762]
[-300.8063221527636, 131.54820902560783, 307655.9118748674, -5728.9819265815, 2497.363201379152, 5852418.800036094, -0.00098483948364318, 0.00042937576704345963, 1.006024789613268]
[-104.02149794584508, 246.02366124745112, 306941.8037799491, -1987.9164574764332, 4673.7402165541935, 5839080.488780914, -0.0003417568755708324, 0.0008035060225441653, 1.003731502684939]
[-91.16640256135614, 235.3443359678113, 306912.0158597637, -1743.5417020021077, 4470.609404318551, 5838532.498111257, -0.00029974918745442794, 0.0007685885826566459, 1.0036372783689318]
[-74.78885660673869, 255.37872073432516, 307096.0939334986, -1432.2229190223466, 4851.639888571701, 5842051.820851792, -0.00024623464920236376, 0.0008340886426308081, 1.0042422961134594]
[-75.04801870720415, 362.57990214834587, 306923.2246855653, -1437.4769633816545, 6890.144829266432, 5838828.82518862, -0.00024713832853411435, 0.0011845085970132868, 1.003688154035411]
[-131.12750499015817, 260.71125754305524, 307153.8805261229, -2503.351870558692, 4953.102514956093, 5843107.021826553, -0.0004303594971858806, 0.0008515267337977587, 1.0044237394216426]
[-119.82489878077884, 257.71336542208553, 307177.8415874864, -2288.418513515051, 4896.0908121179855, 5843565.329886081, -0.00039341294448356134, 0.000841726966227919, 1.00450252842188]
[-192.01944566659677, 212.02425628099243, 307087.36235137784, -3660.8773871066596, 4027.4614356696675, 5841750.556223045, -0.0006293354907415591, 0.0006924057072048662, 1.0041906142352495]
[-159.11161359397164, 246.6360972486886, 307079.15847466653, -3035.2818230862545, 4685.566095241239, 5841638.269646925, -0.0005217970192762378, 0.00080553567104515, 1.0041712743879432]
[-92.8936545382187, 244.51754751363893, 306898.7510671777, -1776.3766874926969, 4645.101114814196, 5838281.375365876, -0.0003053934132006392, 0.000798583505121759, 1.0035941050522261]
[-110.26770865371874, 252.4253692637776, 306768.4935072746, -2106.652142744936, 4795.552592276765, 5835779.086566287, -0.00036216687734458807, 0.0008244451110618225, 1.0031639385140718]
[-38.86175799403452, 283.96281309640085, 306377.38651256985, -749.1387673834049, 5395.083297159123, 5828426.071021, -0.00012881239407262974, 0.0009275084168249017, 1.0018997572991126]
[-171.71251442416013, 227.06643044056176, 306697.4320798233, -3274.8296421125983, 4313.456924652842, 5834363.588503313, -0.0005629741038448881, 0.0007415697836378024, 1.0029206421964092]
[-161.27479767609947, 244.9189778946564, 306744.8113958469, -3076.443315963527, 4652.912504266287, 5835286.203286222, -0.000528871968573577, 0.0007999225563704775, 1.0030792381008948]
[-163.95341485538378, 229.62856900100707, 306681.80954270804, -3127.3297744687084, 4362.158423783805, 5834077.749053275, -0.0005376190825005162, 0.0007499418156643609, 1.0028714921803485]
[-116.56123909768434, 258.00353758435034, 306652.6019786027, -2226.339720939837, 4901.633879232111, 5833576.947299726, -0.00038274084563642017, 0.0008426802939671125, 1.0027853508458817]
[-149.2121961059755, 244.2312380871878, 306590.7661713173, -2847.0782407391607, 4639.841286075052, 5832362.311591565, -0.0004894443922289582, 0.0007976763645505111, 1.002576565452463]
[-85.16447114561576, 272.2763371687063, 306449.4703639615, -1629.4483445392707, 5172.978976366774, 5829750.62945185, -0.000280136077109453, 0.0008893261790202212, 1.0021275099360893]
[-243.08354901455698, 210.93660251740067, 307076.55595320073, -4631.74997526225, 4006.929533295265, 5841502.296417284, -0.00079622683686461, 0.0006888737004311967, 1.0041479690633166]
[-25.914390049766983, 349.1381046416833, 306536.3074435714, -503.21518931163115, 6634.420677916161, 5831506.543602141, -8.653925016261232e-05, 0.0011405509391853989, 1.0024292966210764]
[-144.67582057789562, 249.57162469003146, 306425.07253774756, -2760.8698413938205, 4741.393594793424, 5829222.079638313, -0.0004746251976747814, 0.0008151334588384647, 1.0020366958917541]
[-155.23492475194837, 248.3409533246952, 306502.5657692323, -2961.611585017111, 4718.007131584602, 5830684.689434444, -0.0005091324987406714, 0.000811112684106903, 1.0022881531485068]
[-172.05173009679083, 253.99247029349408, 306662.45028599555, -3281.3769176834303, 4825.501681737338, 5833716.885842422, -0.0005640998659415522, 0.0008295899946101689, 1.002809447515226]
[-155.63597296899619, 247.2271457031991, 306035.3745114146, -2969.104922642862, 4696.902053724193, 5821773.199270872, -0.0005104199035224824, 0.0008074849790107091, 1.000756134327056]
[-124.26986977491794, 263.8339114499543, 306668.63838901644, -2372.9504301067227, 5012.544986561829, 5833882.20433753, -0.0004079434111761297, 0.000861745303516136, 1.0028378296247455]
[-137.60156473986976, 249.58049854857234, 306284.037900185, -2626.3162009102016, 4741.568725299452, 5826535.717247112, -0.0004514958566603464, 0.0008151640267226292, 1.001574866785807]
[-130.58543799868448, 246.0397236651586, 306177.64019494125, -2492.9377762610084, 4674.2207955499125, 5824520.9256465165, -0.0004285681831786208, 0.0008035873196372362, 1.0012284818810908]
[-138.66644290254789, 240.18845658962385, 306299.51231489354, -2646.5663754260895, 4562.970396952149, 5826828.40158273, -0.00045497687562065937, 0.0007844628769871732, 1.001625185641951]
[-150.0669624341076, 230.48330931507988, 306433.09069531324, -2863.397903378504, 4378.403777392359, 5829372.005635106, -0.000492249916481445, 0.000752735082834548, 1.0020624728837069]
[-139.20105389466528, 259.88130595978384, 306187.7436498056, -2656.821253492948, 4937.426517482596, 5824718.875724296, -0.00045673964926544095, 0.000848831825596389, 1.0012625081962454]
[-130.3867365093383, 258.300064300019, 306192.54452270415, -2489.227061128827, 4907.337645005497, 5824816.064109413, -0.00042793058880235743, 0.0008436599213716939, 1.0012792117523113]
[-99.10552362490102, 278.75523710928974, 305983.82031005825, -1894.5876628525677, 5296.246667745916, 5820892.172074087, -0.0003257129711792523, 0.0009105150262351507, 1.0006045889415711]
[-78.82980612032063, 285.0183045021521, 306447.34678236785, -1509.1164923012175, 5415.3052601910795, 5829728.137830319, -0.00025945237775089043, 0.0009309821695867926, 1.002123628574935]
[-102.77086371597643, 291.0836163599208, 305886.0969231097, -1964.2854062039908, 5530.708742723156, 5819030.049239693, -0.0003376939841585811, 0.0009508189819211466, 1.0002844605345298]
[-272.2326613820085, 158.57597728098813, 304453.14717246155, -5185.689684951691, 3011.4276746557325, 5791527.516064857, -0.0008914437885325713, 0.0005177466124545642, 0.9955565010816844]
[-99.98116619696901, 279.82775059011493, 305749.1394518391, -1911.1761282653542, 5316.683908572413, 5816412.368363846, -0.00032856449235857323, 0.0009140281662195335, 0.9998344462347359]
[-59.500888133291824, 288.9088081545504, 305224.6416798267, -1141.6608709930065, 5489.237092009768, 5806496.233566154, -0.00019628544027646295, 0.0009436925221178916, 0.9981296416847147]
[-56.27028415997127, 267.42693741796006, 305491.78562313743, -1080.1551960411095, 5080.732152958456, 5811563.509608271, -0.00018571329934270235, 0.0008734705789480439, 0.9990008056279888]
[-91.84951798206136, 242.88395908389168, 305452.9626526132, -1756.575523181114, 4614.113273915538, 5810784.409690934, -0.0003019885281254698, 0.0007932569799924145, 0.9988668981670519]
[-131.0013021461029, 237.22331348153935, 305980.98558539845, -2500.8943033460523, 4506.566226760644, 5820779.302221623, -0.00042993655550429947, 0.0007747673924452352, 1.00058523294614]
[-140.2954756484154, 263.3591521470612, 305925.9956601915, -2677.6790357877458, 5003.583493415304, 5819739.504781265, -0.0004603254887208342, 0.0008602040767287036, 1.0004064687264123]
[-121.39494062323743, 254.47746758976803, 305199.75523138075, -2318.3059109487963, 4834.653486138177, 5805939.256367544, -0.000398548608039586, 0.0008311662861025554, 0.9980339561526853]
[-136.82150597715957, 255.40229540222188, 305442.24622081255, -2611.6215065265496, 4852.282563697023, 5810538.093969638, -0.0004489694875237144, 0.0008341956666212512, 0.9988245870261643]
[-166.02061741590228, 252.94068722598777, 305344.28624245233, -3166.7704274185458, 4805.531589505521, 5808647.720212312, -0.0005443983198817508, 0.0008261576689795502, 0.9984996212503354]
[-188.70943372699463, 255.71981945399455, 304921.3464440032, -3598.0503909492163, 4858.462833730451, 5800565.761618584, -0.0006185337818841167, 0.0008352554802571511, 0.9971102232299376]
[-173.24684460558382, 227.30046575656394, 304840.9947479682, -3304.050367929444, 4318.004912845787, 5799046.311589424, -0.0005679956420015102, 0.0007423518457376347, 0.9968489961763507]
[-116.25572133861722, 252.72152709912373, 305337.54546225816, -2220.5705478160858, 4801.263252422692, 5808553.616652739, -0.0003817488122664544, 0.0008254264807373755, 0.998483415279401]
[-101.80555167172935, 336.46274095893085, 307212.72008512577, -1946.2536880264017, 6393.560601988402, 5844305.857414657, -0.0003345982527861014, 0.0010991421007914943, 1.0046297747621074]
[-119.23123972078847, 266.90292820523, 305297.6125764039, -2277.1884369885265, 5070.94648976569, 5807797.942206593, -0.00039148140742858284, 0.0008717848833890595, 0.9983534985829401]
[-107.93317910162037, 291.8152553163749, 305166.47209257586, -2062.3734728242457, 5544.689094961848, 5805311.141654266, -0.0003545550643834322, 0.0009532217231815531, 0.9979259683007757]
[-129.8344253682103, 262.72031639935, 305131.2939408236, -2478.7230883410903, 4991.453661711499, 5804612.113748845, -0.00042612471038200734, 0.0008581196510479878, 0.9978058178039243]
[-135.36786648398962, 247.16236068004474, 305059.19936297013, -2583.92699139202, 4695.609981820926, 5803234.362758816, -0.00044420894859722944, 0.0008072639975310379, 0.9975689638473525]
[-181.59827019255033, 228.09398571369175, 305253.45949628425, -3462.7944578404986, 4333.119041066864, 5806870.23501101, -0.000595284807779101, 0.0007449491632523671, 0.9981940816392565]
[-52.50814923296046, 280.39865932820834, 304829.3751835945, -1008.700404991999, 5327.39679030698, 5798966.361663177, -0.0001734305174290166, 0.0009158725237385363, 0.9968351358572913]
[-116.83690878236958, 246.8090989587022, 304675.8870935007, -2231.615910228506, 4688.832733811488, 5795962.155011672, -0.0003836467544194148, 0.0008060998651471284, 0.996318730142219]
[-148.0344929616432, 265.0727254104141, 305104.1392480044, -2824.843573932849, 5036.20358787854, 5804091.188837641, -0.0004856222716857233, 0.0008658110667930446, 0.9977162654158757]
[-135.54126236055623, 255.6217342306291, 304826.2924321804, -2587.2492106566388, 4856.469145278223, 5798806.223384076, -0.0004447798123903081, 0.0008349154685689849, 0.9968076884537782]
[-277.8135688427293, 167.29555443608038, 305098.12792441604, -5291.84831985269, 3177.2540127824855, 5803777.739278631, -0.0009096952149515482, 0.0005462508977821979, 0.9976625410983524]
[-89.50915570905349, 292.8668657931909, 304683.32460027776, -1712.1668850345197, 5564.598852354207, 5796148.158596691, -0.0002943549640795911, 0.000956645325881682, 0.9963506708991678]
[-261.27021168168415, 140.3446063249989, 304797.72403241857, -4977.272075489907, 2664.700305621744, 5798070.17691199, -0.0008556195799736095, 0.0004581439263724522, 0.9966813071233778]
[-123.14019834721502, 259.74190912510016, 304723.3715154601, -2351.431880722223, 4934.8166322820425, 5796848.594283065, -0.0004042433937931753, 0.0008483839582069258, 0.9964711381183927]
[-145.7857987151363, 230.33950350849352, 304754.0145701416, -2781.9244001447796, 4375.741876649693, 5797399.629778799, -0.0004782442009164967, 0.0007522778873957541, 0.9965658967214206]
[-147.1760064478964, 214.08093868492983, 304299.3845640735, -2808.181268780238, 4066.635196800631, 5788718.658230249, -0.00048275688772592314, 0.0006991425750256649, 0.9950735149256257]
[-132.1195818672775, 217.06117307715732, 304159.49631802685, -2521.9786338864656, 4123.242242135153, 5786082.852225463, -0.0004335590088318308, 0.0007088741905033821, 0.9946203537880376]
[-132.5227563000757, 227.20883387931147, 304535.52457368054, -2529.7382513725665, 4316.172658368211, 5793251.0107418485, -0.0004348936687235222, 0.0007420387902570514, 0.9958526713721654]
[-193.3486905035138, 181.59026155591977, 304651.60437475075, -3686.065421967167, 3448.836581843422, 5795379.019206642, -0.0006336640377991574, 0.0005929405740884926, 0.9962185783249392]
[-134.244077755883, 226.66917004525436, 304060.52419744304, -2562.431364254252, 4305.93920589277, 5784208.651868811, -0.0004405127438156028, 0.0007402798412141619, 0.9942981394835578]
[-152.35235013053784, 273.5924739951378, 304946.9511985826, -2906.8587014477603, 5198.2570699793, 5801076.587858077, -0.0004997209879152679, 0.0008936677768545343, 0.9971980236057073]
[-134.78923338661502, 274.4908829376612, 304593.49587371986, -2572.8730279699953, 5215.332373470021, 5794357.361482034, -0.00044230894770477445, 0.0008966040892860437, 0.996042869192117]
[-196.11853355268414, 204.43295513071644, 304811.99613020965, -3738.758672922632, 3883.2322992451154, 5798429.970691596, -0.0006427224389419074, 0.0006676128675261224, 0.9967430895546393]
[-99.66470617527024, 264.4754146917431, 304668.112494074, -1905.1434229189138, 5024.75083842904, 5795820.840788244, -0.0003275276906473013, 0.0008638448353988149, 0.9962944304039535]
[-123.37317325856972, 262.28801784861497, 304752.18471192627, -2355.9079057004255, 4983.178415822772, 5797401.124182376, -0.0004050133100253439, 0.0008566972905857539, 0.9965661239026999]
[-111.85563836939, 247.15594627358468, 304567.05201088876, -2136.835110073138, 4695.424893839308, 5793872.446017691, -0.0003673548320095031, 0.0008072331388255633, 0.9959594890309952]
[-100.31464592345199, 257.25293450462453, 304570.2637250088, -1917.4893702196607, 4887.383511299578, 5793957.831613362, -0.0003296497907623048, 0.0008402314380148853, 0.9959741483922201]
[-100.25011450146366, 256.30497411464296, 304593.16519656027, -1916.2109997696055, 4869.390151772365, 5794382.372369678, -0.00032943015192273066, 0.0008371383866309634, 0.9960471433587799]
[-190.36522918875022, 476.32999430594, 304682.32417682896, -3630.2782385380783, 9053.653124749535, 5796124.658236685, -0.0006240781154928643, 0.0015564121239839267, 0.9963466344430433]
[-86.01167064226729, 291.2984884489719, 304537.5969225554, -1645.6508939653231, 5534.753292620753, 5793366.458204805, -0.00028292137225299617, 0.0009515149714128072, 0.9958724565146424]
[-107.06252603012024, 279.6740517157854, 304706.23265680124, -2045.8193496331755, 5313.75979159455, 5796543.214105755, -0.0003517098108504613, 0.0009135250469624611, 0.9964186210948384]
[-111.52260696711382, 266.0478187683374, 304535.5969632316, -2130.603464027866, 5054.649937960321, 5793290.988556507, -0.000366283657623006, 0.0008689839875588381, 0.9958595126331121]
[-84.53560696124698, 280.35976474403105, 304573.4917680159, -1617.5380827762747, 5326.756419072976, 5794040.0537021505, -0.0002780889845424437, 0.0009157604919001655, 0.9959882667374294]
[-99.33127248390156, 273.6271481625493, 304706.7722070074, -1898.8572506188143, 5198.736807014491, 5796564.768670984, -0.00032644733938464517, 0.0008937530841857707, 0.9964223174486931]
[-98.48154191355442, 281.5270958995054, 304661.9457401657, -1882.6943041235136, 5348.973773009843, 5795711.5526173785, -0.00032366895630732027, 0.0009195788826913693, 0.9962756353160926]
[-113.71055323553112, 262.9516961388171, 304571.26025744004, -2172.262029287786, 4995.730959802449, 5793978.825075625, -0.0003734447180417807, 0.0008588557408015201, 0.995977755861969]
[-115.56638428536412, 273.64562203357855, 304634.22075184336, -2207.497847269995, 5199.134802396494, 5795164.705827041, -0.00037950192295714064, 0.0008938207274566006, 0.9961816388555297]
[-104.53897825004562, 281.1441248346392, 304669.33077016944, -1997.8420454167667, 5341.706450071827, 5795843.0642719, -0.00034346260833109773, 0.0009183292885840806, 0.9962982517828648]
[-91.05705255805137, 273.81088911431624, 304721.07912085246, -1741.5475092734198, 5202.195463982191, 5796845.6694693295, -0.00029940614291688135, 0.0008943479981460148, 0.9964706019732847]
[-52.06107430350633, 303.48106867096203, 304651.4953540368, -1000.157095653625, 5766.340820970764, 5795561.179973185, -0.00017196270884009237, 0.0009913266624482463, 0.9962497440103323]
[-103.20186693589127, 267.59789712032307, 304710.81017605285, -1972.3853876426015, 5084.0919324515535, 5796627.612662976, -0.0003390866813821053, 0.0008740455048118487, 0.9964331328542795]
[-100.99999915952742, 262.83654920871663, 304719.9839400944, -1930.5271802818072, 4993.538153497215, 5796804.948322476, -0.0003318913232421716, 0.0008584794549823603, 0.9964636175948062]
[-115.78676496286042, 245.88950967620548, 304812.1701170642, -2211.622429248098, 4671.290058290465, 5798538.558427684, -0.0003802110725336069, 0.0008030841624661199, 0.9967616714342374]
[-129.01947865288633, 269.00504324875806, 304695.7143655943, -2463.2073257365464, 5110.924777696234, 5796311.031572411, -0.0004234578646147006, 0.0008786567221998785, 0.9963787312042867]
[-128.15452401755687, 252.93633771550563, 305052.8053560236, -2446.728684265964, 4805.346959112124, 5803097.148078255, -0.0004206258281995983, 0.0008261276860225028, 0.9975453870427216]
[-99.08064235343184, 264.2910368372761, 304910.70951652736, -1894.0006526102552, 5021.173303619017, 5800429.9140793085, -0.00032561276721903686, 0.0008632298433822485, 0.9970868142376069]
[-77.75505994185575, 268.4507142091033, 304890.6735028433, -1488.554833678645, 5100.233249547692, 5800069.21831741, -0.00025591737649976825, 0.0008768212600535009, 0.9970247876790774]
[-33.766890545220036, 288.9979314778422, 304686.1794397502, -652.2829016942163, 5490.8445510514075, 5796231.464496909, -0.0001121636520416925, 0.0009439698355910061, 0.996364968868215]
[-131.0844896475007, 225.26105045401988, 304916.6937532515, -2502.3514508943003, 4279.078828638738, 5800491.595291523, -0.00043018678138762625, 0.0007356621587317127, 0.9970974610157742]
[-134.52659223564774, 238.81231996152695, 305117.3468156994, -2567.822613980244, 4536.766987843879, 5804311.038184968, -0.0004414415751979301, 0.0007799585072690171, 0.9977540870181286]
[-109.58751477054827, 249.2101100841078, 304987.9414965556, -2093.7531060468636, 4734.401536962824, 5801889.299609397, -0.000359949700494152, 0.000813933211593259, 0.9973377157579593]
[32.59089895646278, 382.0636713300239, 304922.87413128663, 609.0313038730392, 7260.36272807977, 5800855.426893614, 0.00010465299156027905, 0.0012481533301613248, 0.9971598082452681]
[-180.3763196645715, 225.32518683322098, 305190.85153722117, -3439.531897619909, 4280.374972301159, 5805667.270409713, -0.000591286576742018, 0.0007358824356768132, 0.997987281121669]
[-76.87331278298689, 335.90426965014615, 305579.4714423484, -1472.018609894822, 6382.873149300356, 5813216.192928506, -0.00025307614535903744, 0.0010973068079826978, 0.9992849429241972]
[-88.72449760628736, 293.4431461706484, 305365.96938673826, -1697.162466130711, 5575.487097329581, 5809112.804013785, -0.00029177728557835145, 0.00095851657913944, 0.998579534078882]
[-126.72848188220578, 280.2446037176644, 305292.32701167924, -2419.712217647888, 5324.581779792676, 5807677.529893926, -0.0004159818828376916, 0.0009153841451145955, 0.9983328139027624]
[-123.92580589261345, 254.67222892264334, 305342.96765845636, -2366.331120827066, 4838.29919744823, 5808625.668624299, -0.0004068058017661761, 0.0008317923140922397, 0.998495827719703]
[-108.52765469875312, 272.0224123235, 305137.2411131013, -2073.667206870645, 5168.161574583493, 5804746.051970739, -0.00035649705653644084, 0.0008884966506217583, 0.9978288270507712]
[-109.39825558201443, 277.32328540182766, 305201.8292085191, -2090.15286023068, 5269.001458858607, 5805961.63182151, -0.00035933103185990356, 0.0009058307990263996, 0.9980378168649559]
[-117.38311061290167, 256.32335364047754, 305262.277323198, -2241.9421397999477, 4869.651704583546, 5807101.720370475, -0.0003854232492931732, 0.0008371822043654888, 0.9982338257519838]
[-151.60599304154098, 244.76221936771128, 305657.06868655904, -2892.566639538506, 4649.896222003632, 5814571.089971836, -0.0004972649971456641, 0.000799404348412368, 0.999517972340571]
[-156.91094332645994, 256.2589011121094, 305259.53748604207, -2993.388481496385, 4868.563389504214, 5806999.140877484, -0.0005145953520330287, 0.0008369932175765135, 0.9982162318971097]
[-96.3673339716212, 263.4692536183646, 305599.10427649284, -1842.4628018531978, 5005.451243164808, 5813543.530017441, -0.00031675413284094824, 0.0008605272659190614, 0.9993412555915908]
[-122.02011929498083, 257.62204427475393, 305273.2596134419, -2330.0528112875722, 4894.37200143914, 5807299.145700642, -0.0004005692661495989, 0.0008414316205071454, 0.9982677759756863]
[-126.524851069114, 241.70865317264864, 305260.8152673383, -2415.6818276015997, 4591.764153024771, 5807055.5095612155, -0.0004152885777930255, 0.0007894130872044214, 0.9982258963862297]
[-163.19053838829473, 235.437914613822, 305607.53139144875, -3112.7728358365953, 4472.588768882641, 5813614.925669224, -0.0005351177209625059, 0.0007689248051233688, 0.9993536025522771]
[-132.44506135138565, 255.06215863270918, 305536.02247326437, -2528.3260136015983, 4845.674766515069, 5812301.808188202, -0.00043465236556398945, 0.0008330599619609035, 0.9991278163987619]
[-124.70330458383236, 248.75001509251106, 305563.9768934078, -2381.0856708793654, 4725.635319371294, 5812832.18428276, -0.000409342080473506, 0.0008124255101972357, 0.9992189983269693]
[-127.3155189722547, 247.75158652503592, 305446.4414399237, -2430.740681397033, 4706.659133924798, 5810592.948098687, -0.00041787741376846804, 0.0008091634286267516, 0.9988340378302784]
[-268.47929373673117, 155.54012686141868, 306042.78968792, -5114.373927156117, 2953.533922931303, 5821757.257204388, -0.0008791892024201326, 0.0005077935716632708, 1.0007535221935044]
[-108.27290951624559, 266.5847819781621, 305663.5872511201, -2068.7205453957995, 5064.763127539871, 5814745.409227031, -0.00035564735991348097, 0.0008707223838113552, 0.9995478996126389]
[-173.22408362655426, 214.35416397951718, 305570.65573345654, -3303.4578764361822, 4071.7088229253427, 5812890.984808385, -0.0005678957265137902, 0.0007000130466560908, 0.9992291630464386]
[-165.11620986775597, 233.05946698669453, 305733.25785411685, -3149.383775073806, 4427.359634816395, 5816007.156938097, -0.0005414110334201603, 0.0007611497091456282, 0.9997648678493974]
[-123.57922982232935, 255.41294891581938, 305552.5425205517, -2359.7195439320003, 4852.337193135148, 5812619.518199151, -0.00040566908174898084, 0.000834205556832106, 0.9991824333941173]
[-70.01715838411715, 251.6409246296861, 305533.3089813476, -1341.350264731262, 4780.477575175885, 5812300.405453267, -0.00023061348294265154, 0.0008218556958853553, 0.9991275341180936]
[-172.0947100366541, 226.4126406871293, 305324.1710677657, -3282.0650333310155, 4300.9733454778925, 5808222.9144779965, -0.0005642178315128554, 0.0007394238945727562, 0.9984266243559946]
[-172.02219907618064, 248.54432086116347, 305673.10320859007, -3280.795039571123, 4721.807414680303, 5814879.716734966, -0.0005640002329440288, 0.0008117651610627299, 0.999571027644038]
[-73.78202839275781, 226.72423437930823, 305384.299444531, -1412.9450516700238, 4306.630635926891, 5809467.18767192, -0.000242920061127111, 0.0007404015776427578, 0.998640454069491]
[-137.7834858508481, 243.6302449633747, 305606.03714031144, -2629.663965665749, 4628.346371888103, 5813605.367632324, -0.000452072054773789, 0.0007957008964811763, 0.9993519439092396]
[-127.4326953825227, 235.05942490994647, 305720.14400497917, -2432.920188504355, 4465.278073869129, 5815796.77095513, -0.00041825232366648135, 0.0007676699632605864, 0.9997286668720937]
[-181.51932339486874, 203.71557061912642, 305940.7190193847, -3461.2295615061767, 3869.3512478947528, 5819938.606355835, -0.0005950168861431227, 0.0006652273122820792, 1.0004407640370412]
[-111.59809519445957, 236.30815691269288, 305730.8289658948, -2131.873108153381, 4488.9884628471955, 5816016.183519284, -0.00036650300554927264, 0.0007717466104340764, 0.9997663744402314]
[-145.01191002505772, 243.26884686978394, 305973.1503222432, -2767.201929630737, 4621.420138638568, 5820602.981901313, -0.00047571518865212976, 0.0007945097593242798, 1.0005549427817004]
[-114.34077366185153, 256.7406576377649, 305745.28854557476, -2184.10873561079, 4877.519731083323, 5816306.028216334, -0.00037548225843851127, 0.000838534971180889, 0.9998161916284972]
[-115.71629786281626, 245.18420384347496, 305771.0817543912, -2210.2354856477746, 4657.760989148099, 5816790.870677234, -0.0003799734170427973, 0.0008007583947443054, 0.9998995491619082]
[-107.91729358988971, 269.9626326555542, 305748.70960601344, -2062.0523454386466, 5128.908049735772, 5816391.11533858, -0.0003545010692132106, 0.0008817489843516001, 0.9998308031829877]
[-105.30570750914309, 255.86963668872195, 305798.31222091406, -2012.3102115234783, 4860.93861022684, 5817319.262823383, -0.00034595057506292315, 0.0008356850293592656, 0.9999903803611313]
[-133.0058285123475, 253.0830347210604, 306092.2895164847, -2538.9565769230217, 4808.014660255637, 5822883.893334491, -0.0004364805498749992, 0.000826585780162242, 1.0009470588252505]
[-131.6301518710536, 251.1361260317657, 305839.7043049033, -2512.823921072422, 4770.960226364017, 5818086.769128445, -0.00043198790601437886, 0.0008202163754139408, 1.0001223442014282]
[-66.20082012436835, 283.7412148827368, 306323.7763362816, -1268.947967380671, 5390.804978077883, 5827371.777278911, -0.00021816926122842576, 0.0009267707866801351, 1.0017185342838661]
[-64.32250787065031, 289.1603945514102, 306512.37291847944, -1233.2348261589686, 5493.859040004732, 5830959.645106224, -0.00021203065084186905, 0.0009444857564533927, 1.0023353503678092]
[-173.61364903100815, 234.0724919891426, 305671.56753344595, -3310.8546249399033, 4446.645874049655, 5814816.059710099, -0.0005691674105502956, 0.000764464594063373, 0.9995601121147919]
[-130.12685055860368, 277.3023197342322, 305846.99769797805, -2484.1885218467487, 5268.592434814196, 5818216.331227554, -0.00042706569100079604, 0.0009057592746439548, 1.0001446256750595]
[-144.0974526998688, 254.88502106526965, 305656.917196038, -2749.7052415206404, 4842.353378362172, 5814569.94127634, -0.00047270701900904455, 0.000832488078882231, 0.9995177734406434]
[-194.6696991649136, 204.42665086921335, 305903.8811664668, -3711.256323010661, 3882.887910964601, 5819228.214065194, -0.0006379958919271168, 0.000667553438032295, 1.0003186432565097]
[-182.51804029172, 248.3195350224825, 305436.6452733095, -3480.1921971617435, 4717.575259529553, 5810349.294174892, -0.0005982757800671678, 0.000811036959008876, 0.998792196455614]
[-145.86021123124942, 225.67460195742984, 305856.04600796796, -2783.316171054336, 4286.81624445039, 5818373.491050695, -0.0004784848925087539, 0.000736991335626664, 1.0001716564112606]
[-128.11116031950507, 231.47100543626527, 305675.47473545925, -2445.7920650381616, 4397.038149209678, 5814942.314575035, -0.00042046496146096104, 0.0007559395767960462, 0.9995817749709085]
[-163.73582098667262, 206.53788155466736, 306064.7148666271, -3123.1019421360165, 3922.971541717844, 5822310.748047585, -0.0005368937243124258, 0.0006744454672885272, 1.0008485650808119]
[-120.39394409439525, 266.76131170680446, 306006.2185483518, -2299.1567057526804, 5068.0962763125735, 5821256.442492486, -0.0003952593434331633, 0.0008712946189437757, 1.0006672639200784]
[-123.10327426083985, 252.7069163225259, 306043.8975121546, -2350.5994503590805, 4800.856620407717, 5821958.130416643, -0.00040410225842427334, 0.0008253559163336087, 1.0007879085031506]
[-161.84386565743702, 235.41259422850294, 306292.46241926664, -3087.153628815641, 4472.054406449957, 5826649.827368887, -0.0005307147951074048, 0.0007688327039382305, 1.001594522076066]
[-118.228268887392, 284.8987132103621, 306173.1759957581, -2258.028638897893, 5412.970757987898, 5824444.497598112, -0.0003881898742847179, 0.0009305785525074398, 1.0012153356270488]
[-251.24846768339046, 161.19098085500505, 306677.3749429875, -4786.80753529335, 3060.8591116004286, 5833858.4572549295, -0.0008228821806019516, 0.0005262433889186183, 1.0028339026533641]
[-120.23881658977515, 260.3093420468105, 306052.6313604622, -2296.1964819683185, 4945.399502734332, 5822138.132547066, -0.0003947504674454137, 0.0008502030470881245, 1.0008188426183942]
[-120.41864478588742, 237.16189434670218, 306263.0686083375, -2299.584942767658, 4505.21010287423, 5826134.381276298, -0.0003953332554259315, 0.0007745344426152228, 1.0015058722195198]
[-91.6636230468826, 305.4252051544587, 307095.8392560484, -1752.9729956647282, 5803.287583709254, 5842015.469031889, -0.0003013736947175901, 0.0009976748169995512, 1.004236072413802]
[-122.35499292546643, 261.0923953203113, 305993.81345189764, -2336.394140256681, 4960.309132046255, 5821011.14045379, -0.0004016602301894457, 0.000852765959875006, 1.0006250999097082]
[-173.64454309712247, 225.13936030800454, 305935.2255331742, -3311.5126154739028, 4276.721814491478, 5819845.281605533, -0.0005692807716875187, 0.0007352547178136965, 1.0004247107513744]
[-95.59376377262522, 285.0265669913716, 306317.1909251463, -1827.760170604446, 5415.327437508528, 5827217.369542024, -0.00031422770998678517, 0.0009309848591608767, 1.0016920127958013]
[-201.26395205421625, 220.4285956452427, 306449.6431770655, -3836.6206175963316, 4187.206276268343, 5829602.009646668, -0.0006595467063014028, 0.0007198653107760675, 1.0021020840435257]
[-157.0116814709824, 261.17891894812874, 306038.9546772284, -2995.374818004197, 4962.004241624694, 5821851.959890585, -0.0005149375830594348, 0.0008530555914707336, 1.0007696659069931]
[-137.30953957774412, 273.73414439092875, 306148.63842874265, -2620.7360181288386, 5200.749234362584, 5823946.511615279, -0.00045053824926987053, 0.0008940967419624455, 1.0011297488227988]
[-93.03263588142542, 290.49265239918253, 306517.9499478163, -1779.0955036395617, 5519.247637706696, 5831045.053081585, -0.00030586262808531033, 0.0009488487993949647, 1.0023500504089038]
[-140.45752631141065, 256.75146718448315, 306176.9367720822, -2680.5768952560475, 4877.78983668084, 5824481.319092718, -0.00046082468294014235, 0.0008385797877712995, 1.0012216943109504]
[-128.45574434112706, 243.92546368103402, 306300.91412013804, -2452.436512404782, 4633.817573917306, 5826858.808320383, -0.0004216080362208974, 0.0007966418030683774, 1.001630410020416]
[-102.79066976682323, 264.8094534780755, 306296.6722750193, -1964.391300915997, 5030.964624039428, 5826784.569699419, -0.00033771416446674776, 0.0008649125606134705, 1.0016176418377187]
[-79.75906520477484, 270.32143106377646, 306478.2843211196, -1526.5899899517285, 5135.675981349785, 5830277.066483791, -0.0002624573018159, 0.0008829135311651544, 1.0022180312889448]
[-100.72013895343551, 274.34955338984844, 306608.7953410425, -1925.046574420851, 5212.374344418086, 5832726.493754088, -0.0003309514739361761, 0.0008960967274349607, 1.0026391572620588]
[-82.06394011681797, 279.33106435656595, 306375.60482747835, -1570.4515088896792, 5307.010499162059, 5828329.132540807, -0.000269996782436273, 0.0009123658420144501, 1.001883143539176]
[-98.13235470214815, 287.9813412797659, 306237.9662623862, -1875.9912093943803, 5471.533540987342, 5825704.51434351, -0.00032251816178221777, 0.0009406465974853709, 1.0014319316648006]
[-45.96130111369653, 296.51261827964265, 305844.23115758115, -884.1201903327885, 5633.622344000877, 5818272.0183053715, -0.0001520168903511991, 0.0009685127405091724, 1.0001541105335667]
[-59.824262485098174, 245.27528481710885, 306456.2898366224, -1147.6948562491755, 4659.268439170526, 5829898.374011646, -0.00019732572826932046, 0.0008010203975727236, 1.002152895012971]
[-74.29520207058971, 265.44064969545377, 306058.35232963733, -1422.7923916229538, 5042.805286811948, 5822312.476352217, -0.0002446137050141846, 0.0008669496607824007, 1.000848761664672]
[-109.87038255959871, 277.13334155883854, 307128.71919003717, -2099.087760547719, 5265.294161898382, 5842620.415338733, -0.0003608696763579696, 0.0009051928683702505, 1.0043400899107016]
[-94.85478717624184, 253.5499366771145, 306166.2057078481, -1813.679265041161, 4816.726290892384, 5824344.475493308, -0.00031180646049580753, 0.0008280855687997813, 1.0011981134278822]
[-162.07754380778192, 236.8521885154437, 306606.55755171616, -3091.547680601275, 4499.459123501867, 5832616.876606419, -0.000531470324230452, 0.0007735435340150356, 1.0026203670986795]
[-120.64371523289279, 261.2270457704137, 306340.76082303445, -2303.865368288191, 4962.859636828292, 5827615.643548111, -0.00039606884177501765, 0.0008532042858985221, 1.001760523981847]
[-82.64079202511941, 257.93172529728145, 306205.75647169317, -1581.4240677189446, 4900.052048495396, 5825100.657646576, -0.00027188232708825273, 0.0008424097670933245, 1.00132811103881]
[-82.28731481545782, 274.4325341599399, 305749.47476901516, -1574.4431028283348, 5213.991898268393, 5816373.5700282995, -0.00027068169849209196, 0.0008963762408585464, 0.9998278131324937]
[-142.3592071549601, 251.00918632159954, 306008.18213506724, -2716.6862976211914, 4768.626550251702, 5821262.486672503, -0.00046703122321474657, 0.0008198147275376547, 1.0006683286605151]
[-116.91481469273539, 244.29724559417775, 306195.8392532463, -2232.9659878892353, 4640.887222856971, 5824863.160859299, -0.0003838809914503894, 0.0007978575661158574, 1.0012873212533344]
[-136.13604685502105, 238.8832893228197, 305736.99470422533, -2598.2595945792173, 4538.0664541136985, 5816089.993529077, -0.00044667336356572556, 0.0007801819193431119, 0.9997790992618693]
[-128.9279888787316, 241.1911485372193, 305507.80541179754, -2461.343118434814, 4581.877639245688, 5811762.292792476, -0.000423137177676702, 0.0007877136431624944, 0.9990350666604876]
[-128.83172979636942, 255.7487844988755, 305292.0974737014, -2459.48102465229, 4858.739409728738, 5807654.239027644, -0.00042281677559889925, 0.0008353063930745748, 0.9983288253007555]
[30.589774824764397, 324.179321946678, 306658.6615494096, 571.2206404022791, 6159.541987738663, 5833848.158636006, 9.815178448940199e-05, 0.0010589217650868034, 1.0028318490301253]
[-166.4325555765104, 218.47528886602223, 305942.83657669293, -3174.2487622962076, 4150.039650843297, 5819973.2577956375, -0.0005456850429077168, 0.0007134785318798893, 1.0004467258276668]
[-169.62579014354424, 228.09477596636094, 305777.1129079114, -3234.9619035280907, 4333.002270777277, 5816817.916465899, -0.0005561212102877276, 0.000744929655654689, 0.9999042706115162]
[-106.38359324388566, 263.66343229022505, 305633.0805614368, -2032.7798458663838, 5009.143127698142, 5814178.2257590275, -0.00034946834878911307, 0.0008611617156034394, 0.9994503802447283]
[-143.85894591069274, 245.00876944320603, 306452.42496943, -2745.150007405281, 4654.551657582584, 5829699.691450619, -0.00047192494533957, 0.000800204954060165, 1.0021188405661432]
[-146.37417751054656, 229.30165026248096, 305855.2592404622, -2792.9452942342105, 4355.873727641472, 5818335.764653735, -0.000480139588952162, 0.0007488623867278242, 1.0001651892341399]
[-117.84205074085534, 264.2748968928755, 305456.2769946756, -2250.6139754369883, 5020.819374662009, 5810801.174775709, -0.0003869132328502393, 0.0008631682663003379, 0.998869818279541]
[-234.75743605998358, 205.46300467975928, 305337.7488696516, -4473.41268427303, 3902.699230613456, 5808427.804552558, -0.0007690072849390365, 0.0006709575730617927, 0.9984618922213369]
[-108.11963836744584, 267.5039977800868, 306647.9714708217, -2065.7989073107997, 5082.193643234787, 5833477.994373612, -0.0003551462400355717, 0.0008737183085629771, 1.0027683480342091]
[-132.3186524097039, 231.59888080041372, 306178.5430212436, -2525.728205812341, 4399.525560497177, 5824498.139327904, -0.00043420615892905765, 0.0007563667148912533, 1.0012245972481157]
[-144.86631276358327, 220.46211664882793, 305504.3267299942, -2764.3332112316766, 4187.736337361233, 5811673.15281169, -0.0004752205187480864, 0.0007199601397485752, 0.9990197607713734]
[-130.97683300493622, 235.66683679980264, 305427.61489292706, -2500.3381413458574, 4476.828761378232, 5810241.412290619, -0.00042984018636699705, 0.0007696558268912498, 0.9987735973666421]
[-159.41504473794953, 248.0602944691219, 305684.7589352418, -3040.8508777534958, 4712.671683530591, 5815072.763313015, -0.0005227538619121593, 0.0008101953610319679, 0.9996042391629162]
[-149.9137167327458, 241.59669875357739, 305874.41190590145, -2860.2685198717213, 4589.695242710688, 5818700.708947563, -0.0004917124265575131, 0.0007890561396346604, 1.0002279289467009]
[-130.9217068520129, 265.7250275877877, 305885.83021023916, -2499.173749869292, 5048.503661122125, 5818933.494811685, -0.0004296411262486291, 0.0008679261265126831, 1.000267936087953]
[-151.3369251827382, 251.17686646801337, 305809.2070577355, -2887.3278698850395, 4771.887109540048, 5817459.087359461, -0.0004963637894700408, 0.0008203747275282349, 1.0000144738286905]
[-159.66551268990742, 225.63375942900848, 305569.9927065946, -3045.588831443263, 4286.197612134516, 5812885.09695301, -0.0005235680103472635, 0.0007368844456611684, 0.9992281453151167]
[-149.05388066368772, 223.81797100264305, 305294.7711360224, -2843.9663956751992, 4251.57533900829, 5807685.726417546, -0.0004889089070145309, 0.0007309337615269895, 0.9983342543919703]
[-113.60856918353602, 248.47212061978533, 305905.3119136049, -2170.117605049454, 4720.315806090301, 5819339.478224843, -0.00037307700518878373, 0.0008115116942308631, 1.0003377026472942]
[-8.772219842901546, 325.01354228291825, 306330.6028408025, -177.0399421140768, 6175.604548898753, 5827547.636615206, -3.0472157186497605e-05, 0.0010616808088073286, 1.0017487298586687]
[-6.6125974057930765, 296.2644051446215, 306452.15261806484, -135.9797437012407, 5628.869985013031, 5829860.76249297, -2.341411419783351e-05, 0.0009676972316424501, 1.002146395292521]
[-120.67506616110178, 211.5102700440563, 304474.5150610017, -2304.2970325442943, 4017.507888033957, 5792089.333920067, -0.0003961393953652578, 0.0006906997502793158, 0.9956529600235936]
[-134.75993860793403, 261.0005486145105, 305775.13971241115, -2572.2303999357873, 4958.6502373364165, 5816837.665822514, -0.0004421992659017563, 0.0008524802449314656, 0.9999076189497231]
[-112.11860281382275, 257.34377058899355, 305966.75985136634, -2141.845623023655, 4889.011852056039, 5820518.634077016, -0.00036821737168245684, 0.0008405105776429053, 1.0005404114574503]
[-102.55577361919288, 260.10241982184954, 305857.87153686874, -1960.0971138089792, 4941.406485202448, 5818469.111701066, -0.0003369749687034928, 0.0008495178514386335, 1.0001880453759235]
[-67.02372042240404, 276.4304067195907, 305950.89480857307, -1284.5166709469195, 5251.862917266585, 5820264.794627096, -0.00022084441269616602, 0.0009028870717521008, 1.0004967328064733]
[-108.9340442016207, 260.5379681016591, 305911.51941306336, -2081.323903939119, 4949.748168886986, 5819473.873929289, -0.00035781380072026316, 0.0008509514311017697, 1.0003607942243962]
[-99.60164118499281, 265.5069870485262, 306215.63820763654, -1903.9254904888458, 5044.197444392071, 5825273.368851138, -0.00032731998947066693, 0.0008671875556908633, 1.001357815573246]
[-136.31015019306767, 225.5956470905325, 305393.1515125599, -2601.682398302993, 4285.374645148626, 5809565.008134751, -0.00044726126608214185, 0.0007367444608840786, 0.9986573288890678]
[-181.50557158344031, 230.82062015182262, 304659.74812490493, -3460.9174008500654, 4384.875272612822, 5795567.58165304, -0.000594960601158456, 0.0007538465472396572, 0.9962509679015421]
[-133.79102743508878, 203.30883209863453, 305436.06316609075, -2553.6967434476483, 3861.582453888491, 5810365.2781460155, -0.00043901273429760836, 0.0006638945480968157, 0.9987949222156911]
[-126.78714607472511, 228.06563712700114, 305578.32234156335, -2420.5963567860917, 4332.335394147063, 5813088.746369082, -0.0004161334222854412, 0.0007448171730970546, 0.999263119141475]
[-171.26069842760012, 204.3685302209616, 304823.5041178613, -3266.06542144128, 3881.849208874495, 5798675.799086549, -0.0005614663280245637, 0.0006673768195200101, 0.9967853296470046]
[-96.02367841446308, 250.01095566094745, 305786.51539315033, -1835.8087064657607, 4749.557652545045, 5817094.603245965, -0.000315610196180012, 0.0008165391902253571, 0.9999517577158572]
[-105.49124410421543, 260.05924407433736, 305731.79326335376, -2015.8672325093041, 4940.646648542847, 5816055.026825337, -0.0003465618661143534, 0.0008493870167791968, 0.9997730354843674]
[-106.64721635844265, 274.4884654296571, 305393.11880746885, -2037.8784722868986, 5215.050260905351, 5809618.402624567, -0.00035034502294061036, 0.0008965571179420952, 0.998666464081989]
[-168.1224877351018, 227.67667840072363, 305408.8932612684, -3206.4903776881897, 4325.044014017586, 5809827.055669929, -0.0005512269294754074, 0.0007435617246997476, 0.9987024100079895]
[81.42011749149802, 437.45329851391836, 304816.0090529699, 1537.3579835415576, 8313.501137947265, 5798893.192996936, 0.00026423118803772685, 0.001429190681073075, 0.9968224085889227]
[-77.60308817891746, 293.84151751907535, 305553.0313060377, -1485.4566292464187, 5583.113761550356, 5812644.773743449, -0.00025538549034414735, 0.0009598282242618902, 0.9991867621880273]
[-164.34561269261084, 216.43900724521137, 305670.2771103875, -3134.5962656054967, 4111.374832797288, 5814782.984149151, -0.0005388691366838756, 0.0007068320005882797, 0.9995544328406903]
[-100.29101081804109, 264.28501376559507, 304937.1563172609, -1916.8927845778949, 5021.043270937431, 5800925.393239464, -0.0003295471411161652, 0.0008632076896203874, 0.9971720018741072]
[-172.50216454287641, 208.43545504189893, 304679.1143575421, -3289.6217357123523, 3959.2158620305872, 5795915.479066045, -0.0005655158443165468, 0.0006806761166148719, 0.9963107942503443]
[131.31142833000527, 461.3128788769501, 304304.07893727644, 2486.0304684839166, 8767.212867081631, 5789176.133915663, 0.0004273064790409187, 0.001507186436615976, 0.9951518613401859]
[-117.0390804303981, 241.64398178658487, 305449.52786731237, -2235.3150564602947, 4590.525029632318, 5810650.731212183, -0.0003842842888896607, 0.0007892003037821087, 0.9988439725038645]
[-143.89984249312025, 250.00070119011662, 305337.781580977, -2745.9551755632842, 4749.546630522465, 5808491.40919629, -0.00047206217610505316, 0.0008165348239344925, 0.9984727753726381]
[-212.80886053481257, 181.29430519521284, 304729.41349053965, -4055.9831887738783, 3443.1334997201275, 5796838.988056184, -0.0006972518943878827, 0.0005919594502572348, 0.9964695886417789]
[-30.46123134344799, 269.154940367584, 304639.78421648685, -589.3264259558684, 5113.452232615159, 5795344.34761027, -0.00010134094275851419, 0.0008790963896352176, 0.9962124619225918]
[-215.44357686917868, 174.00151557299742, 304783.10965878016, -4105.986248081448, 3304.5114138284453, 5797838.734927036, -0.0007058475010426786, 0.0005681298626644747, 0.9966414801238775]
[-180.3418334885395, 206.91367142488826, 304651.7659359377, -3438.609471279057, 3930.339124849197, 5795371.78783237, -0.0005911268872669699, 0.0006757115627898955, 0.9962173435666981]
[-76.32840277588338, 234.62796582883925, 304904.52863346256, -1461.2272267642777, 4457.041791948032, 5800306.459727228, -0.00025121951462429967, 0.0007662567783748692, 0.9970655951211521]
[-58.21224207259881, 291.73874178403656, 305907.9711363116, -1116.978248058889, 5542.976750991827, 5819441.884680087, -0.00019204606672040857, 0.0009529292379594043, 1.0003552656397734]
[-205.7982706524158, 193.22931935614022, 304416.5432070238, -3922.7242367830204, 3670.0826419796817, 5790898.248183559, -0.0006743447435131763, 0.0006309722914349363, 0.9954482641875104]
[-43.30349096906409, 277.0675901308261, 305061.22092539276, -833.5344278413406, 5263.944353097046, 5803352.500290807, -0.00014332101568839169, 0.0009049648866106633, 0.9975892084646332]
[-178.0974654323941, 183.26091025203027, 304291.2473609528, -3396.0374824656997, 3480.457192462851, 5788535.19363616, -0.0005838081923168804, 0.0005983772539848109, 0.9950419976845069]
[-149.41259554911946, 232.76271587634363, 304994.937681003, -2850.7127833530963, 4421.756776027534, 5801952.150623167, -0.0004900696538943718, 0.0007601874569917642, 0.997348578452872]
[-137.7246471658349, 228.14526497207328, 304998.5017023905, -2628.5559336890587, 4333.884796267481, 5802041.599234479, -0.0004518813543894065, 0.0007450828951681053, 0.9973639384776809]
[-129.032612159204, 249.5676218846517, 305192.1480576886, -2463.315207496211, 4741.259774640225, 5805734.53169997, -0.0004234773990743756, 0.000815110959135867, 0.9979988096083853]
[-140.98463056076613, 237.36346920984522, 305482.67314448144, -2690.5811023306464, 4509.175168362466, 5811254.145382079, -0.0004625445039504425, 0.0007752149057793155, 0.9989477319888009]
[-137.48450107386228, 255.49706323139768, 305215.6447592921, -2624.0953656298952, 4853.988364972083, 5806190.285700413, -0.00045111527843880444, 0.0008344886161906575, 0.9980771543790907]
[-117.27499015158794, 267.0517822365161, 305156.8551006816, -2239.8823835018648, 5073.660724888465, 5805094.715362547, -0.0003850698500517732, 0.0008722513856329783, 0.9978887883171186]
[-111.60342652869062, 259.38233032193756, 305125.01444208086, -2132.050181656969, 4927.791679185243, 5804494.145347309, -0.00036653361557476396, 0.0008471767773275249, 0.9977855357874763]
[-105.95571202732152, 274.7593984760124, 305186.5783666541, -2024.7233311315867, 5220.187484453652, 5805679.1847392665, -0.0003480845654814693, 0.0008974398237064581, 0.9979892530678806]
[-96.39872729050037, 285.29852616705404, 305264.31643549935, -1843.0681129293548, 5420.567933402227, 5807174.087501637, -0.0003168586558270841, 0.0009318856711356098, 0.9982462394083267]
[-111.02731817792164, 278.9784886567368, 305203.1057521006, -2121.11965245716, 5300.463846603108, 5805981.655980886, -0.00036465501382618377, 0.0009112389332871283, 0.9980412628511719]
[-144.14023840289914, 216.33826435603046, 305554.7342044248, -2750.536826429062, 4109.372732913143, 5812610.882641905, -0.0004728509504511865, 0.000706488449131282, 0.9991809900112287]
[-131.13467884301116, 257.40307458197435, 304917.9803941559, -2503.316751711838, 4890.236626357686, 5800524.001309463, -0.0004303533910033877, 0.0008407201320450921, 0.9971030256733304]
[-140.61314446028123, 279.72745220384536, 304825.2791838485, -2683.578689039204, 5314.786012424178, 5798761.960712951, -0.0004613399380502169, 0.0009136996551228501, 0.9968000994032586]
[-199.05615110230428, 233.2176237374204, 304909.7154598813, -3794.5486634933804, 4430.524812128544, 5800280.717808311, -0.000652313447003559, 0.0007616921749518646, 0.9970612715333621]
[-152.96354305326648, 244.24632430798624, 304535.82001903036, -2918.256735561036, 4640.124207849289, 5793220.78296109, -0.0005016799911395412, 0.0007977248409445299, 0.9958475040554498]
[-160.4473599454389, 236.18665105613914, 305179.85800180177, -3060.5452731090136, 4486.861510224631, 5805462.4477548115, -0.000526140338541258, 0.0007713781974171712, 0.9979520650536359]
[-154.63572717829095, 204.88944400830067, 304748.01315746835, -2950.002857976019, 3891.6901354936826, 5797245.6887268815, -0.0005071373449967065, 0.0006690687681676405, 0.996539464180808]
[-134.76316228189245, 245.11453757517768, 304711.07911761577, -2572.2741273039273, 4656.564592182003, 5796580.12755357, -0.00044220665411011953, 0.0008005517444540363, 0.9964250124263375]
[-120.14507998712806, 260.5241307476831, 305260.76753227273, -2294.3351146202267, 4949.586520341205, 5807044.565511031, -0.0003944307123876516, 0.0008509225950063581, 0.9982240231349695]
[-130.0229851054937, 260.09356865694815, 304721.8323932344, -2482.216243811411, 4941.384881983328, 5796800.947796543, -0.00042672592361804037, 0.000849512552168778, 0.9964629619101412]
[-79.49110901926379, 281.0130347151657, 305398.3472763755, -1521.424249291151, 5339.11835433106, 5809702.492757028, -0.00026156932673817044, 0.0009178849828145612, 0.9986809332120583]
[-157.95961609377247, 220.2392631457086, 305099.84596479684, -3013.266489812231, 4183.576004241258, 5803946.643464298, -0.0005180129516391221, 0.0007192435656469367, 0.997691467071225]
[-74.11898662672631, 283.5656254719462, 305523.74350561644, -1419.2906465740016, 5387.653638077737, 5812092.979979611, -0.00024401302914529716, 0.0009262283876191359, 0.9990918949610373]
[-131.67296796746223, 241.2235295758116, 305124.7030290322, -2513.578595151066, 4582.533361766172, 5804460.310431173, -0.00043211775899248104, 0.0007878256984138272, 0.9977797418416671]
[-122.0761236406585, 219.8230783437531, 304829.30576378293, -2330.9307686252682, 4175.632071409234, 5798815.47730551, -0.00040072041859752754, 0.0007178799958217485, 0.9968093187299162]
[-87.53484396195424, 270.90248144747125, 305353.2695755472, -1674.2933418391804, 5146.90891142612, 5808826.118483428, -0.00028784702127599614, 0.0008848436985428438, 0.9985302848349793]
[-123.72336803504899, 268.1887726538933, 305048.5607528894, -2362.4728685716436, 5095.3287870123995, 5803025.149551039, -0.0004061428877137586, 0.0008759755972065779, 0.9975330020931203]
[-103.51366187091529, 224.84204531514888, 304787.34903151926, -1978.120763547476, 4270.991506937184, 5798055.081740233, -0.00034007289384655815, 0.0007342732169021877, 0.9966785627275644]
[-32.33393095853105, 331.88980031096366, 305385.56291681575, -625.1154341034932, 6306.441646210293, 5809553.1093783155, -0.00010749562282041862, 0.0010841703436308178, 0.9986551748054152]
[-104.57660208442604, 285.3206233111722, 305181.736318586, -1998.511512112419, 5421.049801822608, 5805588.945338802, -0.0003435789184622847, 0.0009319680230543389, 0.9979737378292635]
[-127.18370632845199, 200.1605233163582, 304756.7833860508, -2428.1911331598694, 3801.6470099040275, 5797461.878483214, -0.00041743871112403364, 0.000653591851279922, 0.9965765905014181]
[-51.753872125585914, 305.24596424606204, 305539.0007126824, -994.217534558697, 5799.84461018592, 5812432.910379927, -0.00017094359878887466, 0.0009970851708279893, 0.9991502941509932]
[-158.75367499433997, 233.82526025266583, 304676.3484238212, -3028.2993324104955, 4442.016384523084, 5795881.371552646, -0.0005205960806601176, 0.0007636697420589493, 0.9963049154230942]
[-100.23226534358152, 267.49787951015026, 305161.2817516834, -1915.850986602406, 5082.128290080225, 5805193.661411773, -0.00032936954841161103, 0.0008737077429376993, 0.997905786776154]
[-116.68257871698194, 256.9922962931274, 305375.7010583399, -2228.641871237325, 4882.3635419049415, 5809262.394594778, -0.00038313792866982005, 0.0008393672398644822, 0.9986052803777075]
[-109.74615743829762, 258.1216143953884, 305102.12373274285, -2096.7453488634465, 4903.843933225506, 5804062.24044908, -0.00036046461166361354, 0.0008430601698554028, 0.9977112809969748]
[-131.47113464682448, 293.07212788628107, 305143.2908998756, -2509.8198424256607, 5568.536367464062, 5804831.785940867, -0.00043147143661275957, 0.0009573196522180213, 0.9978435902343797]
[-159.49830538685165, 211.50758063899968, 304921.81743539596, -3042.5024167120923, 4017.5788405978788, 5800558.542840016, -0.0005230376757775427, 0.0006907088041084626, 0.9971089954476082]
[-126.15233439629641, 242.20111175527097, 304936.5094693237, -2408.5839951188836, 4601.160767850142, 5800883.779576024, -0.000414068521642106, 0.0007910281994190209, 0.9971648717724857]
[-84.66283247371844, 298.52020218491367, 305184.4223262629, -1619.7625051612142, 5672.099137873263, 5805636.02252222, -0.0002784724872285029, 0.0009751243402581849, 0.9979818344988195]
