[-1.0472188938773164, 0.03246316929114583, 651.9675342600154, 1.6816458511185894, 0.22755204551895747, 255.9964028219359, 0.0011226432877035372, 0.005613758827395437, 0.9973627806627552]
[-1.0671155133515626, 0.0727275056726443, 650.1933039315204, 1.6573928097582487, 0.2853214837989565, 258.73089637748024, 0.0010610517167214959, 0.005745486657846037, 0.9942251359122923]
[-1.088954694975117, 0.11698408970035852, 648.6649399745045, 1.6426439100350523, 0.3266160773300661, 261.10245478632004, 0.0009916147694287874, 0.005889607854548924, 0.9919506647648989]
[-1.0337568392243666, -0.0032566562377236334, 646.468026048128, 1.6952584903909256, 0.19581599069387273, 264.6223423435599, 0.0011377649110230852, 0.005513379948621965, 0.9916513515911815]
[-1.0303641637229501, -0.00721569828536255, 645.2073565117662, 1.6985188183347895, 0.19730617948621199, 266.6117827438224, 0.0011380401402985244, 0.005512514004191731, 0.9906657482641036]
[-1.032828030519074, 0.002207981468097212, 644.3476828880964, 1.7010490525952582, 0.20893342650039298, 267.9455691807722, 0.0011354925408107465, 0.005550834533675776, 0.9893819361874986]
[-1.0292120669122704, -0.008762279116530608, 643.6614935424227, 1.7027574845469964, 0.20202082750312791, 269.08352415459314, 0.0011382397744682344, 0.005513495585198672, 0.9903203508675628]
[-1.032010278627586, -0.0006748958012494423, 643.4921184743199, 1.700579305022193, 0.21042645486603367, 269.3915459527715, 0.0011197331651968815, 0.005548736209825827, 0.9912784401862532]
[-1.0318562975274501, -0.002186950758698289, 643.6010597418208, 1.699381224543464, 0.21208771039938684, 269.3110565799732, 0.0011113926475467965, 0.005543776744672534, 0.9938112974616841]
[-1.0213308122663345, -0.03154648714007503, 644.005725895482, 1.6996179720179854, 0.19671550138897892, 268.7836381329028, 0.0011251812698855061, 0.005459624842726878, 0.9971040691870978]
[-1.034553040937599, -0.006593803596933089, 644.9595387846056, 1.6924237666936683, 0.21902794154186112, 267.34829200900975, 0.0010830383564144701, 0.005545274443556099, 0.9997197344124762]
[-1.0327482072179597, -0.008349223059404987, 646.3196578088255, 1.6976716768032507, 0.2200167111598847, 265.28293816626007, 0.001085191346715449, 0.005548449683492556, 1.0029522739428953]
[-1.0286710033568762, -0.019062780062572393, 647.885711556712, 1.7043621681841847, 0.21228855627334614, 262.90980439882054, 0.001097419467544521, 0.005520141964683119, 1.0068063388666562]
[-1.0321549645161594, -0.013940373759298474, 649.3469574560863, 1.6977637434327941, 0.21931142490794345, 260.69995353732935, 0.0010741940405324985, 0.005540852377145266, 1.01052190892274]
[-1.0333639502973857, -0.01408643120646333, 651.2312464891488, 1.69812308900218, 0.22326314849003448, 257.7855250089557, 0.0010678751469487728, 0.005546026893708853, 1.0135781894561968]
[-1.0305776380904015, -0.016094144853016173, 652.9566118763414, 1.7000133956837669, 0.22577261676108878, 255.10462907635375, 0.0010704001629352445, 0.005546246964544043, 1.016048092689294]
[-1.0345025712950406, -0.004987104439800148, 654.56319643147, 1.6983161487498317, 0.23704650108122186, 252.6277950663241, 0.0010516763961099286, 0.005586474713423447, 1.0188699661010987]
[-1.0320763741074541, -0.020344331045352184, 655.7719251967261, 1.6947341279491233, 0.22974660612993042, 250.8580027551214, 0.001047090252411593, 0.005538451155404586, 1.023500890625918]
[-1.0353233105553241, -0.013477169993030428, 657.2491091251452, 1.6960740857417944, 0.23679281384292877, 248.65188412319884, 0.0010356698871379494, 0.005567702308526178, 1.0280021814735436]
[-1.0343567570139662, -0.00831241879316362, 658.9958617754904, 1.6979610338051385, 0.24542658150130287, 245.97708493405352, 0.0010338058633003826, 0.005599337061926351, 1.0315555841713249]
[-1.0302099950227208, -0.02715999912346575, 660.7606828233156, 1.69945235308542, 0.23050326812058022, 243.30135661117774, 0.0010413891327344285, 0.005532905017527416, 1.0358615845877759]
[-1.026042790071319, -0.03260824439699872, 662.7730876938127, 1.7038134692637312, 0.22878841461768887, 240.19847610677377, 0.001046931146352654, 0.005525563668575991, 1.0393854755530858]
[-1.0205540555938986, -0.0376829561841538, 664.6048989504862, 1.703928204295009, 0.23085641100008203, 237.34895910686768, 0.0010481859973950625, 0.00552702216318924, 1.0419214462999484]
[-1.0265996027467716, -0.03086889893975244, 666.4003692070766, 1.7012258498313497, 0.23606756354548392, 234.51209505114204, 0.0010367920336828962, 0.005539245324626111, 1.043232424068552]
[-1.0297992238210072, -0.023339249826360826, 668.1534106995805, 1.7026496982709673, 0.24334238174068148, 231.70729406349926, 0.0010297252324674472, 0.005565310933166649, 1.0435760935305374]
[-1.033372009184614, -0.024321129154475554, 669.2311423659418, 1.694449947102369, 0.24414026040055473, 230.0050546241263, 0.001004451013765682, 0.005560330121375362, 1.0443787829271438]
[-1.032888235746929, -0.01533838889492992, 670.4037252969194, 1.70147097818163, 0.25082950245192664, 228.04765094551254, 0.0010112083909808419, 0.005595944813660676, 1.042431743895515]
[-1.0251083727249513, -0.03293701789399062, 670.9270062816329, 1.703996231446827, 0.24154188095368984, 227.14056157309255, 0.0010260106965337859, 0.005548029314575013, 1.0406640927462112]
[-1.026225413724585, -0.02847807599365392, 671.2537773200341, 1.7044922178244022, 0.24755518542131977, 226.49629610941625, 0.0010256167113200064, 0.005562753005835622, 1.0374769202734484]
[-1.0288189801013916, -0.03222012898624302, 670.9234602152392, 1.6988379563033211, 0.24378764292910185, 226.94222697964312, 0.0010063203128017283, 0.00555001058871684, 1.0352018006328056]
[-1.0301117553690387, -0.01853402912589877, 670.5450822882102, 1.7032317012822775, 0.25528239120365137, 227.39252467714655, 0.0010065237521606472, 0.005600842716825948, 1.0309755598379189]
[-1.0233829023511336, -0.04179901414279941, 669.3806542093562, 1.700286025900938, 0.23895227948943143, 229.15936458143412, 0.0010128858470379132, 0.0055229900509215415, 1.028171826245394]
[-1.0351112966199896, -0.020124023334314976, 668.2882780570018, 1.694101676695249, 0.25548566018442787, 230.78992673104923, 0.0009834051048288055, 0.00558856455412998, 1.024820087807395]
[-1.0306940625145824, -0.034157244710543794, 666.7064127039419, 1.6946995868731947, 0.24466864898850593, 233.24416173853297, 0.0009877796148657933, 0.005545942581105599, 1.022456858055904]
[-1.0318526888224886, -0.029001344013628055, 665.2280266370349, 1.6960098104568018, 0.25072086834114776, 235.50913899630257, 0.0009879661151095875, 0.00556955655419372, 1.0194795714067957]
[-1.0314000826086134, -0.031309219470353984, 663.3590404244037, 1.6949257791437637, 0.2458639468196662, 238.4401300533111, 0.0009860993435630747, 0.005556884273548, 1.0175251648965624]
[-1.0423843588294526, -0.007518312600188825, 661.8332017118031, 1.6844722050635053, 0.27443214857210385, 240.8321162349587, 0.0009513673734055165, 0.00564353947155578, 1.0159062348041383]
[-1.0325299238374177, -0.033350948570198095, 659.9745107511853, 1.6917819704992518, 0.24337214403134222, 243.83588612771442, 0.0009810258761247972, 0.005535506296736379, 1.0163432224793787]
[-1.0294816782974012, -0.03191774354531881, 658.7687507135395, 1.6988445382544133, 0.246957508460939, 245.72374331621532, 0.0009948286153093257, 0.0055556803125239775, 1.0150008098670582]
[-1.0404387791496372, -0.021153090756857222, 657.2918927548378, 1.6869482733590662, 0.25388640036498417, 248.1071458139525, 0.0009575115559828215, 0.0055853765653351255, 1.0152596936025375]
[-1.031809352826251, -0.02550951821048509, 656.2549080336589, 1.6972412732787368, 0.2506122248017689, 249.76989706533283, 0.0009910337114566363, 0.005575461721568472, 1.0151531635667534]
[-1.0322163912915099, -0.029729346840925614, 655.248576371187, 1.6956881952742153, 0.2476021780851227, 251.42352733841213, 0.0009887610899355747, 0.0055618506769557815, 1.0161214337947884]
[-1.0318214272972501, -0.02557677904632502, 654.3422399638823, 1.6949726567095893, 0.2499626506322478, 252.93736030947662, 0.0009936548347011256, 0.005567068586316984, 1.0176498599277175]
[-1.0344323706712086, -0.019995854003513003, 653.8945551705416, 1.695314154977825, 0.2556232538736008, 253.71693160776368, 0.0009884422744966953, 0.005591940522412736, 1.0192565232168413]
[-1.0349565309951254, -0.01326354007127291, 653.4885115296145, 1.6957073413437789, 0.257210976869223, 254.42495432998936, 0.000992249952751456, 0.005603934444115562, 1.0207395195853992]
[-1.0304947133319695, -0.026559359077398842, 653.3918440901467, 1.6999773561551375, 0.24478340833622975, 254.6519554853611, 0.001006649533323785, 0.0055681158764478685, 1.022657132196712]
[-1.0324900960783614, -0.018948140091084916, 653.4213796008073, 1.6978347525624518, 0.2510722673797179, 254.6588203341406, 0.0010042104577928463, 0.005590788473591924, 1.0241118090231014]
[-1.0343775902134562, -0.016970321877601093, 653.6602815299352, 1.6973350126175222, 0.24801084765228842, 254.37394692243552, 0.0010032003273461824, 0.0055830392801547385, 1.0267651337576598]
[-1.0334802813648865, -0.023434458130568343, 654.0491331207143, 1.6954883402880259, 0.24293521908503313, 253.78024142854733, 0.0010080648658061329, 0.005561544453998828, 1.027602813440584]
[-1.0327788119194785, -0.02245009431630378, 654.7074214679603, 1.6984074979154231, 0.24069206033731638, 252.73265260192935, 0.0010153027586921478, 0.005567220577419298, 1.027883069917213]
[-1.0322251343534674, -0.02417675548742339, 655.4063743223329, 1.6978843024902006, 0.23881024285566524, 251.59013142879093, 0.0010221217489046442, 0.005553633699877011, 1.0273716173033047]
[-1.037815990731573, -0.0170394267574471, 656.0699606237466, 1.6902008574517642, 0.24222956584249491, 250.4836064328199, 0.0010029670934384688, 0.005569500116752108, 1.02630203404812]
[-1.0301494952884116, -0.02695433451661211, 656.7371760345789, 1.6967386174126418, 0.23034159159808648, 249.35460020752998, 0.001028664432342389, 0.005537708258123553, 1.0247867537500992]
[-1.0323802562917994, -0.01863149053984916, 657.5353949262812, 1.69713899171701, 0.23422162215361256, 248.00995908610224, 0.0010327803328464833, 0.005557097764232298, 1.0231356108805922]
[-1.0267202068333825, -0.011947535977984026, 658.5740516903546, 1.7117890299287826, 0.2404105116678477, 246.2591372501794, 0.0010654326137858048, 0.0056005184245413835, 1.0209563095671323]
[-1.0293869463978147, -0.012861903144574024, 658.9376640619852, 1.7052030187860674, 0.23875778748671267, 245.69366969476502, 0.0010586031764260716, 0.005583903688568837, 1.02146393213578]
[-1.0297021768021062, -0.012796616173766016, 659.0752977563342, 1.7050456479012326, 0.2336508127943461, 245.47658106666617, 0.0010629894532104092, 0.005578736373709995, 1.021574445026232]
[-1.0328404322499107, -0.004777757478581045, 658.8660166614073, 1.7036315509973372, 0.2368435736433842, 245.84140644151034, 0.0010647354705932233, 0.005594555846486196, 1.0223361174546985]
[-1.0349461530347468, -0.011815969039516852, 658.3270428214136, 1.6910621756464792, 0.23260037873903022, 246.7838484894882, 0.0010509721797547637, 0.0055607227926659526, 1.0243749575472656]
[-1.0353083240225518, -0.013048494302848894, 658.3044531076818, 1.692788111679451, 0.22602797865215843, 246.86205277952465, 0.0010524512923793046, 0.005552256310687007, 1.0254965793058755]
[-1.0342564997263217, -0.008914145535182104, 658.5206293771565, 1.6970510347323633, 0.22550148571886477, 246.51284129778347, 0.001069681397989725, 0.005558307211463968, 1.0254496087293383]
[-1.0252921821312102, -0.00187512181718103, 659.3187252563393, 1.7225329308155963, 0.22408101105385597, 245.1630452872952, 0.001118872880401843, 0.005610053429267637, 1.02365516878958]
[-1.0346905054837239, -0.0013736256260143778, 659.2003795167201, 1.700824298117362, 0.22633922273447185, 245.38771582902774, 0.0010869172224771378, 0.00558518595904534, 1.0245775835958]
[-1.0282747756450807, -0.017187138044446142, 659.4023266748694, 1.7008508129724458, 0.21289913522871123, 245.07160997950692, 0.0011089992684771499, 0.0055167837730645715, 1.024804629325405]
[-1.0288729100040417, -0.015224840970082374, 659.8711682979252, 1.706664226078908, 0.20083056786089087, 244.27310721457667, 0.0011187379071053265, 0.005512341779430297, 1.0236015083124914]
[-1.0344421946181295, 0.0025022440847449322, 660.3605112904253, 1.6982975307212422, 0.2237201777272422, 243.41270740354892, 0.0011036398559208169, 0.005579643093357643, 1.0216234741399783]
[-1.0333654422215004, 0.003406370752610926, 660.7848890386671, 1.7025865694217135, 0.2167035724026461, 242.66173555740895, 0.0011177994709272877, 0.005571206546211181, 1.0197795722425336]
[-1.0355921866619378, 0.01537215960586453, 661.3267994890818, 1.7051514719963015, 0.22416648914381526, 241.68820700414278, 0.0011224856870388376, 0.005614320777374154, 1.01703486148277]
[-1.0349129321565722, 0.015034674717084855, 661.6733583048389, 1.7047871449896468, 0.2216654880622324, 241.05929914968218, 0.0011298174853266508, 0.005603134170137145, 1.0151102905058065]
[-1.0345560701640015, 0.00796450677052454, 661.6468911383803, 1.700100079173088, 0.2121495454119331, 241.0049140544377, 0.0011308966716941575, 0.005566825201771764, 1.0125154561552112]
[-1.0295980105696394, -0.0015248825294712286, 661.8367374805142, 1.705245691137747, 0.19966322597413305, 240.59051617410648, 0.0011528780069776816, 0.0055282417062255855, 1.0095903898586527]
[-1.030171258865972, 0.003611337736967931, 662.0143481100557, 1.7061706930362384, 0.20387808001063434, 240.13410489940983, 0.0011600831624982567, 0.005552874078627392, 1.0050140684062179]
[-1.0307067716688953, 0.007584286102598231, 662.0470306736032, 1.711633771394983, 0.1997612676941434, 239.96131413040047, 0.0011715772147401781, 0.005552140507941892, 1.001794517399486]
[-1.037097688584454, 0.01207152064463305, 661.4836671515579, 1.6964318746308198, 0.2033086000640302, 240.76647689991276, 0.0011403778531568506, 0.0055622874702431786, 0.9991087175223341]
[-1.0368255402981483, 0.018295222489825475, 661.3673319829812, 1.7017516635326955, 0.20473573206138077, 240.82217630535604, 0.0011553755928312638, 0.005572064920929085, 0.9955940415756865]
[-1.0345669170741754, 0.018052228244983808, 661.045994048929, 1.7063767135082684, 0.2014526898117433, 241.21201554577956, 0.0011760862670649134, 0.005567053473797132, 0.9922036351624248]
[-1.0373040274314038, 0.016426426687778273, 660.3334544647585, 1.699197088449877, 0.20019825762782176, 242.32373286315527, 0.001161242531897201, 0.005558779920335718, 0.9913057949229639]
[-1.0308488870330164, 0.01295983842507534, 659.8035680077496, 1.7086940817672063, 0.19562360982429045, 243.13242641291356, 0.0011882798516846477, 0.005554915676798511, 0.9901550166336478]
[-1.0363598708171091, 0.026501299848311444, 658.9952273075224, 1.7006890551433096, 0.21421806969623847, 244.42397077616886, 0.0011688583520413393, 0.005608740833341598, 0.9899491464791772]
[-1.0306874303924174, 0.00826883659892242, 657.8489822733387, 1.7066442625616436, 0.1889121591989385, 246.3138783415643, 0.001192574334665445, 0.005531939854641201, 0.9912225193056553]
[-1.0330368908152527, 0.013720889971957697, 656.758562508894, 1.7054110450773312, 0.1906853347351864, 248.11245936057404, 0.001194674307729288, 0.005542542837079577, 0.9924530738376842]
[-1.0334647932529486, 0.02177137570580427, 655.6281007070421, 1.7070241250280498, 0.19359845232604736, 250.00241636158768, 0.001200110219244924, 0.0055631744240617394, 0.9944069128697977]
[-1.0305179818162773, 0.020150496275601677, 654.726021903716, 1.7120467266956576, 0.19400850448618107, 251.53440950888842, 0.0012185270094743103, 0.0055664379222073465, 0.9966047155442116]
[-1.03225391708786, 0.0268119694543752, 653.663204968148, 1.709860193579257, 0.19575097734245733, 253.3663411361485, 0.0012154429138543895, 0.005581687746200996, 0.9999158473065922]
[-1.0309969517631385, 0.022702710054573576, 652.8316823746545, 1.7114927840973158, 0.18925291993630025, 254.82534814926203, 0.0012269488931410206, 0.005559439379246246, 1.0031956945945493]
[-1.0331104305717893, 0.0284298507521323, 652.1094054149336, 1.7086865845336652, 0.1914736434095527, 256.098706037357, 0.0012231155833005592, 0.005576837844112948, 1.006206215522044]
[-1.029685488286376, 0.021989457704927245, 651.5812039697014, 1.711187228988094, 0.1822882638236969, 257.0516541826645, 0.0012376605900354153, 0.0055527160329891185, 1.0089898486970041]
[-1.016977187563143, 0.00032868724093016507, 651.3210757216608, 1.733991930080025, 0.1389252829568502, 257.5467853404356, 0.0012964438484038272, 0.005461775050071057, 1.0110520758611234]
[-1.0321165135905446, 0.029195036484290594, 651.3769381606016, 1.709358012903027, 0.1846163934791382, 257.5111170993194, 0.0012423147908744538, 0.005568004413648605, 1.0125009111485868]
[-1.0327890624407303, 0.03319766391046365, 651.6116438190555, 1.711072636942178, 0.1825718855812565, 257.1433953499852, 0.00125375542435688, 0.005570572759409443, 1.0127557018101534]
[-1.0327087823215715, 0.021841498961885572, 651.764676219205, 1.702941805437325, 0.1714388306778749, 256.9422236640243, 0.0012480026067714417, 0.005519084596034085, 1.0139549313175866]
[-1.0318948510052146, 0.029621269548464765, 652.5535742376935, 1.7075849171553508, 0.17516698761323585, 255.62170033266193, 0.0012636730204875612, 0.005543378003743619, 1.0125483855332922]
[-1.0320880299843682, 0.019460028395571885, 653.1344969290734, 1.7026184344793966, 0.16205492038300318, 254.67187157477048, 0.001258628131692037, 0.005501101323523652, 1.0121168255894422]
[-1.0326607546119067, 0.030376656976204414, 654.2179594502888, 1.705662011393736, 0.17100819297004724, 252.8365415266907, 0.0012690027817264466, 0.005540887713880099, 1.0096030799353968]
[-1.0357770780169646, 0.03087639489614361, 655.0371896128787, 1.6997186925133123, 0.1655540613033834, 251.44853602264197, 0.0012624133225860705, 0.005523912548368611, 1.0076951111497612]
[-1.0331899459721885, 0.04519492553682494, 656.3986971335587, 1.7124800968620768, 0.17299527443391594, 249.11970647399536, 0.0012929598031544217, 0.005569878066841409, 1.0039337669317572]
[-1.0332665493913333, 0.03010857200344759, 657.0025252790927, 1.7021039421352633, 0.1583127761060778, 248.07869847342272, 0.0012844787644542119, 0.005507814179672028, 1.0020468128908047]
[-1.033524662773655, 0.05281104049107347, 658.2345446035195, 1.7141966013508667, 0.17180002425796154, 245.93677977322267, 0.0013102029050535897, 0.005581649419168649, 0.9977175482495456]
[-1.034362555342851, 0.045622472625172446, 658.9622737859411, 1.7102941317852611, 0.1659139975782271, 244.68745366693233, 0.0013079277633904955, 0.005553969359012435, 0.9955849990358926]
[-1.0330517754569, 0.0313300935423187, 659.2106051437635, 1.7047998487606935, 0.14947916135384298, 244.2349101776021, 0.0013021085182644376, 0.005501472525992522, 0.9941552931243715]
[-1.0333238802294504, 0.04271914284100993, 659.7702208076394, 1.7077023425369982, 0.15716840609223381, 243.20743416885892, 0.0013177820171650055, 0.005530461855202061, 0.9907281745041225]
[-1.0316867693174636, 0.03838764813184298, 660.1251733133186, 1.710291766718269, 0.15113532536975127, 242.5646540265267, 0.001327678455647105, 0.005516785114843656, 0.988793397391806]
[-1.0360907422657852, 0.05092841852638674, 660.2432751937489, 1.7058236731620087, 0.1587662505840791, 242.33019802662577, 0.0013187633406387192, 0.005545868558275988, 0.9875985184520627]
[-1.0323482678562046, 0.0390462871732649, 660.1269041288713, 1.7061151105723449, 0.1469612158474104, 242.49668767967387, 0.0013301734418261553, 0.005502784482136099, 0.9870483148325795]
[-1.030179765081619, 0.04429322523235582, 660.344532059153, 1.7140253141254151, 0.14953610815029067, 242.08955634958747, 0.0013511652312436324, 0.0055243396635395355, 0.9855132092952358]
[-1.0374212473009892, 0.05012640798883565, 659.9967997415293, 1.7030722407410386, 0.15286937051054658, 242.7177735804804, 0.0013235105570295893, 0.005529959212524809, 0.9873687962087416]
[-1.0318648081518074, 0.04204469732528885, 659.8209358313741, 1.7086585341612963, 0.1457830561580986, 243.02274470331292, 0.0013435203281056721, 0.005511745461806931, 0.9879660036208375]
[-1.031793862461921, 0.04488634737881701, 659.3867889398548, 1.7086253454018092, 0.14295704760637934, 243.7524175573782, 0.001350899624733469, 0.005509152408357809, 0.9888193401543849]
[-1.0330504903713635, 0.048559348677495895, 659.0029387801452, 1.7077395148723507, 0.1445436465116441, 244.4093568944866, 0.0013493114677704428, 0.005521486958623553, 0.989889731404021]
[-1.0341449882510334, 0.05299704198917915, 658.6780092389962, 1.709136430128104, 0.1478846354816371, 244.9491332234143, 0.0013512490878929324, 0.005539688848412873, 0.9903588154481655]
[-1.0313189126603584, 0.048220676055776165, 658.2548813575771, 1.712547129748427, 0.14098748362012917, 245.66000422116153, 0.001363006085231685, 0.005520291532861311, 0.9911829399974305]
[-1.0359344333914242, 0.05930356676662027, 657.8547932491769, 1.7066825072135106, 0.15403632516688173, 246.30183098263961, 0.001352824538041657, 0.005558209256294048, 0.99115003659424]
[-1.0293130117515634, 0.05203532379966819, 657.5267623148937, 1.7157967066424507, 0.14242208181630037, 246.8116195750157, 0.0013825421585180909, 0.005528557842764391, 0.9906828540520569]
[-1.0367653784379274, 0.04688725083100821, 656.8239267218967, 1.699436652361861, 0.13594498599614677, 248.0025335883768, 0.001343062148615991, 0.005493071182753519, 0.9923227819117881]
[-1.0309630346692102, 0.049635280287396805, 656.8618114660441, 1.7100830217923577, 0.13940627160927566, 247.86147435389543, 0.0013734950114358494, 0.00551185471282412, 0.9901765771004596]
[-1.036034232439579, 0.05719586562046644, 656.7512553387305, 1.7044717270915246, 0.14377828580277718, 247.99767729509585, 0.0013563254929670773, 0.005533391469424325, 0.9890657670933539]
[-1.0338183931508003, 0.04651214734709727, 656.8703792327598, 1.7071043299785622, 0.13397471503092775, 247.74621918201603, 0.0013669200291685807, 0.005494773361761661, 0.9874596933379083]
[-1.0321346510833562, 0.05601463303053509, 657.3153242390341, 1.710828992049759, 0.14223460360441786, 246.94317468242244, 0.001376624734791613, 0.0055258616344474095, 0.9851067267821643]
[-1.0361385375639989, 0.0606926067778193, 657.7754298450396, 1.706727090317968, 0.1461817219430791, 246.1158115560292, 0.0013612365098396684, 0.005546802957552971, 0.9827550662744612]
[-1.0413589417440363, 0.047307338891548256, 657.6277227564057, 1.6844073708027465, 0.14130663056490939, 246.36852351551389, 0.0013218908773371051, 0.005479893673710257, 0.9831647901164122]
[-1.029505069915733, 0.04075056441847724, 658.4397480197485, 1.7122329299907924, 0.1217901718421548, 244.90285936356898, 0.0013825304683295963, 0.00546648747581268, 0.9788677634103397]
[-1.0290152129730825, 0.04509422799059054, 658.858390555281, 1.7112709877865915, 0.1345130088859, 244.16123328202232, 0.0013844905041344952, 0.005490850015579624, 0.9770272786345099]
[-1.0340591641931944, 0.03930299635715264, 658.6613209234142, 1.696142144803975, 0.13128669515742808, 244.48942416433167, 0.0013483584224625892, 0.0054658167675188055, 0.977333643847361]
[-1.040940242529141, 0.06912365585400496, 659.4025706068128, 1.7054749901924942, 0.15459006785816107, 243.17607585699616, 0.001357829773686586, 0.005565266108011497, 0.974068905509014]
[-1.032644953032612, 0.04904636143051773, 659.3049962459659, 1.708226807206347, 0.13858593769980684, 243.35494026771784, 0.0013676877131993366, 0.005511415102946699, 0.9746588028148633]
[-1.0316627603800816, 0.05025962927864357, 659.2862215878337, 1.7098493361431324, 0.14217114420495916, 243.37976443456355, 0.0013690119373398692, 0.0055252962961745734, 0.9745155201115525]
[-1.029945117333067, 0.04630099640477435, 659.3245813867131, 1.7137592129022385, 0.1402275974473136, 243.32017960795466, 0.0013740540905583273, 0.005518864791124119, 0.9745709456403981]
[-1.033112798613499, 0.047671649136569606, 658.7553399956687, 1.70567525009134, 0.13807194715428237, 244.31069505483768, 0.001351369697243456, 0.005508425643138464, 0.9765943868802959]
[-1.0301983333160565, 0.04921864868610046, 658.6626447068169, 1.712818748991905, 0.14283146952977857, 244.46538947895976, 0.0013662462784856705, 0.005524300870661214, 0.9767471617595423]
[-1.0361303198963783, 0.046365289962929754, 657.9611237232847, 1.6970865102495307, 0.14718020342976607, 245.67940519122558, 0.0013308209927481805, 0.005508306149496609, 0.9790621227111868]
[-1.0315026297761434, 0.045752161830006896, 657.8712994959426, 1.7132161058433137, 0.14243992262781927, 245.8013682634226, 0.001360150405654127, 0.005518830250399854, 0.9784621714445414]
[-1.0325564557208644, 0.04717476615238722, 657.279947809523, 1.7098665307188639, 0.14621680672234977, 246.8104095570451, 0.0013485280923452947, 0.0055249806108150544, 0.980030184331691]
[-1.0328486202895384, 0.04231908267404645, 656.7338812163271, 1.7079013538734031, 0.14391249160559033, 247.74338500889166, 0.0013407280393571853, 0.005507506843396918, 0.9815103930131699]
[-1.037503073413768, 0.06055705243077922, 656.3055820621362, 1.7075891215112575, 0.15993931948998047, 248.45148106646403, 0.0013288409041655501, 0.0055714585251294005, 0.9820377116821559]
[-1.0552594161188038, 0.12857127914284938, 656.4592560113566, 1.6966533800922783, 0.2427814205473801, 248.14136117352896, 0.001269629644665439, 0.005863220738187817, 0.9803478438482306]
[-1.0349913238475037, 0.045546493308994185, 655.3698912260463, 1.7064006819731468, 0.153705788405925, 250.03998135196258, 0.0013201931753906628, 0.005538997409111431, 0.9843019880532886]
[-1.0337422291762972, 0.0374779744697828, 655.0466360049267, 1.70578023397902, 0.15143225192394486, 250.60582180020313, 0.0013194211393536873, 0.005509745926847367, 0.9855408916387264]
[-1.031502479491935, 0.0366639262546626, 654.8161696614148, 1.7085638883333196, 0.14853705513595095, 250.9838350446017, 0.0013218316978644428, 0.005506951658356842, 0.9857440344523591]
[-1.0308714112915327, 0.03245113403024613, 654.7391082369703, 1.7067655098511398, 0.14883446879642392, 251.12912759187057, 0.0013158113981949773, 0.005493331787225934, 0.9863178228733656]
[-1.0324808983095086, 0.031879331017118595, 654.8277576461094, 1.7065506536257686, 0.15043425681107644, 250.98218056173366, 0.0013048416066261106, 0.005503203413770202, 0.9861983653532254]
[-1.035204797936975, 0.027212439715808022, 654.8060565276455, 1.7006833353167299, 0.15217156255514624, 251.0494560822635, 0.0012867894518912356, 0.005489627870859012, 0.9870656436781101]
[-1.0307008421656754, 0.03004433472628399, 655.117751161469, 1.7104892056403997, 0.1586253017277071, 250.5099112479583, 0.001303550430920751, 0.005517806966291686, 0.9860332671931975]
[-1.025829008718855, 0.022303595126540045, 655.1438805802097, 1.7123624171633163, 0.15515480019117878, 250.51470894365835, 0.001308802735849949, 0.005490526523877522, 0.9872860412769069]
[-1.0334500071001829, 0.029729683655866743, 655.1640942314707, 1.7052525634535407, 0.16225325615601963, 250.55277462426187, 0.0012787499933348172, 0.005517308029678645, 0.9891748961380529]
[-1.033304826011047, 0.029756324700285542, 655.35300757304, 1.7058596310940897, 0.16699184279604395, 250.35057526658278, 0.0012722382683060189, 0.005525129203649539, 0.9918905481255034]
[-1.036311686455082, 0.031888973643009064, 655.491580123167, 1.7024141966328898, 0.1728161798653765, 250.25125469428937, 0.001255881765339334, 0.005538007556653644, 0.995194282451501]
[-1.0345097867599895, 0.029114551013527563, 655.6959120866734, 1.706623876071168, 0.1741698443933984, 250.0545354900706, 0.0012575488792574974, 0.005543141653280067, 0.9987200999417135]
[-1.0332107427823685, 0.023330517894539094, 655.6457676639087, 1.7044626091706792, 0.17082288685883934, 250.28264121832635, 0.001249466609304275, 0.005524975975238065, 1.0026691402672183]
[-1.0349534470517288, 0.021188021017715136, 655.7113591547427, 1.7021993952867125, 0.1712106702142679, 250.32552602877968, 0.0012365371680896212, 0.005518177106230313, 1.0066395906990424]
[-1.0314825499106983, 0.004513820274038124, 655.538503331644, 1.7011491949792152, 0.15687732052423609, 250.74915496083054, 0.0012377313125554222, 0.0054553619583184105, 1.010542877290788]
[-1.034445111760971, 0.03135184454481425, 655.9080564389436, 1.7068074668922262, 0.18793382528480201, 250.20375642247606, 0.0012310055307752446, 0.005576760329077925, 1.0118434029782064]
[-1.0324589553439507, 0.02115062737457915, 655.7974432256628, 1.7061767400559065, 0.18163870986182046, 250.50332057888488, 0.0012265201395230694, 0.005542040385047816, 1.0151035551905712]
[-1.0317310678964005, 0.022851677329513514, 655.7879772538914, 1.7076235702564397, 0.18519381854306904, 250.58196931710822, 0.0012266755789854724, 0.005548583622415276, 1.0168017819902826]
[-1.033490768837439, 0.02575788762057202, 655.74323917917, 1.7069669840428445, 0.18995732245297273, 250.70163369938197, 0.001213368211288554, 0.00556685208691177, 1.0180803207420512]
[-1.0356087983116466, 0.025408187199834578, 655.5727732658656, 1.7021953677428505, 0.19381654092699602, 250.9947875535503, 0.0011962804554955246, 0.005568579720276784, 1.0185934350646126]
[-1.0303191180816618, 0.034252934282574476, 656.1494450711243, 1.7241616092385563, 0.2046532062160375, 249.97002330282325, 0.001237354085224455, 0.0056167604753173065, 1.0159728294038703]
[-1.034957602074699, 0.019099479832178468, 655.3289829669685, 1.7030390045834412, 0.1949318391441467, 251.339031817223, 0.0011890670446985325, 0.005555082563961325, 1.0173192113148155]
[-1.0312804134201392, 0.01681986743848992, 655.186786891904, 1.7084378448426079, 0.19365073331529703, 251.47683697083443, 0.0011984100126465136, 0.005558789809986965, 1.0148898474610912]
[-1.031819556628794, 0.01876054655405624, 655.3031577356337, 1.7092487792832203, 0.1990537387941676, 251.1906264025204, 0.0011925793448140688, 0.0055718531543878045, 1.0122349376104225]
[-1.0440437510972334, 0.047347182114169536, 655.881313958616, 1.7042848847137988, 0.22355930129632975, 250.10774533707126, 0.0011614815424794305, 0.005658715736769222, 1.008122333420859]
[-1.032395040655526, 0.016852000194045393, 656.4351087395497, 1.7095490387108374, 0.20006761303696222, 249.09940746584198, 0.001181564421936367, 0.005567862961032363, 1.0049571017262255]
[-1.0441767516929756, 0.020617344095764167, 656.8518332056693, 1.6833997858218614, 0.2113571995573902, 248.37074031884663, 0.0011196634872368985, 0.005571427465134957, 1.0033810132340133]
[-1.0383625690531915, 0.016624163912012394, 658.2172320689021, 1.6980595313126496, 0.20635526106424631, 246.01805128814982, 0.001148258001397959, 0.0055692712032178494, 0.9991483578621844]
[-1.0365176049275453, 0.015143756650301685, 659.4236029103358, 1.7012659308134777, 0.20889607180695535, 243.98830470407688, 0.0011530621101429287, 0.00557091210168264, 0.9967184663981348]
[-1.0447461160291525, 0.04350442147877366, 660.6506820676275, 1.6963402341332428, 0.23847276723972743, 241.92639770207745, 0.0011239065048687293, 0.005677477087997998, 0.9943186595670964]
[-1.0330686331726326, 0.010103798706966446, 661.6776539133235, 1.707757490610713, 0.20596793978155586, 240.25351912196936, 0.0011581554764150265, 0.005565661827264069, 0.9937232183553745]
[-1.0327489208436265, 0.0057200958523372855, 662.5432616304147, 1.7052073878449312, 0.20684523444911476, 238.85752602115895, 0.0011532458607369871, 0.005557639471314444, 0.9935970074594689]
[-1.0152280779385354, -0.034114202275851706, 663.1308290748505, 1.715791790951503, 0.17190761659887904, 238.0023233348563, 0.0011806507344325353, 0.00544660715494846, 0.9959846454328641]
[-1.031208853284228, 9.483255199043058e-05, 663.7885342190385, 1.7037164944279994, 0.2035990251151443, 236.98433434806535, 0.001142234904215994, 0.005537946853878772, 0.9970322380342445]
[-1.0298642945504415, 0.00012731617007727706, 664.1974740601534, 1.7047994564927218, 0.20570300482472192, 236.41576481942272, 0.0011385912416244756, 0.005544624296420404, 0.9994072292683274]
[-1.0309345524155629, -0.015844941538233542, 663.978566918046, 1.696905920119542, 0.18828880128089714, 236.90944999883408, 0.001124721022850462, 0.005470047714131937, 1.0032044642137499]
[-1.0347494440493217, 0.002343640379240894, 664.0994887816846, 1.696976729582768, 0.20967334069908083, 236.79019060562896, 0.0011098931486764052, 0.005555757883173016, 1.0052149090087974]
[-1.0266873551022306, -0.0019400631769717791, 664.0293811506394, 1.7086333293942895, 0.21050149557228037, 236.99857763438982, 0.001141078464676111, 0.005553293830695687, 1.0077770463907014]
[-1.0348196643899685, -0.005373004948815813, 663.2344106272776, 1.6944592549937545, 0.2106357662664996, 238.4401496317576, 0.0011014723779186426, 0.005538509753385796, 1.0121629458227632]
[-1.0328595123879274, -0.008340719411130224, 662.5158564392078, 1.6980684753725854, 0.20856528456034673, 239.6851579275149, 0.0011083988230443575, 0.00553566261667396, 1.0145746952769024]
[-1.0199027767916837, -0.01872917642684669, 661.7616260115055, 1.7147056422215157, 0.20472353141540559, 240.98125967098642, 0.0011572754608986358, 0.00550658416587186, 1.016819164470762]
[-1.032158282127827, 0.003805959424214178, 660.6186531441983, 1.706439426675499, 0.22232098800538305, 242.8753816359315, 0.0011164158256755587, 0.005582619456848457, 1.0183461622556478]
[-1.0397097212362265, 0.00010124763071640421, 658.7492043396563, 1.68780129395035, 0.21848697035594494, 245.98711293060836, 0.0010708290183210315, 0.005560265158420112, 1.0212105311368933]
[-1.0369333760345925, 0.02022876579355238, 658.133091113332, 1.7067071483679137, 0.2397761563937415, 246.86403645271892, 0.0011051735692973802, 0.005647388194385803, 1.0181760843286591]
[-1.034298177910221, 0.0033750397308432056, 656.7344967976543, 1.7014058736262951, 0.22567266480152304, 249.08557438059177, 0.001099173926123322, 0.0055902543020382115, 1.0174692530902614]
[-1.031314847221887, 0.004458744096560916, 655.9920192391122, 1.7085027163106994, 0.22758449303825778, 250.1749559393027, 0.0011133158538748121, 0.005596720589512272, 1.0146852393806578]
[-1.0321405566646986, 0.0005182637261584274, 655.1896602313831, 1.7062858882008318, 0.22140917748718258, 251.36736327691344, 0.0011075844891683547, 0.005576314451883065, 1.0120827146290385]
[-1.031887658001174, -0.012551735605144575, 654.5161504842351, 1.6988470722662994, 0.21179303560020146, 252.3896003645466, 0.0010939319214875944, 0.005533521793712744, 1.010468787591882]
[-1.035280626493751, 0.0008154214162071575, 654.4554265326176, 1.6972786454460849, 0.22756621843951608, 252.38371574548063, 0.0010848611318372862, 0.005576565435473009, 1.007698333591168]
[-1.0334807539422417, -0.004427152186822511, 654.4649175501754, 1.6978588861969321, 0.22463463474540257, 252.25828309071937, 0.0010869426217209746, 0.005568725833519059, 1.004748710644311]
[-1.032084801148978, -0.00445412046198234, 654.6765545708693, 1.7012086956313734, 0.22155657167642578, 251.82177899039186, 0.0010945147334729096, 0.0055631829194152296, 1.0021694679590876]
[-1.035684426373108, -0.0031668957579314293, 654.8688624487513, 1.6938067308545226, 0.22128323553996754, 251.47024485209073, 0.0010789113078556907, 0.005558247416844705, 1.0010332743176664]
[-1.0308354874463237, -0.002008985065020173, 655.8359631925842, 1.7065333659080446, 0.22311562523249134, 249.84360202860532, 0.0011042335312382325, 0.005577834670218858, 0.9990994153697346]
[-1.03160201886333, -0.004575826253058688, 656.4274189290948, 1.7022856275922762, 0.22317165479004178, 248.88521832710725, 0.0010984492373602476, 0.005567688636139674, 0.9988920575050604]
[-1.0315903523142673, -0.010556717157503505, 657.1823812999288, 1.6997656793977411, 0.2182183065236705, 247.69744598109682, 0.0010888110689469392, 0.005556804223185809, 0.9995792197385152]
[-1.031582668359937, -0.0024410503621597754, 658.1541109558287, 1.7028300243548866, 0.22589833998772293, 246.16831362790575, 0.0010982375400750144, 0.00557240428990407, 1.0004550378855954]
[-1.0308797932136475, -0.011458408898968245, 658.8679420325541, 1.7031397651973839, 0.21252810704445474, 245.09245412458628, 0.0011033553871691803, 0.005531827462983604, 1.0023684163648492]
[-1.0464588055024537, 0.022060933467880423, 659.6688888874708, 1.6817197826647283, 0.2549728126856453, 243.91297001216296, 0.0010417367947440507, 0.005656097823930704, 1.0052561506871323]
[-1.0293439186006603, 0.0002657922971012021, 660.7131025321105, 1.7111203099569714, 0.22383709682574732, 242.28116453216745, 0.001113049486500482, 0.005591002503140643, 1.0065022003839506]
[-1.0343963101926286, -0.0017863944913619732, 661.0312124118562, 1.6971797938834503, 0.22577932807945866, 241.92165033242804, 0.001085177488745404, 0.005576851918326017, 1.0105655512931184]
[-1.035370691593077, 0.013223157396869275, 661.5852099065802, 1.7040515966233438, 0.2353324749960512, 241.12329009015974, 0.0010982504293631716, 0.0056196508007634845, 1.0130304503984926]
[-1.035038376259203, 0.007439029472183338, 661.5508331984689, 1.7007838672633064, 0.23601911655854557, 241.30075781444702, 0.0010964104449108268, 0.00561015983179366, 1.016302312342004]
[-1.0258199252212294, -0.01941974444461291, 660.9536661127497, 1.7049885909012383, 0.20620546086658037, 242.43046087950478, 0.0011235372571804848, 0.005501352609328781, 1.0208503842376528]
[-1.035576444855516, 0.004364005609020955, 660.2808488102471, 1.6984619547669784, 0.22555079168834735, 243.64642333077396, 0.001093466950743042, 0.005584081438713175, 1.0244525639104494]
[-1.0339251578077215, 0.0013609237572655437, 659.2205047765922, 1.700570972339611, 0.22070534853164747, 245.50365987896737, 0.001096912562079068, 0.00557690836996033, 1.028547552848792]
[-1.042776405187874, 0.022016221656422204, 658.0263621789991, 1.6902333312999915, 0.24675332054958227, 247.52072889261217, 0.0010717380910472152, 0.005653138433210783, 1.031164220997796]
[-1.0340725477502277, 0.001772751551124792, 656.6969385671396, 1.702300214805038, 0.21980989055377023, 249.76788237921895, 0.0011092228514403707, 0.005570758930503101, 1.0341195283967877]
[-1.0351805923990092, 0.018288738241500676, 655.6460482386705, 1.7090939346629235, 0.23283758297223223, 251.52470742969663, 0.0011135128348068188, 0.005634368349029567, 1.0359331418192956]
[-1.0346287320470058, 0.0027440238080413924, 653.9450989213728, 1.6991715087683708, 0.21829422920308156, 254.33888795354144, 0.0011049878348364556, 0.0055708520955337635, 1.038082070390653]
[-1.035850028940653, 0.019237896549038003, 653.1823869187436, 1.7073808590571393, 0.23144003933856744, 255.5582298697973, 0.0011175550485255752, 0.005628133690579269, 1.037906609841701]
[-1.0405470437243687, 0.012979085282126324, 651.955423019271, 1.6911358361976676, 0.23410794121287185, 257.5519188809112, 0.0010882181391146497, 0.005611379793184411, 1.0384850807830552]
[-1.0324066475074236, 0.01790143485932178, 651.4907780717128, 1.7112802691331233, 0.2286703128849723, 258.2133558153156, 0.0011350060205337152, 0.005623896466074446, 1.0361993294543315]
[-1.043582152886686, 0.032104954589071824, 650.7751852597905, 1.6910521977156672, 0.2503209068542349, 259.3207108778969, 0.00109047002157555, 0.005676506231889392, 1.0350533267707138]
[-1.0322758411138533, 0.005093400510182021, 650.5396831234987, 1.7044606258937427, 0.215579092534059, 259.6104776948127, 0.0011291562377620397, 0.005577873862549301, 1.0326772966351725]
[-1.0321902885292478, -0.0012769649861933427, 650.4712678231208, 1.7006585179545675, 0.20926223584269943, 259.630182385644, 0.0011303009935151034, 0.005546814391489436, 1.0302609518882755]
[-1.0413660510952132, 0.023874843010495323, 651.0587476232178, 1.6969735876717194, 0.23312802054893983, 258.53799367871005, 0.0011067952043147015, 0.005646067326987667, 1.0263003562931698]
[-1.0318792403003347, 0.007101792725526483, 651.697620130246, 1.7095036200211338, 0.2114656458811684, 257.37503929939425, 0.001150566032112593, 0.005574484546888162, 1.0226566566235227]
[-1.034068362566684, 0.0015676847044646626, 652.1602681135839, 1.69902271158695, 0.20470978416545563, 256.57868244473485, 0.001130129860221069, 0.005541350355359692, 1.0212444762734623]
[-1.036356069346919, 0.00486989498834724, 653.2239786899419, 1.697245553904157, 0.20590951229764826, 254.76175723411083, 0.0011287522009341823, 0.005551219492810022, 1.018373541037814]
[-1.0342382172570435, 0.004627440364950986, 654.4189011435618, 1.7000872010629813, 0.20373369235365515, 252.77999964475322, 0.0011397823017138193, 0.005544754201371704, 1.0167357680716744]
[-1.0317992623838719, 0.0019697009215479226, 655.7984169454833, 1.703952792596929, 0.20113698288846438, 250.4894425006177, 0.0011504738105923744, 0.005544048881526115, 1.014773917305866]
[-1.0356816643802613, 0.006509217401864706, 657.0021625243281, 1.6986045469741378, 0.20358537510594546, 248.50773656475565, 0.0011437087527192144, 0.005547784196261013, 1.0135171808099037]
[-1.0242558426400898, -0.01224088442262518, 658.3252170973211, 1.7076227686686973, 0.1893226207194817, 246.32878181454973, 0.001181749314261753, 0.005488792493109558, 1.0121135974928275]
[-1.0394485707896917, 0.028402746893272466, 659.8236940313601, 1.69987015148748, 0.2242706162220126, 243.85391097529828, 0.0011393347418848477, 0.005635617831200816, 1.010336223672614]
[-1.0378257432110705, 0.007431938286469358, 660.6976198854372, 1.6937782292509103, 0.20320456213061558, 242.45326798939288, 0.0011438788436025906, 0.005540063330863218, 1.0104434528522381]
[-1.034773718871659, 0.01973713725022875, 662.281593376266, 1.706981145467763, 0.20994560255474018, 239.83622344631158, 0.0011672232865032135, 0.005588263248984277, 1.0085387451466883]
[-1.0170329267148368, -0.020128932263180598, 663.0781812306768, 1.7144683864289498, 0.17823779071308912, 238.52026709262026, 0.0012157221334297037, 0.005463057978191731, 1.0075853529239913]
[-1.0331799975913474, 0.006535082060409, 663.8351389512695, 1.7006732895076209, 0.1964726205794849, 237.29466604014087, 0.0011661067255732006, 0.0055363628494604095, 1.007345644041262]
[-1.0350901805131165, 0.01778393922399598, 664.778253340196, 1.703248196884267, 0.20688936860663304, 235.7127215495417, 0.0011720718767264946, 0.005573785856589663, 1.0055763067801589]
[-1.0364872440460529, 0.02209405336639782, 665.2139779731515, 1.7010215748594653, 0.2086324322323283, 234.9978595439541, 0.0011666948003192608, 0.005585411718507247, 1.0051873675561889]
[-1.0351370936180913, 0.020633076360251846, 665.5696023305225, 1.705698695009351, 0.20226982336663374, 234.39082803746817, 0.0011787355929746657, 0.0055752657995149935, 1.0042385430596095]
[-1.0277980762045111, 0.0026121270756823863, 665.5621162453019, 1.71001378279909, 0.18794528219415207, 234.38812727923485, 0.001202713363152425, 0.005514084083603048, 1.0038441181879871]
[-1.035502360987664, 0.019208099997158938, 665.447990333673, 1.7053861286069678, 0.2008758179041811, 234.55148835974768, 0.001182034607859126, 0.005569629003528463, 1.0033067656652408]
[-1.0448676493319098, 0.02202984068005605, 664.5168965395364, 1.682652584624491, 0.20629099105367937, 236.0932294180239, 0.001133141590994569, 0.0055654584369925104, 1.0045170370303844]
[-1.0571508359351691, 0.07042879894199691, 664.6118269890791, 1.6780520635113805, 0.2638771670609591, 235.81994636331092, 0.0011070212100020003, 0.005764838397499331, 1.0012856486976163]
[-1.0338171693812934, 0.011153471470007769, 663.6302880118956, 1.7013547380055192, 0.192309485405933, 237.4406705328823, 0.0011846881688570205, 0.00553165947297725, 1.0024397883600178]
[-1.0483136758710843, 0.04647580495750768, 663.1127579971093, 1.6967779719410654, 0.22108134310485866, 238.21360092084285, 0.0011609359936052132, 0.005635702910761889, 1.000863268016796]
[-1.0320783651124414, 0.009973782732981572, 661.9298004163193, 1.7048293373116001, 0.1887090067989632, 240.1232439658033, 0.0011953816752017232, 0.005524637005248981, 1.0010852702756639]
[-1.035914429674146, 0.01906260544290088, 661.0636718559501, 1.7037291320430512, 0.19532462569046907, 241.4509802577751, 0.0011848957565824842, 0.005559565476262279, 0.9993617350310829]
[-1.0339880657521425, 0.016596204953299557, 660.1456239251213, 1.705246978568239, 0.1919014149340972, 242.87308402996229, 0.0011924416270789296, 0.005543944676366591, 0.9979304967602245]
[-1.0310162590810221, 0.009433336404271419, 659.3454351385374, 1.7076282443811115, 0.18330953402466604, 244.0647847009878, 0.0012011908977424244, 0.005524447577228272, 0.9954024367867237]
[-1.035702556140161, 0.022791456256470596, 658.8231889439626, 1.703203300786247, 0.19835199812574966, 244.82699853899777, 0.0011839744401976361, 0.005570325905174049, 0.9933360844276007]
[-1.0311296685907805, 0.024346878643222804, 658.7714864314081, 1.7128599816614474, 0.20076827799341693, 244.80953469461122, 0.0012035242041299407, 0.005588233893597087, 0.9906438245868129]
[-1.038286836964964, 0.025861722684344755, 658.4211432376137, 1.6994998623216095, 0.20123757901142372, 245.31807473231848, 0.0011779923132452176, 0.005569373414271495, 0.9891831336605134]
[-1.0261746644108838, 0.004906502770506643, 658.4703829643549, 1.7112047149694478, 0.18380661029118978, 245.17709211523456, 0.0012140838764014951, 0.005510325155962431, 0.9875275778987992]
[-1.031834430463575, 0.012253715078558276, 658.6943691901561, 1.7049212609640318, 0.19447348877062112, 244.7944452538969, 0.001187536175221367, 0.00554581027966608, 0.9869215509206293]
[-1.028945465054465, 0.009186810118624333, 658.938916882653, 1.7075966924410158, 0.19225606266834763, 244.3608044869756, 0.0012032220062979404, 0.00552936839640787, 0.9858350897443097]
[-1.0353369953190645, 0.012209255854627538, 659.0187280357349, 1.6997159245526527, 0.19234989425275928, 244.24805439192673, 0.0011736522552213621, 0.005541259340573484, 0.9862508294773467]
[-1.028595251730502, -0.0014762206695148581, 659.3553650076615, 1.7068425825434441, 0.17835469990397815, 243.71759067397656, 0.0011910458657952026, 0.005508481048923665, 0.9865348211633046]
[-1.035603218444499, 0.01959126563074618, 659.7124136656162, 1.7016683411024833, 0.19997417760445985, 243.15767083363065, 0.0011813452558622397, 0.005564248455571847, 0.9869085316293521]
[-1.029277757007985, 0.00805278809936143, 659.8799876104187, 1.707770910309811, 0.18751163797027054, 242.96414453841678, 0.0011992901611269594, 0.005528531237453307, 0.9889381531136842]
[-1.0375551170099508, 0.024862943601188008, 660.1795438397174, 1.7012761598206652, 0.2012737466475141, 242.5650509413241, 0.0011737633875709425, 0.005578557996003236, 0.9911435535610563]
[-1.0343911218001638, 0.018613743530327277, 660.4293247106831, 1.705230400081704, 0.19630179678707088, 242.24504513432416, 0.001181915175432939, 0.0055707923869771055, 0.9933244468540063]
[-1.0308361925148353, 0.008085729804370233, 660.4397823968416, 1.704417974884413, 0.18783274442585435, 242.32831407819742, 0.0011931490433732452, 0.005525087647502213, 0.9960036660133265]
[-1.0333779042885418, 0.014406595718887288, 660.5431193338259, 1.7024381694104536, 0.19511724844698947, 242.25825889752426, 0.0011856375452674968, 0.0055487795733939055, 0.9985747109868096]
[-1.0314814328599649, 0.02329482092773183, 660.7772324955752, 1.7110908808926473, 0.19823422992852216, 241.93200627817745, 0.0012008596087729978, 0.005577230434672718, 0.9999141961257947]
[-1.0313467370260978, 0.01994228859221931, 660.6648901242077, 1.7083484863962966, 0.19725291968296904, 242.16915709342226, 0.0011964772650855772, 0.00557031218656886, 1.0014290473313343]
[-1.035033174836309, 0.019616728196445436, 660.319471283954, 1.702518961542004, 0.19241186145461323, 242.78145885231723, 0.0011841591065372833, 0.0055562130788092065, 1.0029581012910658]
[-1.0365040595918753, 0.014883362509971822, 660.0155648299898, 1.698160719878255, 0.1903727474306261, 243.2937016857052, 0.001176902470684599, 0.005537386841174764, 1.0035946838617056]
[-1.0278196451382353, 0.00888714011936223, 659.8290107481895, 1.707909675169205, 0.1854334523860986, 243.5679302840816, 0.001209005189574758, 0.005523078887297123, 1.002908877458019]
[-1.0318248948702498, 0.020100727648559618, 659.7282226452163, 1.708979337170897, 0.19530800373221915, 243.69625693520933, 0.0012034938799899454, 0.005565489638730067, 1.0020075197052583]
[-1.0338132120152228, 0.023478098372073698, 659.3156137841743, 1.707755556200356, 0.1990417376971474, 244.3250925164258, 0.0012013212999081309, 0.0055810024423414515, 1.0010880631559094]
[-1.0340302179464076, 0.01716773067176798, 658.7288123981338, 1.7065271415494792, 0.18673428285907628, 245.28184900999875, 0.001196491250504461, 0.005546763968229396, 1.001452132112056]
[-1.0287405668809977, 0.01754477012886484, 658.1986618275715, 1.7145324750609519, 0.18662966277384155, 246.1252832569628, 0.0012217747642886258, 0.005541774806889618, 1.0012200484407074]
[-1.0352006175498092, 0.02317292201293189, 657.2548731303124, 1.7035682689422276, 0.19606002974324602, 247.6367687741475, 0.0011946290776219917, 0.005567866127898728, 1.001074080889137]
[-1.0335278465178321, 0.01571461240445797, 656.2064245787838, 1.7017637693449734, 0.1911895919563112, 249.35086143498336, 0.0011939428045318913, 0.005546486762341247, 1.0018487539128866]
[-1.0374275338817265, 0.00848290807893971, 654.8295349738648, 1.6868609942891033, 0.1905378921255777, 251.67264160815847, 0.0011676323810412724, 0.005504414989659697, 1.004759494455009]
[-1.0380504971509246, 0.02229049406286291, 653.8985051920257, 1.695325945701302, 0.1913005188703138, 253.15201095526677, 0.0011803670378543248, 0.0055471761998337425, 1.004302738323623]
[-1.0301050048269533, 0.016485984906955298, 653.0949062527803, 1.7097499035054797, 0.18450738657451227, 254.4422554462666, 0.0012145947367739678, 0.005541947550501216, 1.0042661037354763]
[-1.0348098389631737, 0.019648453869244478, 652.2584867799725, 1.7027352045221424, 0.19084151847685263, 255.84794285526465, 0.0011985319294321377, 0.005553340534761354, 1.0059077975654929]
[-1.0342867899025232, 0.02457051398207572, 651.5631987123633, 1.7078166332809082, 0.1910645451724367, 257.0470396552403, 0.0012063482724471157, 0.005564637505483805, 1.0080915559447456]
[-1.0354249447376782, 0.022950806112097023, 650.8499952956339, 1.7023681641269808, 0.19098563033127358, 258.2642331900016, 0.0012006601009378907, 0.005563314151369671, 1.0099889039639842]
[-1.0269229186324913, 0.009553099130385557, 650.4811995960991, 1.708979319175922, 0.18107414761872132, 258.965865287674, 0.0012276589499829035, 0.005521120709547233, 1.0129035698883584]
[-1.0319986187835817, 0.015164432032654315, 650.2765738804724, 1.7068993067683302, 0.18190156862882326, 259.4360210249373, 0.001215871066965362, 0.00553243679914781, 1.0166854082267383]
[-1.0302348588880812, 0.0121523978591521, 650.371201155712, 1.7087604316839953, 0.17830179556005138, 259.4332202816381, 0.001223655487517724, 0.005521241876189374, 1.0206821814592275]
[-1.0345851848709333, 0.02088751553113747, 650.556190462881, 1.6977836207721246, 0.19727494582929886, 259.30598083115075, 0.0012056476526967337, 0.005555411315887189, 1.025235770989169]
[-1.0289424235615174, 0.010885143146558321, 650.9016233332169, 1.7063407620656665, 0.1778243054415809, 258.91259896231276, 0.001229556643035696, 0.005507300257135733, 1.0295681262906595]
[-1.0329921138598785, 0.02300765950310713, 651.7397189072766, 1.7056089144674669, 0.1931083899666073, 257.664560985815, 0.0012181707783708957, 0.0055660203668150415, 1.032219059881284]
[-1.0352999652815995, 0.027434794836892984, 652.38968220426, 1.7031598492991586, 0.19079799083359797, 256.74975857892747, 0.0012109267292663758, 0.005564542657101116, 1.0356959811982447]
[-1.0332067694436278, 0.02364817845162458, 653.3784702581725, 1.7066200615401246, 0.18669602828831272, 255.21045255755686, 0.0012222335832522595, 0.005553017022083068, 1.0370334477062453]
[-1.038188517821458, 0.04032630252073097, 654.4579793556686, 1.7069722605845847, 0.19766574193547162, 253.4966175222945, 0.001214697499057543, 0.005597611578632579, 1.0376021878103818]
[-1.0346489597864803, 0.03243533842758519, 655.5258572548521, 1.7090095038165174, 0.19508260197327779, 251.75780544581525, 0.0012202766121671442, 0.005590060180286292, 1.037001772718716]
[-1.0389373494431378, 0.04970978019393661, 656.5124945111558, 1.7068189938984548, 0.21141412824956823, 250.0707180471653, 0.0012149772415822112, 0.005646946619269078, 1.0342903681819984]
[-1.033762132476299, 0.038756630607124185, 657.4994024736854, 1.7144992284811116, 0.20096448681628512, 248.3679949611164, 0.001236459462984846, 0.0056139714302205984, 1.0311720217533011]
[-1.0377812864731721, 0.03660024478688258, 657.5569489188961, 1.701359883117029, 0.196198675904959, 248.17560836247273, 0.001209767046891692, 0.005599757617316478, 1.0284977392104886]
[-1.0326208277312585, 0.006112547611315783, 657.4431970731455, 1.7001824456682302, 0.16448789726210003, 248.27176951052323, 0.0012165239901087434, 0.005476522962892393, 1.026177442061617]
[-1.0344057506266133, 0.027329834664958724, 657.8497338560147, 1.7043816522213073, 0.18528324851607106, 247.39166876276883, 0.001225942603433551, 0.005551858945064278, 1.0201088849351911]
[-1.0337932640188803, 0.022658506231874924, 657.7948742440578, 1.7030941475647554, 0.1825664232074883, 247.3083630516285, 0.0012202019002197756, 0.005542550675190977, 1.0155180940113149]
[-1.0302510429539713, 0.022805460831854005, 657.8358076342344, 1.7121876538198033, 0.182510913451774, 247.00087642358727, 0.0012434109270089675, 0.005551124516785349, 1.0090475658850917]
[-1.0333876378859803, 0.028602720365741095, 657.5715658174588, 1.7064371853884643, 0.19248596660354028, 247.2569049392298, 0.001226510026147201, 0.005581684621347821, 1.0045316613874142]
[-1.0357690110575386, 0.028140841873362125, 657.041962626187, 1.702200380774637, 0.18576380983810462, 247.97570501001172, 0.0012200707558650578, 0.005555551811093851, 1.0009864919758962]
[-1.0344021921264275, 0.02532688228384257, 656.7403236116479, 1.704177802153023, 0.18479573090878615, 248.30088952523312, 0.0012262690594314076, 0.005547865161619633, 0.9967128163761387]
[-1.0347280443594138, 0.02228657621685374, 656.3431341679528, 1.7036489173122205, 0.18088538035244553, 248.7911913988387, 0.0012249128395459227, 0.005535524330008226, 0.9927480979215716]
[-1.0244855819638368, 0.0005913558091800292, 655.9601994293844, 1.7118597003807443, 0.15819711570482176, 249.26060744926517, 0.0012524051082160345, 0.005463012243483865, 0.9888376066018336]
[-1.0360806315522604, 0.019631887804509102, 655.4959335995629, 1.6976902753557817, 0.176387385867002, 249.88950808245232, 0.0012152748664060711, 0.005516123838622537, 0.9856971241179698]
[-1.0323013752054457, 0.017986795489401453, 655.3755620729796, 1.7037942201719753, 0.17554180202512873, 249.92477808148683, 0.001230740638013, 0.005520598496200611, 0.9814618410976785]
[-1.0404328263550242, 0.03904774053131893, 655.3608017592707, 1.6995642786072038, 0.19163441706743947, 249.83767560598832, 0.001217773885780347, 0.0055702156800945795, 0.9784948532846324]
[-1.0343851166221936, 0.019697957983751315, 655.2048201661603, 1.70175700096934, 0.1725713740281003, 250.03974828442662, 0.00122408155407904, 0.005518033549263721, 0.9771928427111]
[-1.037053192845733, 0.026849013755679236, 655.6245722373685, 1.7017447460539854, 0.18668047785830133, 249.30691904359597, 0.0012226597112714442, 0.005551870499997575, 0.9756356048587808]
[-1.033202674336181, 0.020243639381669225, 655.853367856658, 1.7037244244913667, 0.1787108066944572, 248.94952982986683, 0.0012268325956480272, 0.005530269341481861, 0.9759127072703621]
[-1.0376172231888847, 0.018410393287808535, 655.9921667442716, 1.6946472525600624, 0.17143027792133597, 248.78360187395472, 0.001207331735574189, 0.00550110467502622, 0.9774430037077055]
[-1.0674062830584374, 0.08334637918304535, 657.1318053672763, 1.6816287744278358, 0.2224098849697649, 246.96170928334504, 0.0011231454118031772, 0.005723904574532664, 0.977706221411972]
[-1.0483731057624024, 0.04989409951834048, 658.0715882074871, 1.6856932314169528, 0.2159965211944006, 245.4948314847428, 0.00117966558993283, 0.005630276207589891, 0.9788740332588015]
[-1.0530932437754497, 0.059626434946072296, 659.4101973617175, 1.6746189414262214, 0.24061632297467586, 243.43198436759906, 0.0011448956818293729, 0.005697833040081458, 0.9812481250746095]
[-1.033168834610932, 0.03251037924283156, 661.2264363940811, 1.7124944939240987, 0.1893448422258418, 240.5312716676979, 0.001234856906964329, 0.0055872580954268464, 0.9817434488787148]
[-1.032279079886944, 0.009856895268354924, 662.3865422309996, 1.697940461756271, 0.17252559252918132, 238.81877635668826, 0.0012188836510326512, 0.005494128535592606, 0.9858160832927414]
[-1.034282881621079, 0.016777426595900743, 664.179397030354, 1.6990305057781128, 0.17639039789462196, 235.99988780405425, 0.0012171972037531603, 0.0055112569295769605, 0.9874957500524519]
[-1.0346255864663025, 0.017232400379811264, 665.985390535775, 1.7003772613537278, 0.17886079563542825, 233.15413403620184, 0.0012139150639799137, 0.005521473876315958, 0.9890215461287062]
[-0.9430423464645781, -0.144697803524256, 667.7558437065078, 1.7562059137629584, 0.09742320933657096, 230.2482812864855, 0.0014441904213938622, 0.005162034150693049, 0.9874091259282046]
[-1.0319054211922611, 0.022252311120324622, 668.9797197057669, 1.7082790187943466, 0.18256234515542524, 228.3648186952004, 0.001230666309747622, 0.005538456900616759, 0.9896487069761386]
[-1.0518885597935432, 0.06821293320110852, 670.4635898512857, 1.6961603249763055, 0.23504438256590582, 225.94760509042388, 0.0011945059783572628, 0.005689714953889282, 0.9887863805366047]
[-1.0330942219025112, 0.029197479889056653, 670.9451223297859, 1.7100059899824416, 0.19609986031509247, 225.3006697386104, 0.0012243087243696655, 0.005591142962094665, 0.9921870204642951]
[-1.0405350552861605, 0.04077770655714205, 671.1765730895866, 1.7043868616000362, 0.2010150843907285, 225.0389811358995, 0.0012029754924439368, 0.005615588554462033, 0.9951404172204026]
[-1.028237795150035, 0.01940958425158213, 671.0927308598602, 1.7149242048911506, 0.18423456019292955, 225.3005609544886, 0.0012345628440449726, 0.005553381955633959, 0.9985356120622356]
[-1.043716920796447, 0.024780216167162614, 669.8361604456586, 1.684220091804776, 0.19273563539246955, 227.52072721041287, 0.0011691375946920192, 0.005536843258234906, 1.003903259947751]
[-1.0054436770812307, -0.032962854200068364, 669.3890960680384, 1.7238626507992625, 0.14712618755186999, 228.29345786405145, 0.0012895921988430848, 0.005393001008431195, 1.0053534852828074]
[-1.0360065357749977, 0.026787763682787714, 668.3781679113002, 1.7055065548275818, 0.19117594926322426, 230.04224414593006, 0.0012046595627734134, 0.005563920793367294, 1.008671436690724]
[-1.0390042894962477, 0.02093336681316634, 666.5589846807874, 1.6921055849529252, 0.19242139877128273, 233.10273902355493, 0.0011818538327412259, 0.005536923614811673, 1.012327028384914]
[-1.038308398632012, 0.020880586950361393, 664.87067578774, 1.6948009373843045, 0.19017413699085312, 235.90248700325247, 0.0011797592450538982, 0.005541704516689045, 1.0146334862972155]
[-1.036078381575913, 0.05225858909041582, 663.6274572222484, 1.714768111398904, 0.2104839199473425, 237.86661812832983, 0.0012105872064241058, 0.005655923334444646, 1.013721221168325]
[-1.0321329577678955, 0.010414610730933888, 661.3169617207318, 1.703645974913579, 0.18417025170623194, 241.6901773684935, 0.0012004531771512127, 0.005521632309890364, 1.0166642979196954]
[-1.0324809290228378, 0.011547363287586267, 659.5944598936342, 1.7060307109596655, 0.1823965014465872, 244.45378182508463, 0.0012004172581915149, 0.005529353735909254, 1.016531840030686]
[-1.0369021524682198, 0.024227353915508787, 658.0157063496741, 1.7022439555841653, 0.1993483042995023, 246.9557748339893, 0.001186468559986613, 0.005577117134851949, 1.0155810610318359]
[-1.0358339567912496, 0.02857427347486593, 656.6569315110888, 1.708181932447519, 0.20285996590989444, 249.0850236032736, 0.0011962612738252083, 0.005597923819270602, 1.0141169215880388]
[-1.0472436676043113, 0.032920090715039756, 654.4991812914845, 1.6813535730163558, 0.21421954655144362, 252.60020623815205, 0.0011336753887812724, 0.005589768455783475, 1.0153768408839983]
[-1.032841821324279, 0.012006532776217745, 653.1306276624813, 1.704905036534167, 0.18904025256220092, 254.74166885561323, 0.0011866294077403274, 0.005536398302948147, 1.0138189087008882]
[-1.0337780471631752, 0.004710336105365875, 651.5493329367988, 1.6954748714750283, 0.19247839174972625, 257.2736595566847, 0.0011666283049368204, 0.005525471130261904, 1.0135618663026882]
[-1.0287044965884669, 0.008012502423954876, 650.4734387581696, 1.7129679898237749, 0.1910750203101893, 258.9379679827445, 0.0012022200768620588, 0.005537591148877792, 1.0118227741805592]
[-1.0441152417392465, 0.02360921113102095, 649.1665825664943, 1.685719727357258, 0.2170082860474485, 261.0529546912203, 0.0011305097472308324, 0.005595433224827373, 1.0122108458345989]
[-1.041080137092998, 0.02019441212090191, 648.3688954357947, 1.6965300243547905, 0.20436747259687915, 262.31225589520085, 0.0011494696089221293, 0.0055697778971110605, 1.0116001956799878]
[-1.035425805113841, 0.007700253981663006, 647.773513235157, 1.6988747545299028, 0.19489242499229356, 263.2319126232554, 0.001162055116632807, 0.005535777299396278, 1.0106018225130804]
[-1.0320245587833234, 0.024317261630918175, 647.9976722684343, 1.7153266042003674, 0.21088775892962752, 262.8013229644046, 0.001183869815034599, 0.005611990950519431, 1.0087197325438482]
[-1.0068108497296504, -0.031556887786443596, 647.8230143597789, 1.7210962891687203, 0.1740794187892271, 263.10131639621653, 0.001230153219299054, 0.0054503431283760735, 1.0092355733889702]
[-1.034152510937598, 0.016644952562253384, 648.2125846451354, 1.703550194772965, 0.20531298065978543, 262.4480892999502, 0.0011561554614436852, 0.005579725920770799, 1.0085106977292995]
[-1.032818393614911, 0.01920040622398375, 649.0750689317896, 1.7085070389667698, 0.21239459219975448, 261.0446391654262, 0.0011633408485279657, 0.005591661459299128, 1.0080504518542739]
[-1.0391617786971206, 0.007858927624280651, 649.677582358013, 1.6893601823424662, 0.2050885183500964, 260.12692901965175, 0.0011257112349550315, 0.005527210130323026, 1.0094077901088232]
[-1.0100724045854503, -0.03648519451413568, 651.0228306937278, 1.7167155333352524, 0.17435676891238738, 257.91410798088634, 0.0012086356069254782, 0.005427079583240389, 1.0080525406349938]
[-1.031748334112496, 0.006736878419647287, 652.6004091510644, 1.7074557334207707, 0.2064855579843401, 255.33043081560228, 0.0011543470968708289, 0.005556406485811991, 1.0067659520794012]
[-1.0416300611287301, 0.031064156897203547, 654.2215490825488, 1.695609229114193, 0.24432904630103086, 252.69615877346405, 0.0011154774398566569, 0.005661708375385032, 1.0059992880274526]
[-1.0343419086867498, 0.0029018188854235583, 655.2614439938924, 1.698727545477362, 0.20695355314661534, 251.0591182101258, 0.0011243860946366622, 0.005551610731492057, 1.0069193544614659]
[-1.0364905913958111, 0.009900203470754017, 656.7963704396952, 1.6993983608649703, 0.21455456452319394, 248.5701719552247, 0.0011188830984403307, 0.005578861010559289, 1.0063335611690087]
[-1.0346491116755652, 0.007039740409679665, 658.0342706354824, 1.70196570662486, 0.21753386767466446, 246.5703133661733, 0.001117139419058427, 0.0055884785961095185, 1.0060605036830612]
[-1.0352059971129304, 0.007489200736198286, 658.9795654735001, 1.703414090791341, 0.21805755614800937, 245.02188920324593, 0.0011215230962714627, 0.005581888297742744, 1.0052823779843005]
[-1.0289645371985865, -0.02216366772027036, 659.2868291233264, 1.6952899179676346, 0.19713672008466768, 244.58992307526657, 0.0011113316655572331, 0.005483746853829706, 1.0069393782608673]
[-1.029323814742538, -0.01425857447888395, 660.4193550044777, 1.7061054825308726, 0.19777640122800166, 242.6801677601201, 0.0011240848434652877, 0.005518036292988646, 1.0045443254686541]
[-1.0330199958490442, 0.009248940284763162, 662.0645849837216, 1.7112090861153404, 0.22821316062309316, 239.93833860448672, 0.00112562936481945, 0.005613497305151098, 1.0019347801020473]
[-1.0334430987359087, 0.001185010509657641, 662.994039167061, 1.704001872745081, 0.22897121517901475, 238.46508060506355, 0.0011092622770847228, 0.005601371474112748, 1.0024873489162196]
[-1.0378273623786398, -0.005792160680946543, 663.5143807723205, 1.6894025017065941, 0.21780075501004165, 237.69526425366433, 0.001081776631271615, 0.005543504426619477, 1.004268217573484]
[-1.033749077401592, -0.0034711476154803086, 664.8285456504229, 1.7032823195824531, 0.21783596727905408, 235.59791682130657, 0.0011083789083337168, 0.0055533459806517485, 1.004666863396987]
[-1.027194419298476, -0.006434617569163075, 665.7582321059814, 1.7147235108036938, 0.21250316967929572, 234.15038076393034, 0.0011274723225183608, 0.005562280318798983, 1.0059180407398356]
[-1.0399911263015293, 0.015951339151264503, 666.306578375958, 1.696809166447283, 0.23782002640259173, 233.3619370877552, 0.0010745657227777992, 0.0056404327737146496, 1.0084052521077371]
[-1.0381163321301967, 0.0027007775540403155, 666.8011862089778, 1.6975005285103326, 0.23274804589039544, 232.6651105611382, 0.001075103329099172, 0.005604681394482708, 1.011032856768019]
[-1.0319585448339315, -0.007468868467027421, 666.8363680192933, 1.7004879403258049, 0.21991811340783102, 232.72271848450072, 0.001091264253447303, 0.005554327814428836, 1.0140889566839548]
[-1.0359649366308599, -0.008870866706171043, 666.7415674574364, 1.6947970195309738, 0.2198350615377277, 232.95295119700722, 0.00107730417142044, 0.005546020045122543, 1.0161734133957454]
[-1.0328997060475928, -0.0048032586039963975, 666.7163256432998, 1.6992888969656903, 0.22765046899284608, 233.03520463662292, 0.0010846664958840998, 0.005574857553447301, 1.0172893185662746]
[-1.042458766770808, 0.010993482788591956, 666.3561099920873, 1.697383026236547, 0.2342422241413834, 233.6712122925988, 0.00106064131901967, 0.005618081734944617, 1.0188163164137298]
[-1.0158262382129544, -0.028566397063377286, 666.0343059886317, 1.7282688426008606, 0.20280142902238757, 234.19760455609148, 0.001141136483873891, 0.005535623872838548, 1.0190615794134374]
[-1.0402636530624967, -0.0028260158356965812, 664.3497225823168, 1.6859635130021398, 0.22338055693760395, 237.01558607413585, 0.0010447445569365579, 0.005555008433317075, 1.0220164812016488]
[-1.0328918729395309, -0.00850426274391708, 663.7234948677166, 1.6987481580281971, 0.22628437449984934, 237.98420231509786, 0.0010787696866753438, 0.005560440347608446, 1.0210015623623325]
[-0.9971406608645488, -0.046362334125096195, 663.4488187913722, 1.746697867814164, 0.19964021400470616, 238.2799892407257, 0.0012237867700602954, 0.005470917624414204, 1.0171010688870141]
[-1.0326092668076319, -0.00642528951931922, 661.5659935585543, 1.700903826171125, 0.22435604078079685, 241.34305180252662, 0.001083926760282269, 0.005563462355519739, 1.0180869251776825]
[-1.0326341014341098, -0.011926824183150834, 660.4046652646093, 1.6995159404994118, 0.2183503463652603, 243.17442325604117, 0.0010761393480856977, 0.005547242364655324, 1.0171441773448806]
[-1.0415190746862044, 0.03776012007706896, 659.9858514801956, 1.7082301572165683, 0.2597256931548948, 243.66578043616946, 0.0010734725367308007, 0.0057167373320102695, 1.0122772289598336]
[-1.0328001941833265, -0.00846403368323575, 658.5516342935379, 1.7000922025399445, 0.22443180309095037, 245.95234083396363, 0.0010765606049528674, 0.005567647084407651, 1.0117783141724215]
[-1.0382971454272178, -0.009175814792441644, 657.5495583642546, 1.6892291815664127, 0.2231105744065846, 247.56067298229362, 0.0010532207139242172, 0.005551049111877558, 1.011717008938644]
[-1.0354424193272092, -0.005795988189053764, 657.1262469905543, 1.698321211600463, 0.22808175160048988, 248.19646953686782, 0.0010754214229760875, 0.005567536836162025, 1.0105233853128208]
[-1.035353703576374, -0.004996254232876699, 656.4525273068465, 1.6968814999013273, 0.22671052023409366, 249.30641433166093, 0.0010740102378468334, 0.005564583434210882, 1.0112484883995767]
[-1.0325791168569922, 0.007490322887844129, 656.4049905473809, 1.7097448545269949, 0.24131904789570213, 249.36347398706002, 0.0010971827011833077, 0.00563230525015205, 1.0107305813975205]
[-1.0372048527178948, -0.004166906195561051, 655.3950085652237, 1.690499826943982, 0.22870086402185236, 251.141538876543, 0.0010636308391908452, 0.005559940999265428, 1.0148730772493804]
[-1.0327511828192892, 0.0001789496285033379, 655.5103351589734, 1.7061776430393873, 0.2305761301279502, 250.95290128981796, 0.0010933295446522331, 0.0055970915092081516, 1.014785405352507]
[-1.0341467114330833, -0.0075886200822756125, 655.0493196559294, 1.6975316230841264, 0.22317062503686208, 251.82591646389056, 0.0010792971622698975, 0.0055565225739285596, 1.018320085620002]
[-1.0341724268510202, -0.004022356014724143, 655.0689607006018, 1.6994999974589018, 0.22456088978928795, 251.86765521723245, 0.0010808976092540614, 0.0055696946322440054, 1.020282635101075]
[-1.0282360678035318, -0.009269368331792137, 655.1002999872728, 1.7082049882930535, 0.21518205758374875, 251.87342574461053, 0.0011086667035717147, 0.005549081283634193, 1.0217856307114532]
[-1.027288415356236, -0.015606083807078031, 655.2917199442508, 1.7095247293818698, 0.20582407145109374, 251.6191531366072, 0.0011182382509530005, 0.005509611268293164, 1.0232150637609674]
[-1.0355781964231041, 0.00380403340976019, 655.5670855126688, 1.701353636505352, 0.22910191246504777, 251.22404943923945, 0.0010870988305681424, 0.005595448634011885, 1.0244863704567697]
[-1.0373517512814066, 1.1570234740245036e-05, 655.528431238473, 1.6925237425895383, 0.22450050452570594, 251.31974779817926, 0.001073423037109958, 0.005572639569485609, 1.0253850859015907]
[-1.0354475538583983, 0.00588084157709708, 655.9948705468713, 1.702274471953852, 0.22803489426652873, 250.5249346039129, 0.0010948744339981515, 0.005597836902421914, 1.0241773699737458]
[-1.0350744055051027, 0.002492116039447185, 656.1960389521482, 1.7021642624395164, 0.22211833116213311, 250.1848597994543, 0.0010981097778079742, 0.005577416977125247, 1.0237292224776615]
[-1.034235902509567, -0.003945485541928526, 656.148705647367, 1.6977761048338016, 0.21577562234651906, 250.17650047278687, 0.0010986889198389364, 0.0055541766518601, 1.0214687082013005]
[-1.0343360667652803, -0.005297838932206485, 656.3173146158787, 1.6975921369973686, 0.21295157628764605, 249.81077876492097, 0.00109913749372846, 0.005544551948789974, 1.0189329431406797]
[-1.0335384746518987, 0.0038742646806185204, 656.4469579699735, 1.7031109811605794, 0.21904418188360414, 249.42679739252307, 0.0011101645685831368, 0.005580445422208053, 1.0142316738327997]
[-1.0366175988646391, 0.011958263330181374, 656.230467220571, 1.6998552293318974, 0.2234813677373302, 249.6088751888501, 0.0011056873841303056, 0.0055978009181609535, 1.0097906993954175]
[-1.036389671204002, 0.0043983192970831675, 655.8555119302199, 1.6984027505361914, 0.21382744799196865, 250.1216595766158, 0.0011024122606585734, 0.0055664599145467996, 1.007384592608107]
[-1.0348843015441869, 0.006774448378504481, 655.7564305957062, 1.7017211776696533, 0.216120716059441, 250.13099674783547, 0.0011185853511515341, 0.005573670089741666, 1.0033711536880354]
[-1.0336227552424544, 0.011509553595188585, 655.9337446304908, 1.7069760708482433, 0.2173360205379587, 249.7345392693145, 0.0011342050528611186, 0.005582347401993863, 1.000387120732752]
[-1.034255010135502, 0.001819112203871963, 656.0853590569527, 1.6977652860021566, 0.20897804852252677, 249.41187186656188, 0.0011225408010271107, 0.005544105714094161, 0.9982727177217522]
[-1.016189025552587, -0.03100766424858245, 656.6343878770514, 1.7067137113924364, 0.18570052600366638, 248.46321460347517, 0.0011705897902888754, 0.005451757910377602, 0.9965001468184506]
[-1.0180797990500985, -0.04767435982136165, 656.8191434865753, 1.6911110930163837, 0.17087194321930965, 248.20846087998555, 0.0011435107948965333, 0.005375546720478479, 0.9976299369468971]
[-1.0349186990202088, 0.00960893601919072, 658.3444141256945, 1.702382198144637, 0.20954497662006136, 245.58446723347885, 0.0011391080363146126, 0.00557191750234624, 0.9930132441189814]
[-1.032583098599051, 0.004493375998243599, 659.3163849435042, 1.703741304604383, 0.2121933996115667, 244.01420987962283, 0.0011499728339874735, 0.0055609624608947365, 0.9927984629144951]
[-1.0326950241510011, 0.004582345230745596, 659.9321689600833, 1.7036457571755879, 0.20199444234726954, 243.0499800927589, 0.001151161739875406, 0.00554689639846972, 0.9934814276663996]
[-1.0334501801670593, -0.013661893766382664, 660.1913852650288, 1.6924381570632026, 0.18476958482238204, 242.73123914145665, 0.0011340903532040783, 0.005472280409115505, 0.9961021838940409]
[-1.0398377045399787, 0.025298833387102218, 661.2547062947663, 1.69781351705895, 0.22086322331776287, 240.99182539475862, 0.001144617485815285, 0.0055992779885249465, 0.9952895819322565]
[-1.0343579844928341, 0.01145948254509651, 661.502093243074, 1.7022489165469834, 0.20135192410753225, 240.66421523731708, 0.001155300240545405, 0.0055566210636414145, 0.9971638866311783]
[-1.0363400227970607, 0.01412359411356641, 661.8529961730178, 1.7013515725991422, 0.2039935181015592, 240.1463428755672, 0.0011614812528802348, 0.00555801282204307, 0.998398822698289]
[-1.0294434411977789, 0.00932183404107814, 662.0992537412028, 1.712437736964099, 0.19680060387157242, 239.77199514738408, 0.001190200870829981, 0.005550592166813116, 0.9989732977607265]
[-1.034348629002376, 0.002158898074923387, 661.5838513928013, 1.699358035012102, 0.18744671932557905, 240.6954948802387, 0.001170150402279167, 0.005506222809001206, 1.0015192911094706]
[-1.0263726573527996, -0.0033604169181619668, 661.1613305678509, 1.7086222726236306, 0.17870648840120057, 241.40221579597335, 0.0011971935336980112, 0.005488303640746301, 1.0022584331601403]
[-1.0278565896783616, 0.00024505637771492206, 660.6200722746016, 1.7096295220810087, 0.17897346879721093, 242.2474937458159, 0.0012006381683272258, 0.005494778804417959, 1.001597749661917]
[-1.0320344066334715, 0.0010847631808783987, 659.6068078759762, 1.69989531278583, 0.1787234402194006, 243.8770451148317, 0.0011858460280631535, 0.0054856562869311275, 1.0016230810646056]
[-1.0324623716716121, 0.01076803803466083, 658.7689612981305, 1.7030880915594024, 0.1868830830156396, 245.2042863112295, 0.001189956534416497, 0.00552627998995567, 1.001103247632815]
[-1.0430405746964952, 0.027944846286874676, 657.4972494408241, 1.6925677243221844, 0.19823259241351934, 247.2509772903716, 0.0011599966606847044, 0.005573180313381831, 1.0011751817604233]
[-1.0346481081853285, 0.01607979564147769, 656.1944239827776, 1.7029569023057844, 0.18571471091967134, 249.34995215517577, 0.0011947984675527686, 0.0055288322624857085, 1.0013080329265562]
[-1.0329990202624812, 0.018108699019696098, 655.110668333776, 1.7074668313959203, 0.18866265268964225, 251.0819375145412, 0.0012059959048033647, 0.005546318237352692, 1.0010424770483222]
[-1.0372803188896607, 0.024983927203385395, 654.2686552188751, 1.7000448598830324, 0.19632181213561883, 252.43064442046756, 0.0011921148762717058, 0.005565289568209397, 1.0009180285303296]