[-125.38862929844687, -6226.571044559098, -10371209.128998628, 67.77451470936381, 3369.964253212138, 5613124.899291148, 1.2084426372146282e-05, 0.0006003582786591552, 0.9999999999999994]
[-118.16932244180992, -6222.284675705029, -10332725.068662772, 63.86726621317908, 3367.6443091416295, 5592295.20134619, 1.1388349216770502e-05, 0.0005999449828210282, 0.9962893394955048]
[-112.52233526236368, -6233.24000639808, -10295029.442966977, 60.81095355709961, 3373.573417080427, 5571892.288457935, 1.0843876062870869e-05, 0.0006010012852715711, 0.9926547028937317]
[-86.91054497643108, -6199.346058637177, -10265954.99191395, 46.94949006842249, 3355.2291896875727, 5556155.3836051505, 8.37439860212258e-06, 0.000597733235241166, 0.9898513110458065]
[-110.03168402994585, -6204.554159636138, -10236036.58094243, 59.46286764910927, 3358.0479529595495, 5539961.916316493, 1.0603746372109215e-05, 0.0005982353815714613, 0.9869665582762367]
[-98.69191338437012, -6204.9554409741695, -10218254.05561515, 53.32557336358825, 3358.2648941253383, 5530336.781309628, 9.5103763481372e-06, 0.0005982740705915767, 0.9852519392919313]
[-87.62142689512748, -6228.573848286267, -10204237.959884759, 47.333938458146626, 3371.0474501083318, 5522750.392178221, 8.442967575569201e-06, 0.0006005513387337362, 0.9839004910181792]
[-68.97386453526568, -6206.684108366555, -10206719.737540266, 37.24160584333184, 3359.2002410408986, 5524093.12062444, 6.6449858854386515e-06, 0.0005984407367755221, 0.9841397525737036]
[-68.62547433399578, -6230.070870966616, -10211367.226762759, 37.05295931139697, 3371.857477412803, 5526608.381180025, 6.611396898423588e-06, 0.0006006956763073288, 0.9845878535986535]
[-61.8111224655707, -6241.573278446025, -10228644.034642752, 33.36479447826627, 3378.0827299068133, 5535959.096609273, 5.954367796906908e-06, 0.0006018047286005939, 0.9862536685733235]
[-51.833396455341834, -6246.51736932135, -10254059.339140642, 27.964616103942184, 3380.758458283413, 5549714.7698772, 4.992323406576698e-06, 0.0006022814320246251, 0.988704200404243]
[-13.033098523568821, -6258.960358633792, -10289790.780899331, 6.965193011086356, 3387.4926547853474, 5569053.99394444, 1.2512112938692745e-06, 0.0006034811830042079, 0.9921494147202938]
[-23.323813445290643, -6252.615684379883, -10326638.926732339, 12.53467639217536, 3384.0587319002825, 5588997.782919619, 2.2434510690703042e-06, 0.00060286942085996, 0.9957023111282282]
[-15.392277861378016, -6204.353808805557, -10372656.213239957, 8.24203402694012, 3357.9384237904783, 5613904.271833341, 1.478708277602143e-06, 0.0005982160091096665, 1.0001392937891658]
[-25.93388127292622, -6224.336592839508, -10411844.594812687, 13.947148189667523, 3368.753397264738, 5635115.0104193045, 2.4951325074048245e-06, 0.0006001427307809772, 1.0039178547006835]
[-16.24444129585317, -6208.34619462341, -10453296.047979897, 8.703085529915672, 3360.098973930493, 5657550.513045935, 1.560893671936149e-06, 0.0005986009299879066, 1.007914614369852]
[-8.540199706001674, -6199.9539216568355, -10489100.810435666, 4.53338489758141, 3355.5568193866675, 5676929.911522632, 8.180589389825104e-07, 0.0005977917460961321, 1.0113669280439588]
[0.1579680818013971, -6216.714742748655, -10523502.380855896, -0.17428981843018976, 3364.627934549987, 5695549.849479636, -2.061193047664443e-08, 0.0005994078149209156, 1.0146839464296593]
[10.74848650874935, -6223.556004328288, -10568676.175154304, -5.906072042691344, 3368.3304156100285, 5719999.7523167655, -1.0417359000123674e-06, 0.0006000674382675748, 1.0190395964477788]
[26.156147383125138, -6219.792939310025, -10616079.888435729, -14.244916755213076, 3366.293663214125, 5745656.510911772, -2.527335539045867e-06, 0.0005997046034711943, 1.0236102507967764]
[21.279560764326614, -6226.851957774872, -10663679.696253313, -11.605773517649519, 3370.1140672305064, 5771419.7089268025, -2.0571309174745278e-06, 0.0006003852253841282, 1.028199831084451]
[27.510532163276253, -6219.225095311793, -10710541.758894742, -14.97809712677196, 3365.9861828272374, 5796783.658276403, -2.6579108580367593e-06, 0.0005996498389642394, 1.0327182810873483]
[34.882676356106444, -6222.040808808552, -10752664.799670735, -18.968072085947, 3367.5099900101795, 5819582.831188937, -3.3687277012389734e-06, 0.0005999213238565866, 1.0367798060412172]
[41.97956265888211, -6236.747425455708, -10789713.182276433, -22.809073698288426, 3375.4693973531785, 5839635.446922134, -4.053001463078271e-06, 0.0006013393279819887, 1.0403520366156498]
[49.13020725616844, -6237.5135894365685, -10818342.305581907, -26.67913136176197, 3375.883957501731, 5855131.262364122, -4.742458886725669e-06, 0.0006014131977399041, 1.0431124863973593]
[55.027920858556435, -6244.14591003839, -10836018.335566903, -29.87113382718022, 3379.4734449472912, 5864698.909480451, -5.311114306700649e-06, 0.0006020526820869014, 1.044816846337592]
[57.87298854379005, -6230.691628569352, -10845758.382001141, -31.410946769862317, 3372.191703329835, 5869971.200362792, -5.585425541949166e-06, 0.0006007554173833792, 1.0457560152895797]
[52.169739216806946, -6216.068589849292, -10844679.09638993, -28.324295858797754, 3364.277385071469, 5869387.667470476, -5.035513098397832e-06, 0.0005993454581232888, 1.0456519884499573]
[57.44203592113529, -6247.732635971739, -10833877.201473355, -31.17781258985953, 3381.4144673756964, 5863541.858057049, -5.54386631714755e-06, 0.000602398494874988, 1.0446105089827542]
[58.90590895110585, -6265.576097445589, -10814175.667816538, -31.970182231767517, 3391.071600880619, 5852879.1315614525, -5.685012534122295e-06, 0.0006041189549753041, 1.0427109235771093]
[66.5815510756766, -6255.983153313672, -10788025.449028062, -36.12434853490534, 3385.8796925784945, 5838725.898556811, -6.425092628424939e-06, 0.0006031940062128723, 1.0401895439384636]
[72.64616455491496, -6239.375525987639, -10758145.261350766, -39.40660853040469, 3376.8913330420837, 5822553.668390689, -7.00983521556777e-06, 0.0006015927053977936, 1.0373085100174393]
[73.52623215034923, -6254.053651003452, -10717651.293477757, -39.882959508373006, 3384.835331020054, 5800636.916850905, -7.094692421772399e-06, 0.000603007957743205, 1.0334041025793916]
[97.41312743451002, -6217.817261756639, -10684181.830115683, -52.81069463084833, 3365.223544397231, 5782521.539812762, -9.39785733260936e-06, 0.0005995140592072488, 1.030176961847819]
[82.06081586703154, -6207.183510401792, -10651339.695879843, -44.501893892486706, 3359.4683581075237, 5764745.808674458, -7.917583599274994e-06, 0.0005984887506926867, 1.0270103147587288]
[82.54168226340464, -6221.6925229997705, -10618107.730069468, -44.76218444827391, 3367.3208510672102, 5746758.948589167, -7.963951135130622e-06, 0.0005998877075320628, 1.0238060718975475]
[83.32536470610478, -6232.333019633897, -10586704.918383367, -45.18634982574152, 3373.0796920086395, 5729761.986784692, -8.039513387737084e-06, 0.0006009136578913816, 1.0207781888179572]
[82.75365551877643, -6221.968310759811, -10560933.662479496, -44.87688859968094, 3367.4700841563367, 5715812.93184918, -7.984389823381203e-06, 0.000599914294224051, 1.0182932920833452]
[89.67504392048573, -6223.987139635289, -10544969.754809026, -48.62283612373463, 3368.5627215619284, 5707171.881857972, -8.651742375259814e-06, 0.0006001089529119018, 1.0167540102421417]
[87.37656267578923, -6224.732528193888, -10527112.636197716, -47.378871116730295, 3368.96613893336, 5697506.337874799, -8.430125420627836e-06, 0.0006001808227078014, 1.015032196795273]
[98.00749929726142, -6202.665505580627, -10515395.32353467, -53.132376467422475, 3357.0230502258983, 5691163.785995482, -9.455160065101022e-06, 0.0005980531254313491, 1.0139023750616458]
[86.18291575520317, -6236.228097589555, -10508702.198922584, -46.73285828292837, 3375.187749227376, 5687540.679118984, -8.315038700230055e-06, 0.0006012892235826282, 1.0132569938008973]
[85.32203109864035, -6228.026475059383, -10507961.411140932, -46.26693126940676, 3370.748944285322, 5687139.125275472, -8.23203387483319e-06, 0.0006004984289783077, 1.013185530143924]
[73.10766126409288, -6229.53569597598, -10511897.119556777, -39.65632914412336, 3371.5657923068097, 5689268.749432491, -7.0543305332924035e-06, 0.0006006439448333549, 1.0135649775865159]
[72.4906289387464, -6216.125916731552, -10521805.49900859, -39.32231823245952, 3364.308245130534, 5694630.997988241, -6.994835210888951e-06, 0.0005993509817658664, 1.014520307243468]
[92.85317459601721, -6209.108301253808, -10533363.02507799, -50.34272740677734, 3360.5101793906197, 5700885.916880801, -8.958197013331027e-06, 0.0005986743517208471, 1.0156346525070992]
[74.03237314569398, -6236.981080920341, -10546000.405027635, -40.156751356804754, 3375.5955218735935, 5707725.541065743, -7.143500651538932e-06, 0.0006013618394456057, 1.0168531319505194]
[72.02729846414785, -6223.314136837091, -10560641.75129122, -39.071472456723136, 3368.1987846445495, 5715649.776708977, -6.9501748491610825e-06, 0.000600044078728955, 1.018264832473961]
[63.617860817326516, -6219.646755505125, -10579296.881635284, -34.52012737139971, 3366.2139672199546, 5725746.518270448, -6.139339799065649e-06, 0.0005996904751744385, 1.0200635463991796]
[59.416993008780466, -6222.367389734651, -10590136.484911818, -32.2465427599945, 3367.6864790205364, 5731613.44642732, -5.734300632256453e-06, 0.0005999528000582826, 1.0211087048064884]
[58.12110927231769, -6214.740615405874, -10599211.417885568, -31.545124058351625, 3363.558797589722, 5736525.34236889, -5.609356899860141e-06, 0.0005992174366716133, 1.021983718812394]
[63.05084000601676, -6195.813996211431, -10605079.868132705, -34.21311569048619, 3353.315409051851, 5739701.877799216, -6.0846811503368175e-06, 0.0005973925398897479, 1.022549571492911]
[47.160582456743796, -6215.134694236575, -10595349.568477958, -25.613071951929886, 3363.772246859771, 5734436.139053235, -4.552553177530209e-06, 0.0005992554390755748, 1.0216114199021091]
[26.23553940784466, -6219.503071389246, -10584855.030984957, -14.288101056962777, 3366.136598785167, 5728756.738544009, -2.5349709223894997e-06, 0.0005996766343098616, 1.020599579100636]
[22.808138183758096, -6217.152033041018, -10583275.21296795, -12.433092156152075, 3364.8642460933324, 5727902.140170837, -2.2045064514170015e-06, 0.0005994499578070405, 1.0204472814734096]
[18.75625236381136, -6227.180568199857, -10580730.682229636, -10.240123033160891, 3370.291988575758, 5726525.381248615, -1.8138354585661356e-06, 0.0006004169139193378, 1.020201965268864]
[9.583386173702284, -6195.942879182758, -10584736.979953052, -5.275516291600091, 3353.385687731515, 5728693.902243501, -9.293889177370852e-07, 0.0005974049851088444, 1.0205882609081993]
[14.525919992352284, -6199.740362713394, -10589190.872685794, -7.950434479723321, 3355.4409872698407, 5731104.564679706, -1.4059600434371528e-06, 0.0005977711481853276, 1.021017706583295]
[2.427938948915033, -6227.156823980334, -10594294.198411446, -1.4028041600916445, 3370.2793831532476, 5733866.524143742, -2.394812383140432e-07, 0.0006004146394461522, 1.0215097581712351]
[-2.3320491938178236, -6225.613675259409, -10598189.933663616, 1.173442947579203, 3369.444302692336, 5735974.822063285, 2.194673450543628e-07, 0.0006002658557260778, 1.0218853701750739]
[2.38892807754881, -6211.249421328845, -10605081.061550247, -1.38155192980502, 3361.6701754569654, 5739704.41282745, -2.3573639153421553e-07, 0.0005988808643002668, 1.022549801345417]
[-22.32457788764946, -6226.6783934681325, -10606482.880832067, 11.993790907921383, 3370.0207657372653, 5740463.20290951, 2.1471292073571725e-06, 0.0006003685251437709, 1.0226849686814938]
[-24.271978248523226, -6228.732355210426, -10608278.83511333, 13.047817909691316, 3371.1325007374426, 5741435.3701597955, 2.334887026346836e-06, 0.0006005665768610302, 1.022858141805514]
[-39.01726311994825, -6230.463277357421, -10609848.206693823, 21.028256701076387, 3372.0693937778015, 5742284.933302767, 3.756614439158055e-06, 0.0006007334774839234, 1.0230094697882823]
[-46.607325121429966, -6230.852950468272, -10607616.456299363, 25.13615845778401, 3372.2804046540973, 5741077.3054388035, 4.488439053149443e-06, 0.0006007710561063224, 1.022794302187439]
[-49.36994031105428, -6238.355705020797, -10603881.970974784, 26.631357661163815, 3376.3411102522027, 5739056.394691677, 4.754800820375996e-06, 0.0006014944822907491, 1.0224342446885937]
[-52.04101546431869, -6220.397885745873, -10596985.540852748, 28.077112879571636, 3366.6221395876614, 5735324.096232527, 5.012341579222001e-06, 0.000599762998371908, 1.0217693121263682]
[-57.150581893331655, -6228.923701494538, -10585080.42970901, 30.842539406205493, 3371.2365820904092, 5728881.041875418, 5.504993783922882e-06, 0.0006005850639389981, 1.0206214522658272]
[-68.76889898300882, -6243.889329433844, -10570363.852910101, 37.13054044138664, 3379.336345281855, 5720916.37235515, 6.62521931329773e-06, 0.0006020280505270993, 1.0192025152799626]
[-98.55214611209449, -6238.017132433247, -10545944.982958442, 53.24973907337474, 3376.158415911194, 5707700.511674506, 9.496904964669132e-06, 0.0006014618496565973, 1.0168480899804822]
[-89.11182115108421, -6240.014498635051, -10532609.028139917, 48.140534956096374, 3377.239434461377, 5700482.950554057, 8.586666121176614e-06, 0.0006016544524541028, 1.0155622638011876]
[-96.8087890581592, -6244.911123525728, -10507286.713954624, 52.30627265992588, 3379.8896773887705, 5686778.051070933, 9.328796559652919e-06, 0.0006021265893643349, 1.0131207250365875]
[-101.17862843710071, -6222.661886039896, -10479516.567087552, 54.67143937347088, 3367.848127449284, 5671748.170632997, 9.750133208885776e-06, 0.0005999813325534758, 1.0104431597150492]
[-93.27466290911605, -6236.793701658603, -10453930.567900123, 50.393695425430344, 3375.496573719353, 5657900.400038724, 8.988027766663808e-06, 0.000601343927025022, 1.0079761871265729]
[-98.34822946517616, -6244.163901790337, -10423104.240632372, 53.13964350517311, 3379.4855570095965, 5641216.369950604, 9.47721316175145e-06, 0.0006020545648691083, 1.0050039441663297]
[-90.64510504317352, -6242.2425280029565, -10394765.245401394, 48.97068730702113, 3378.445682769836, 5625878.45498632, 8.734465965338317e-06, 0.0006018693159078806, 1.0022715214287683]
[-107.50533676944518, -6239.100008013276, -10371563.831595808, 58.09571831760165, 3376.745028911973, 5613321.074844463, 1.0360123775927264e-05, 0.0006015663199632114, 1.000034455321152]
[-118.2954247744292, -6234.828476176457, -10353118.75818672, 63.93548769292708, 3374.4333160540327, 5603337.848141219, 1.140050018496416e-05, 0.0006011544612005165, 0.9982559843255293]
[-134.74231972885457, -6226.238745274246, -10340372.314734425, 72.83686129597565, 3369.7844136222952, 5596438.769412161, 1.2986303401438539e-05, 0.0006003262378861312, 0.9970269631780746]
[-134.15424280784595, -6222.040882704506, -10334725.836767923, 72.51863500958507, 3367.5125239655263, 5593382.220152711, 1.2929598551026007e-05, 0.0005999214896382514, 0.9964825036542465]
[-140.3628134048933, -6203.806613262165, -10332592.815622127, 75.87890251956544, 3357.6439001379285, 5592227.114776944, 1.3528222870350154e-05, 0.0005981633514871252, 0.9962767999876575]
[-151.6141074934363, -6204.391276168314, -10334859.309403082, 81.96831754135547, 3357.960406975661, 5593453.117600899, 1.4613068387002794e-05, 0.0005982197226857253, 0.9964952914386318]
[-158.93571855513338, -6205.706368161675, -10342385.467124933, 85.9309125643166, 3358.672196307412, 5597525.783078956, 1.5319005884527136e-05, 0.000598346531367792, 0.9972209138427932]
[-160.23549214614513, -6217.896606105228, -10355018.372107305, 86.63442152663639, 3365.2698199381484, 5604362.338909036, 1.544432657960914e-05, 0.0005995219103816203, 0.9984389225396667]
[-167.73206434908627, -6238.555591187001, -10370623.649621265, 90.69161791205339, 3376.450958122036, 5612807.718211783, 1.61671301652757e-05, 0.0006015138591966113, 0.9999435302037234]
[-171.24837685161594, -6227.205186124827, -10388338.316037718, 92.59486428780933, 3370.3079505052024, 5622394.750671262, 1.6506167404130198e-05, 0.0006004194574924849, 1.0016515227249678]
[-183.43908859612378, -6225.062130177076, -10406489.375348434, 99.19266521246648, 3369.148243376049, 5632218.127783435, 1.7681584936523716e-05, 0.0006002128301858347, 1.0034016013536207]
[-193.10502721349056, -6236.619194031343, -10423825.956077745, 104.42404408999893, 3375.4032436725365, 5641600.811962782, 1.8613565296297595e-05, 0.0006013271652832169, 1.0050731563601873]
[-197.60297417352982, -6203.047751094151, -10441454.311066251, 106.85858477301544, 3357.2338852807643, 5651141.437421259, 1.9047257249576237e-05, 0.0005980902199602983, 1.0067728454780756]
[-198.0730664620998, -6218.458285037439, -10451201.29416682, 107.11303856001955, 3365.5744640650564, 5656416.727405091, 1.909257115725988e-05, 0.0005995761115250431, 1.007712637369329]
[-211.51580104676782, -6224.8941932424395, -10456608.212603819, 114.38843800844438, 3369.0578003462633, 5659343.27068208, 2.038870643453104e-05, 0.0006001966636943119, 1.0082339775432292]
[-221.38596042174282, -6189.716605101631, -10461721.546534764, 119.73043392634749, 3350.0191806932467, 5662110.945234558, 2.1340383265853268e-05, 0.0005968048537917828, 1.0087270122419616]
[-212.55693320250293, -6236.762548057927, -10462974.957599029, 114.95205994628462, 3375.4813835042737, 5662789.689019334, 2.0489082671011035e-05, 0.0006013410270146506, 1.008847886990733]
[-226.95316819469676, -6208.4236423832845, -10458344.006734792, 122.7436483380102, 3360.143932463261, 5660283.783875187, 2.1877156923819693e-05, 0.0005986086022271118, 1.0084014051497256]
[-243.8888436273245, -6205.643355943935, -10449837.745939568, 131.90953645291052, 3358.6393043607836, 5655680.577240981, 2.3510084216807925e-05, 0.0005983405275351282, 1.0075812771511814]
[-205.91392575840322, -6181.4906608695255, -10445934.996124808, 111.35706845542303, 3345.5674683742573, 5653568.820684741, 1.9848541171580994e-05, 0.0005960117524481158, 1.0072050093373117]
[-270.0447146622665, -6192.319332797353, -10426785.04973764, 146.0655320219264, 3351.428409742887, 5643205.210629472, 2.603201506729947e-05, 0.0005970558360097805, 1.005358642817975]
[-259.83302830998474, -6218.782379157464, -10411227.964126524, 140.5389465701332, 3365.7506829953477, 5634785.915928069, 2.504739643133727e-05, 0.0005996074123392857, 1.0038586818808657]
[-258.8849629946283, -6224.484251743586, -10397594.231015947, 140.0258351918921, 3368.8367445389126, 5627407.564979618, 2.4955974259742808e-05, 0.0006001571988115289, 1.0025441670522488]
[-267.38832391222434, -6210.1781983810515, -10381068.451126354, 144.62810230325346, 3361.094157093211, 5618463.825866203, 2.577586307038805e-05, 0.0005987778151225969, 1.000950795805765]
[-281.0820560850227, -6202.127401696987, -10363266.622935025, 152.0394346103594, 3356.737006850548, 5608829.421930895, 2.7096202189320367e-05, 0.0005980015629897603, 0.9992343872532808]
[-290.55853513536005, -6217.972884766758, -10348169.56449622, 157.16823656696462, 3365.3129518757964, 5600658.8515463425, 2.8009912512153546e-05, 0.0005995293863819408, 0.9977787661929437]
[-279.94477192222206, -6201.881481239014, -10335223.814233521, 151.4240368595403, 3356.6040676677976, 5593652.419310036, 2.6986528791683345e-05, 0.0005979778669015114, 0.9965305594787675]
[-279.21172274252314, -6206.649291055076, -10327803.860318368, 151.0273480468729, 3359.1845926654255, 5589636.6442840295, 2.6915845981009142e-05, 0.000598437590549494, 0.9958151412955215]
[-303.162667556882, -6213.0905942149275, -10318032.093671137, 163.98996922622925, 3362.6708092396316, 5584348.030652858, 2.922518699561331e-05, 0.0005990586565887714, 0.9948729652605377]
[-317.5519247303615, -6220.973638104527, -10310301.330462346, 171.77764654404615, 3366.9373670731525, 5580163.956894412, 3.061258459009742e-05, 0.0005998187370017409, 0.9941275742743093]
[-314.27265980017864, -6204.755225393698, -10316651.841882117, 170.00299122333877, 3358.159698229665, 5583600.837384677, 3.0296397859897266e-05, 0.0005982549716741742, 0.9947398728168877]
[-320.1016200555547, -6224.415859828167, -10320599.01506688, 173.15768954462854, 3368.800485753364, 5585737.0145594245, 3.085841899042535e-05, 0.0006001506449220947, 0.9951204468242764]
[-330.20870651253, -6243.290652151878, -10323965.709181475, 178.62776711021132, 3379.0159162875234, 5587559.015182164, 3.1832931067502505e-05, 0.0006019705511056868, 0.9954450512804621]
[-319.90587448629594, -6223.877253330857, -10332283.84208419, 173.05183204511656, 3368.5090925430336, 5592060.645967735, 3.083953553185959e-05, 0.0006000987277617494, 0.9962470550044821]
[-326.54545638278347, -6221.562799889415, -10335791.086009718, 176.64530160045425, 3367.2565578425238, 5593958.5899902005, 3.1479720400785244e-05, 0.0005998755714854026, 0.9965852034796737]
[-332.97245391592816, -6224.341286301042, -10336072.160612173, 180.12372737813848, 3368.760332217549, 5594110.468766382, 3.209940423103536e-05, 0.0006001434742402598, 0.9966122894406115]
[-331.6538051090399, -6210.728130473997, -10336345.478419943, 179.41013115503753, 3361.3927228659404, 5594258.075844917, 3.19722612217383e-05, 0.0005988309011898434, 0.9966386230325904]
[-337.24417387257023, -6217.792778726802, -10332045.473630005, 182.4357041422388, 3365.216287162293, 5591930.617441777, 3.251127667256578e-05, 0.0005995120775040792, 0.9962240099580992]
[-340.2665369692405, -6201.45795921451, -10327866.551581735, 184.07151605858692, 3356.3755855917066, 5589668.692916896, 3.280269411565613e-05, 0.0005979370773420141, 0.9958210715985204]
[-340.9423304258624, -6223.5686889052395, -10317936.382851075, 184.43724581562225, 3368.3423446032552, 5584294.163703017, 3.286784941982433e-05, 0.0006000689904130291, 0.9948636114073387]
[-342.8489789448456, -6218.03697415392, -10307660.370277105, 185.46916429857188, 3365.3485359838105, 5578732.498640194, 3.305168694989568e-05, 0.0005995356266267769, 0.99387280798339]
[-346.8658169408339, -6215.170778403441, -10295263.3090485, 187.64313027922523, 3363.7972913003077, 5572023.032555409, 3.343898803101778e-05, 0.0005992592659628713, 0.9926775053668674]
[-327.7980777611449, -6203.029910437562, -10283171.11545141, 177.32346199805826, 3357.2264161496632, 5565478.596915157, 3.160047634991976e-05, 0.0005980886549523058, 0.9915115994742768]
[-349.5159059305781, -6208.146065685149, -10267857.729494376, 189.07744637564332, 3359.9954103563014, 5557190.964275194, 3.3694508979248166e-05, 0.0005985819481428965, 0.9900351215488411]
[-358.4079141459509, -6215.81589046281, -10250518.065764038, 193.8898917743754, 3364.1465101170274, 5547806.636996722, 3.455186894025833e-05, 0.0005993214683447758, 0.9883632708320637]
[-340.03440100093604, -6216.7386642530255, -10241804.87176966, 183.94587659672447, 3364.6459142862354, 5543091.047824515, 3.278030280425522e-05, 0.0005994104502557396, 0.9875231671668186]
[-348.95800649996613, -6189.92377420305, -10230083.678922154, 188.775511518101, 3350.133236982436, 5536747.4324347, 3.3640716320023096e-05, 0.0005968249639554534, 0.9863930342913244]
[-356.91242928471064, -6233.359616688754, -10216885.078828324, 193.0804660160392, 3373.6414186515117, 5529604.318278417, 3.440767464670079e-05, 0.0006010130270794232, 0.9851204582110458]
[-342.9754795635016, -6209.917257359444, -10218394.366341617, 185.53763347152125, 3360.9539648489254, 5530421.179388152, 3.3063885745914235e-05, 0.0005987527268689555, 0.9852659818342407]
[-348.1175728306627, -6220.622462042404, -10213974.175256068, 188.3205856706317, 3366.7478016405744, 5528028.935166209, 3.355968503988154e-05, 0.0005997849102305205, 0.9848397964519895]
[-342.9272101410198, -6221.7092779376635, -10215266.05706002, 185.51145761913887, 3367.3359979349293, 5528728.094226376, 3.305923262464453e-05, 0.000599889701972193, 0.9849643558343029]
[-335.6784384094355, -6228.321951439911, -10217859.216910504, 181.58826920525357, 3370.91482602169, 5530131.520057991, 3.2360308371472456e-05, 0.0006005272910042325, 0.985214381924793]
[-350.7737521243654, -6215.382438484819, -10219586.439946037, 189.75806881203678, 3363.9117325324564, 5531066.186634028, 3.3815798525863685e-05, 0.0005992796611676893, 0.985380909733477]
[-325.2274044492649, -6239.024562881582, -10224126.383061271, 175.93194600860176, 3376.707294215919, 5533523.0843516, 3.135262987726186e-05, 0.0006015592286876293, 0.9858186317929449]
[-336.18925128692274, -6232.513581246914, -10226793.278705612, 181.86458672778704, 3373.183341989454, 5534966.298952104, 3.24095688090766e-05, 0.0006009314319870102, 0.9860757601822479]
[-329.7790339965941, -6224.298792756004, -10232643.884280566, 178.39528921610375, 3368.7373239112685, 5538132.448161504, 3.179150436516424e-05, 0.0006001393615486492, 0.9866398480511638]
[-344.370424990447, -6190.919725785441, -10237497.436704164, 186.29241554578277, 3350.671834352608, 5540759.0065381, 3.319841297551692e-05, 0.0005969209434617847, 0.9871078035604118]
[-318.35000114919364, -6232.325726197856, -10243372.740892597, 172.20961734504604, 3373.0814415528826, 5543938.574197959, 3.0689526428340566e-05, 0.0006009133127004204, 0.9876742759372621]
[-309.6282452894147, -6231.216653828867, -10249554.837563355, 167.48922553131897, 3372.4811335809745, 5547284.144871461, 2.9848584658560165e-05, 0.0006008063721116432, 0.9882703264248467]
[-304.48948043506584, -6231.195721117354, -10253660.275444925, 164.7079888518564, 3372.469719661778, 5549505.82987071, 2.935310831123707e-05, 0.0006008043486576134, 0.988666151084044]
[-302.82836942793983, -6219.155502137689, -10258536.360129299, 163.8089578538618, 3365.9532766622037, 5552144.600937436, 2.9192953797398163e-05, 0.000599643427032761, 0.9891362802020495]
[-312.76844843278036, -6197.081630001638, -10260432.56687983, 169.18868992635382, 3354.0063376434277, 5553170.731063222, 3.0151379704968873e-05, 0.0005975150547965545, 0.9893191015551284]
[-286.3179871875066, -6213.166517612641, -10265427.790386332, 154.87324198464788, 3362.7116979130924, 5555874.111678259, 2.7601041693565666e-05, 0.0005990659627054406, 0.98980072572079]
[-277.28416648214744, -6216.92019506135, -10266750.669489438, 149.98394059793063, 3364.7431952243514, 5556590.063349012, 2.673000801259767e-05, 0.0005994278860180086, 0.9899282748059636]
[-285.4359508676059, -6194.234653826058, -10267950.756395504, 154.39581341162634, 3352.465251073565, 5557239.59168081, 2.7516007759394366e-05, 0.0005972405417322256, 0.9900439865240059]
[-262.5984134873756, -6214.883888265375, -10269262.64199125, 142.03568649389777, 3363.640878533159, 5557949.654111112, 2.5314023438429815e-05, 0.0005992315271475648, 0.9901704793169778]
[-258.28480556646514, -6221.442664990905, -10269122.514515756, 139.70101991092946, 3367.1905117081583, 5557873.868973561, 2.4898111684536e-05, 0.00059986391522121, 0.9901569717466034]
[-251.2477481491198, -6226.452334103101, -10275799.847723588, 135.8923584476575, 3369.901782085572, 5561487.867133943, 2.4219607026602293e-05, 0.0006003469439837834, 0.9908007962694982]
[-237.51488413155593, -6221.986172699719, -10294742.511644028, 128.45988743059692, 3367.4844778200777, 5571740.115885224, 2.2895496850235813e-05, 0.000599916313684876, 0.9926272269829209]
[-241.60817958515923, -6217.001052957125, -10316218.086562568, 130.67519532612016, 3364.78632963678, 5583363.277196036, 2.3290178413699158e-05, 0.0005994356393640659, 0.9946978804271458]
[-221.78343560627104, -6187.3180906957305, -10346680.653645422, 119.94572207941015, 3348.72124319832, 5599850.334891842, 2.137869086252146e-05, 0.0005965736075547988, 0.9976350441884636]
[-231.11529589835897, -6219.306079135956, -10372178.9224837, 124.99615515454177, 3366.0336263562504, 5613650.72391059, 2.2278470830386065e-05, 0.000599657872116776, 1.0000935640084618]
[-210.0205877196045, -6222.663141634008, -10406247.990639906, 113.57931774210006, 3367.850437144832, 5632089.700695863, 2.0244533124920896e-05, 0.0005999815630490694, 1.003378461978438]
[-211.48191099244707, -6205.597726257129, -10434823.56637095, 114.37019486393794, 3358.6142045086854, 5647555.497724753, 2.038544329731147e-05, 0.0005983361068069641, 1.0061336857464669]
[-165.28501355862173, -6209.510030861014, -10464770.92396233, 89.36770915941976, 3360.7314430912056, 5663763.658692515, 1.5931150373120636e-05, 0.0005987133320702646, 1.0090211703990584]
[-172.36110303004511, -6197.535159337608, -10488768.779038714, 93.1973252461834, 3354.2503232173362, 5676751.87020253, 1.661343578164981e-05, 0.0005975587070294977, 1.01133501495669]
[-180.4066745544678, -6224.481234566036, -10506987.677210113, 97.55154655759492, 3368.833957874231, 5686612.421336787, 1.7389197130064675e-05, 0.0006001568301342533, 1.0130916623565887]
[-175.30733580049983, -6216.532462589211, -10521858.4586468, 94.79165988152145, 3364.531906141584, 5694660.789735819, 1.689752946232742e-05, 0.0005993904085582034, 1.01452548213106]
[-168.37689453013783, -6223.188915641858, -10528528.243647452, 91.04076037617111, 3368.1343995191833, 5698270.572336548, 1.622930316842537e-05, 0.000600032215889597, 1.015168570948302]
[-165.54803481556434, -6234.313370482054, -10530717.180449853, 89.50961617943518, 3374.1550093946194, 5699455.27843899, 1.5956547307511148e-05, 0.000601104826469268, 1.0153796257023961]
[-143.3771851210528, -6222.86379963812, -10527704.269519651, 77.51044192448987, 3367.958169512636, 5697824.481974655, 1.3818848676317387e-05, 0.000600000852824507, 1.0150891160877338]
[-153.41429746292823, -6223.9993670531185, -10517297.387401842, 82.94257450141865, 3368.572697323735, 5692191.987194394, 1.4786631829056904e-05, 0.0006001103385930293, 1.0140856943785466]
[-137.81388477932717, -6232.429473733498, -10501551.33086371, 74.49934853204344, 3373.135165253541, 5683669.733871914, 1.3282448560778288e-05, 0.000600923166201224, 1.0125674715875081]
[-133.37943448601774, -6240.058779006588, -10480141.838555738, 72.0992714684683, 3377.264204572304, 5672082.472124103, 1.2854884333647388e-05, 0.0006016587744473996, 1.010503197896455]
[-113.86943362567668, -6213.488362545578, -10458451.370084062, 61.54020416079633, 3362.8836675586913, 5660343.277218404, 1.0973744499405833e-05, 0.0005990968602017518, 1.0084118411943552]
[-118.92540743350231, -6239.420947781954, -10431381.899898192, 64.27643590415609, 3376.9188239932637, 5645693.146113518, 1.1461242530447427e-05, 0.0006015972692187103, 1.0058018662671588]
[-100.85081454013851, -6219.652420612131, -10413448.761265451, 54.49423169910455, 3366.219597581614, 5635987.822680716, 9.71850193637008e-06, 0.0005996911894097863, 1.0040728059625148]
[-117.63988973127286, -6211.0767398451235, -10396107.903234504, 63.58069892087282, 3361.578195360397, 5626603.247870946, 1.1337305656187084e-05, 0.000598864309862706, 1.0024008643273123]
[-101.84775867318648, -6238.990385311152, -10384719.560476964, 55.0337212891778, 3376.68555223663, 5620440.258322366, 9.8146343315137e-06, 0.0006015557338339487, 1.0013028535912225]
[-88.4379794140793, -6231.504054105246, -10386207.14008181, 47.77608233402581, 3372.6336600219056, 5621246.044893758, 8.521674698437692e-06, 0.0006008339039633791, 1.0014463251347672]
[-93.30731306798162, -6203.609580285139, -10389838.004779486, 50.41144674351228, 3357.536548420483, 5623211.787759216, 8.991181320117242e-06, 0.0005981443181944425, 1.0017964471962029]
[-84.662704816641, -6229.687376020668, -10395024.391227169, 45.73273448922547, 3371.650333381068, 5626019.374289656, 8.157673381128523e-06, 0.0006006587272065492, 1.0022965482689752]
[-75.60622135768077, -6250.187769851954, -10410098.848346666, 40.83115381683103, 3382.7454335717607, 5634178.509758318, 7.284453521015335e-06, 0.0006026353714440465, 1.0037500385912166]
[-74.9899831247064, -6229.746623685966, -10428927.902683463, 40.49764262876158, 3371.6822729030164, 5644369.55409678, 7.225046170125193e-06, 0.0006006644350893117, 1.005565532448245]
[-73.61505633813496, -6222.764136948635, -10448154.288068838, 39.75346931937136, 3367.9031465221037, 5654775.5825040415, 7.0924840623283e-06, 0.000599991173806532, 1.0074193327863277]
[-41.20729606347398, -6215.687069438063, -10471196.077119626, 22.213950672852896, 3364.0728119988516, 5667246.32542114, 3.967731695177064e-06, 0.0005993088111279172, 1.009640993209467]
[-62.13647547331315, -6238.598690993184, -10491934.37245433, 33.54102276210827, 3376.4729332611555, 5678470.432759186, 5.985723924331072e-06, 0.0006015179365474841, 1.0116405577793581]
[-63.90475581917757, -6212.2301718670415, -10518350.391686847, 34.49804596523307, 3362.201825998659, 5692767.149408918, 6.1562316654974595e-06, 0.000598975482191001, 1.0141875428615894]
[-48.39805993401301, -6224.03417426943, -10536952.710725555, 26.105641991630726, 3368.590316168616, 5702834.75721952, 4.661076375580411e-06, 0.0006001136218427294, 1.015981131303755]
[-55.30342042269224, -6230.500190739932, -10557071.253748128, 29.84275563297712, 3372.089748527786, 5713722.998322964, 5.326895559557439e-06, 0.0006007370703023052, 1.0179209132690157]
[-55.24971699393096, -6230.330057278822, -10566517.533632979, 29.813689897488093, 3371.9976364555246, 5718834.9148875745, 5.321719921170954e-06, 0.0006007206602973936, 1.0188316736988912]
[-51.09033710162068, -6217.46710878686, -10573809.444406547, 27.562557435776455, 3365.0359257160203, 5722780.709677477, 4.920679315062612e-06, 0.0005994804160873085, 1.0195347047835983]
[-43.64448791176201, -6232.125135918975, -10571072.095082507, 23.5327134051801, 3372.9690917317516, 5721298.372487576, 4.2027535336198135e-06, 0.0006008937375261632, 1.0192707230976314]
[-41.45169673805101, -6214.359585447843, -10557675.767843701, 22.345973852476433, 3363.3540019982433, 5714047.127503558, 3.991330140373986e-06, 0.0005991807864834685, 1.017979014581839]
[-41.07468761494251, -6235.096431211997, -10535097.796192577, 22.141835973213617, 3374.577114680792, 5701826.787540876, 3.9549792892096305e-06, 0.0006011802230490484, 1.0158020368376641]
[-41.52280132279405, -6233.65245939085, -10509270.455927435, 22.384378579392592, 3373.795543767205, 5687847.879878532, 3.998182338234167e-06, 0.0006010410054076956, 1.0133117629853958]
[-27.926547781698105, -6215.598212328202, -10483926.370803868, 15.025922627221707, 3364.024248968951, 5674130.606709947, 2.687246039277245e-06, 0.0005993002137840687, 1.0108680891993918]
[-77.0146998704808, -6113.563206696651, -10460588.020804536, 41.59347777043173, 3308.8008950460535, 5661499.055078224, 7.4203395760521666e-06, 0.000589461989768008, 1.0086178163215826]
[-28.318649523270647, -6213.96986348821, -10435469.400025165, 15.238095282917586, 3363.1429323426187, 5647904.210590336, 2.725057080856742e-06, 0.0005991432025664266, 1.0061959059645427]
[-38.63357325675577, -6202.8984181926235, -10412057.428344218, 20.820719022365697, 3357.150856286958, 5635233.123323372, 3.719623938539627e-06, 0.0005980756887160354, 1.0039385534184901]
[-37.768251424611165, -6216.293431801074, -10394806.41418058, 20.35230326187347, 3364.400466703685, 5625896.661214473, 3.636185770194773e-06, 0.0005993672324695988, 1.0022752432549638]
[-33.0132725152271, -6204.712521373732, -10386743.937300626, 17.778885379697098, 3358.132635895609, 5621533.282625379, 3.1777159597381143e-06, 0.0005982506060354168, 1.0014978825957963]
[-20.09023750676763, -6201.033920260207, -10383477.7036604, 10.784780153062806, 3356.1417077173733, 5619765.849337182, 1.9316742562541263e-06, 0.0005978959166246717, 1.0011829763114086]
[-22.520862339655373, -6192.4864356817325, -10385930.694095, 12.100318622568807, 3351.5156408936223, 5621093.872916867, 2.166039722184069e-06, 0.0005970717660454875, 1.0014195154313439]
[-31.560587404443215, -6218.802486310203, -10395623.836686403, 16.992611262245564, 3365.75840952101, 5626340.5959578995, 3.037646215471556e-06, 0.0005996091565964412, 1.0023541508902398]
[-38.99140164528714, -6231.734021584717, -10407744.532656597, 21.014257939396863, 3372.757197771484, 5632901.145756627, 3.754120397160467e-06, 0.0006008560090845354, 1.0035228467507438]
[-27.756224513914947, -6207.043859924496, -10432536.995447818, 14.933703850691657, 3359.394428282421, 5646319.836241998, 2.67083159727933e-06, 0.0005984753961949728, 1.0059133318542992]
[-22.000018910131114, -6189.077515177375, -10461166.076129941, 11.818398017821469, 3349.670710574701, 5661815.053984314, 2.115818676617506e-06, 0.0005967430859417263, 1.0086737426112726]
[-32.45500468123334, -6223.814114913582, -10484865.896583522, 17.476705077198947, 3368.4708185032564, 5674642.467764275, 3.123880857419938e-06, 0.0006000923781726846, 1.0109588817538306]
[-33.90173819898754, -6214.046567826806, -10514569.22207874, 18.259719574974643, 3363.1844513413944, 5690718.9193493705, 3.2633758988438527e-06, 0.0005991505923401239, 1.0138228593982288]
[20.906685494814127, -6191.555439992882, -10545245.646114105, -11.403271919905386, 3351.0117808882437, 5707321.741339149, -2.0212554120207126e-06, 0.0005969820207041047, 1.0167806441955047]
[-40.187441206717956, -6196.978476834352, -10568595.300125906, 21.661701002297683, 3353.9469503635046, 5719959.258930126, 3.869439535802053e-06, 0.0005975048907140176, 1.019031997754521]
[-23.973203628337274, -6189.561552934673, -10598942.172743788, 12.886366149742948, 3349.9326996636833, 5736383.419002545, 2.3060670592023e-06, 0.0005967897614486138, 1.0219579893185624]
[-37.73737814170328, -6237.490148655844, -10617858.190072136, 20.335666739757386, 3375.8726340937387, 5746620.816338078, 3.6331988458105353e-06, 0.0006014110226305668, 1.0237818246938073]
[-44.500860716664896, -6240.853076668296, -10637330.802852752, 23.99614153874854, 3377.69275911449, 5757159.217068695, 4.285327052443446e-06, 0.000601735278462889, 1.0256593117961619]
[-39.04154989170412, -6239.245375187235, -10656558.993528891, 21.041491444093943, 3376.822656716657, 5767565.192253071, 3.7589401057310087e-06, 0.0006015802703999228, 1.0275132235970055]
[-43.82756863097616, -6230.70178572053, -10667184.387348197, 23.63182250496942, 3372.198719486304, 5773315.076283793, 4.220406750215798e-06, 0.0006007564955676784, 1.028537660808811]
[-55.38035588359427, -6225.446773308697, -10672749.605092576, 29.884381137417844, 3369.3546892411027, 5776326.286969696, 5.334320179808478e-06, 0.0006002498110788479, 1.0290742027691155]
[-57.26537324949612, -6240.343853211247, -10674169.456031691, 30.904543888813272, 3377.417258377797, 5777094.004736045, 5.516069636818384e-06, 0.0006016861845124624, 1.029211058174752]
[-76.8040863172702, -6213.696339470806, -10667729.795203717, 41.479295815629285, 3362.9951831122717, 5773607.994023152, 7.399984003956689e-06, 0.0005991168360280395, 1.0285901104565325]
[-24.16678288253817, -6177.250782981333, -10663905.406748239, 12.99130551370392, 3343.270170280768, 5771537.4276333805, 2.3247018864997103e-06, 0.0005956027754218635, 1.028221323970377]
[-66.75064312477093, -6236.778049225589, -10644851.943932964, 36.038202063050655, 3375.487557632582, 5761224.933686721, 6.430625730846604e-06, 0.0006013423796593848, 1.0263841932565838]
[-64.73240704965579, -6235.45639973088, -10626364.041438786, 34.94593054442204, 3374.7722667309713, 5751218.560829272, 6.236026159328517e-06, 0.0006012149460087237, 1.0246015947956006]
[-61.937527631647626, -6237.3344433036755, -10606071.236299368, 33.43334584714373, 3375.7887772085837, 5740235.4564662315, 5.966540403288416e-06, 0.0006013960378031973, 1.0226449773609054]
[-65.79040029102492, -6233.910110219362, -10584035.636422712, 35.51861300699826, 3373.9355135968376, 5728309.3154469095, 6.338031563579929e-06, 0.0006010658650891553, 1.0205203342182867]
[-69.04438971118188, -6195.586417609338, -10563551.835452337, 37.279808224750234, 3353.1940543060114, 5717223.181657467, 6.651782177125021e-06, 0.0005973707025435363, 1.0185453219780294]
[-73.6709171551986, -6241.81471233099, -10538596.90210259, 39.78366518208939, 3378.213777309624, 5703717.430552182, 7.0978569187699665e-06, 0.0006018280335941102, 1.0161392246599965]
[-78.16584021505308, -6216.848733057998, -10524193.098495046, 42.2165065396171, 3364.701690703233, 5695922.233480541, 7.531258788469176e-06, 0.0005994208211842791, 1.0147504565665688]
[-77.9532962545593, -6235.087460629625, -10511513.766314711, 42.101461575172806, 3374.5729252890824, 5689060.540054898, 7.510757487838981e-06, 0.0006011794021507377, 1.0135279708016536]
[-85.9629348331219, -6223.263809279692, -10506715.626264364, 46.43646530640108, 3368.1737806114807, 5686464.399082172, 8.283045048218257e-06, 0.0006000393668668136, 1.0130653840264803]
[-88.81203179184584, -6221.007696828465, -10504671.02606597, 47.978454619520804, 3366.9528174465077, 5685358.593606198, 8.55775049620598e-06, 0.0005998218371155166, 1.0128682935635165]
[-98.32330111509613, -6234.107556349763, -10501896.99585116, 53.12607532814177, 3374.042763752469, 5683858.0809258055, 9.474818194780183e-06, 0.000601084921679116, 1.012600877050721]
[-94.25351295633604, -6255.7887754350395, -10502120.807089113, 50.92343554795964, 3385.7770693673506, 5683979.986908348, 9.082403282628446e-06, 0.0006031754294239203, 1.0126225036923222]
[-95.54369708132286, -6233.871606876288, -10505705.467212286, 51.62179747289093, 3373.91512264086, 5685920.808109153, 9.206801901045122e-06, 0.0006010621847786324, 1.0129681759499254]
[-100.41582173904514, -6237.936615026283, -10506347.828590186, 54.25868648120981, 3376.1151942692168, 5686269.235680283, 9.676563946749083e-06, 0.0006014541354548596, 1.0130301582270516]
[-100.31804505270507, -6259.127245074561, -10508492.548352411, 54.205755587775165, 3387.58401190289, 5687430.723735944, 9.66713280759211e-06, 0.0006034973384893469, 1.013236992965746]
[-110.46293107322165, -6235.912067692299, -10510821.295364447, 59.696359269891595, 3375.0196420473985, 5688691.714092103, 1.0645301823411259e-05, 0.0006012589366916545, 1.013461565459878]
[-119.17707134118973, -6232.670911611875, -10508460.825487565, 64.41267225340268, 3373.2654616245945, 5687414.706495766, 1.1485515957232503e-05, 0.0006009464206622968, 1.0132340042772237]
[-142.65581541806534, -6222.750009370767, -10505324.791525595, 77.11985891892554, 3367.8961562927116, 5685717.808897003, 1.374932913806956e-05, 0.0005999898514845603, 1.0129316558537185]
[-120.38859663404492, -6231.647817981379, -10507610.777004758, 65.0684413930336, 3372.7118346788066, 5686955.328874841, 1.1602324296928545e-05, 0.0006008477859784544, 1.0131520854742033]
[-117.41309737632807, -6192.736320691059, -10507874.13906876, 63.4581273543366, 3351.6522097610796, 5687098.001221016, 1.1315427579554717e-05, 0.0005970959504714377, 1.0131774867035335]
[-131.36134136632995, -6225.4668452176975, -10499230.67489016, 71.00712235312518, 3369.366682957312, 5682420.023924426, 1.2660309145162324e-05, 0.000600251823167889, 1.012344098553064]
[-79.72220888135372, -6196.549146476651, -10498722.903387148, 43.059422848626454, 3353.715790047321, 5682144.929846683, 7.681268089528e-06, 0.0005974636006547721, 1.0122951230586879]
[-134.0308998967793, -6235.093969173111, -10485994.239787038, 72.45187434392447, 3374.5771155825937, 5675255.881804983, 1.2917699981131735e-05, 0.0006011800690822285, 1.0110678410020757]
[-120.3110649820309, -6234.900304241184, -10478809.440699764, 65.02658426087635, 3374.4722993375217, 5671366.9044961715, 1.1594835465582078e-05, 0.0006011614043667221, 1.0103750673853704]
[-99.60188381756802, -6201.215471367762, -10473088.179341348, 53.81858071236614, 3356.2414388375637, 5668269.883357891, 9.59805929037851e-06, 0.0005979135281112052, 1.0098233974987314]
[-133.58884687649623, -6228.864536586669, -10458704.236370461, 72.21272338212297, 3371.205708142666, 5660484.587750533, 1.2875073694875087e-05, 0.0006005794373524473, 1.0084364928441814]
[-130.6647124103506, -6210.286154542249, -10447585.366907094, 70.63018031829836, 3361.150713658153, 5654466.219067296, 1.2593131055349539e-05, 0.0005987881149903523, 1.0073643899995126]
[-129.94374016640415, -6230.6478877390855, -10427780.895380097, 70.23992144725514, 3372.1708799917064, 5643747.056829677, 1.252361286421396e-05, 0.0006007513896378022, 1.0054548354982205]
[-138.17353981027668, -6218.891576263321, -10405902.568218097, 74.6940366004323, 3365.8081782648874, 5631905.457690114, 1.331712917119258e-05, 0.0005996178452632718, 1.003345321291617]
[-139.3396514463316, -6226.406134981049, -10382391.733486677, 75.3251346218488, 3369.8751878298444, 5619180.412375574, 1.3429562194443208e-05, 0.0006003423997638957, 1.0010784090846365]
[-125.91212211549527, -6211.412058808645, -10362579.645912575, 68.05801178101771, 3361.760175530126, 5608457.206749868, 1.2134889781360241e-05, 0.000598896676426002, 0.9991681250288619]
[-136.62814104662212, -6217.231152790708, -10341429.96211137, 73.85770046665945, 3364.9094617239657, 5597010.38147541, 1.3168124204563887e-05, 0.0005994577480066443, 0.9971288909433821]
[-140.51825775636115, -6226.1001042270545, -10323768.093230676, 75.96298377561712, 3369.7095109820198, 5587451.395262247, 1.3543208823687287e-05, 0.0006003128854208207, 0.995425956952692]
[-135.38214379253432, -6217.649235871094, -10312568.07857665, 73.1832228256175, 3365.1358228583754, 5581389.698815957, 1.3047988189946515e-05, 0.0005994980550939335, 0.9943460660313538]
[-136.73901754178237, -6228.644440337255, -10302723.03691593, 73.91760961851696, 3371.0865432586825, 5576061.435350872, 1.317881605312391e-05, 0.0006005582118454614, 0.9933968254143968]
[-141.10558291447973, -6212.0817296456635, -10298830.338868244, 76.28090769312796, 3362.122526765154, 5573954.717947241, 1.3599843528838157e-05, 0.0005989612348765321, 0.993021502408542]
[-134.13020420318554, -6216.639566711493, -10300649.792730829, 72.50571986022044, 3364.5892972802885, 5574939.603731885, 1.2927277133959861e-05, 0.0005994007029110052, 0.9931969413341887]
[-119.40548475889923, -6215.373872920918, -10304617.643464021, 64.53655219576339, 3363.9042218804643, 5577087.241325109, 1.1507514272394428e-05, 0.000599278666054188, 0.9935795254051355]
[-143.85835620390014, -6229.862064597901, -10315757.844270173, 77.77067324989088, 3371.7455639564105, 5583116.835223155, 1.3865259116603044e-05, 0.0006006756097019445, 0.9946536655601063]
[-133.07969718163866, -6232.251098475882, -10332850.135036416, 71.93712433140605, 3373.0385374930256, 5592367.701135229, 1.282598618634445e-05, 0.0006009059632923364, 0.9963016905593485]
[-133.64303854729613, -6228.231284406083, -10350714.302329298, 72.24202692729696, 3370.8629475843336, 5602036.326562381, 1.288030242139778e-05, 0.0006005183737808808, 0.998024139065412]
[-134.1059171745979, -6226.338245554519, -10372115.852794988, 72.49254014131549, 3369.8383864614484, 5613619.473834321, 1.2924933061622452e-05, 0.0006003358472225238, 1.0000876581836895]
[-144.88411166909114, -6222.540616039358, -10393097.530627262, 78.32590068952042, 3367.7830559718086, 5624975.335093324, 1.3964165593910206e-05, 0.0005999696785177631, 1.0021106911966176]
[-135.50334797611754, -6219.699315987906, -10410978.763324114, 73.24896290907402, 3366.245279573905, 5634653.073056153, 1.305966409356066e-05, 0.0005996957253988254, 1.003834777614407]
[-145.84633306995875, -6225.72721049795, -10431395.836670674, 78.84662576597881, 3369.507735907061, 5645703.319720106, 1.4056941287356535e-05, 0.0006002769313874031, 1.0058033698771904]
[-126.21909965550968, -6225.700850965403, -10443717.064042326, 68.22413788609232, 3369.4934446888888, 5652371.74561653, 1.216448854522522e-05, 0.0006002743983847316, 1.006991360860121]
[-129.18357289639627, -6221.661586979465, -10447271.577093268, 69.82855816957397, 3367.307364269621, 5654295.468657107, 1.2450315252509486e-05, 0.000599884936398272, 1.0073340788673977]
[-128.14804024992628, -6216.417254623586, -10449995.068284472, 69.26816017166583, 3364.4690651981077, 5655769.325049027, 1.2350475700661722e-05, 0.0005993792755295179, 1.0075966647960293]
[-135.66920509189055, -6219.558577650918, -10446418.307854587, 73.33868874173749, 3366.1692321206087, 5653833.368474231, 1.3075660040247653e-05, 0.0005996821616885933, 1.0072517900130602]
[-139.24146918069874, -6225.979208879237, -10440263.502567504, 75.27205888525872, 3369.6442029762, 5650502.036768407, 1.342009516213589e-05, 0.0006003012379667328, 1.0066583386167403]
[-144.64493587996594, -6217.37328225252, -10433287.644733358, 78.19650576311652, 3364.986547258906, 5646726.289876221, 1.3941097732016303e-05, 0.0005994714538368894, 1.0059857197634388]
[-143.00089842057096, -6233.8626003989275, -10423195.189220432, 77.30668495519696, 3373.910898593002, 5641263.782095473, 1.3782571138595017e-05, 0.0006010613541458666, 1.0050126032585396]
[-152.22442318299235, -6200.88793607402, -10417635.388261927, 82.29869298865033, 3356.064443058689, 5638254.247472584, 1.4671909891062859e-05, 0.000597881940971009, 1.004476507285119]
[-143.14267666507547, -6218.726723132437, -10410904.359328358, 77.38349953473035, 3365.719081682433, 5634610.764579762, 1.3796243193528087e-05, 0.0005996019586725312, 1.0038274797628306]
[-152.90760732777719, -6229.2643986766825, -10402039.916032495, 82.66840457597615, 3371.422312586222, 5629812.553880769, 1.4737771829209499e-05, 0.00060061799681716, 1.0029727465329297]
[-150.0217549021971, -6217.292355080833, -10401840.384718265, 81.10653969833946, 3364.942818483263, 5629703.922967332, 1.4459519558649113e-05, 0.0005994636589264175, 1.0029534690864261]
[-144.63503203759322, -6226.719542137487, -10399374.05889069, 78.19120654103425, 3370.0449739610895, 5628368.439011851, 1.394013026354366e-05, 0.0006003726297750913, 1.0027156294223891]
[-132.49500847628735, -6215.570161470011, -10400123.509213153, 71.62089126055632, 3364.010767646715, 5628773.401158388, 1.2769581491042643e-05, 0.0005992976136314781, 1.0027878505330725]
[-158.9413534717612, -6254.109990800489, -10402797.725294357, 85.93394406640844, 3384.86919696698, 5630220.32002608, 1.5319531392204447e-05, 0.0006030136108955479, 1.0030456690904108]
[-154.28945485468475, -6230.752324108199, -10416747.4861027, 83.41637081694817, 3372.227644862194, 5637769.688055651, 1.4871002749164862e-05, 0.0006007614737958379, 1.0043906534351168]
[-152.83877994434914, -6236.452439091229, -10429716.504043475, 82.63123569129344, 3375.31271468678, 5644788.4613955775, 1.4731127558190866e-05, 0.0006013110770780494, 1.0056410882842701]
[-175.22205392089475, -6206.112410891485, -10446218.651511233, 94.74547074867803, 3358.8922190281414, 5653719.556182393, 1.688931712298422e-05, 0.0005983856926712095, 1.007232189798215]
[-170.20449819480015, -6209.4577807137675, -10473882.279610349, 92.02989163872657, 3360.702810241582, 5668691.623095695, 1.6405524429808627e-05, 0.000598708255211922, 1.009899474801569]
[-164.88144040716102, -6211.037430657749, -10508548.053509032, 89.14900506845449, 3361.557744156343, 5687453.542729177, 1.5892275964360484e-05, 0.0005988605687367929, 1.0132419059090358]
[-138.624906185014, -6197.588378725616, -10544159.52272279, 74.93869770477534, 3354.2788807690263, 5706727.360125299, 1.3360615235885457e-05, 0.0005975638183303412, 1.0166755237741831]
[-162.87929071597196, -6207.6777508727355, -10581551.390686888, 88.06546741223565, 3359.7394882339718, 5726965.025004835, 1.5699227371239858e-05, 0.0005985366338221952, 1.0202808209485807]
[-160.20279540435067, -6237.168905814571, -10613610.494232913, 86.61683635959365, 3375.700633189821, 5744316.584714311, 1.5441152138036398e-05, 0.0006013801688563951, 1.0233719462735478]
[-168.10458617252647, -6243.092712273791, -10640873.071632974, 90.89338316997781, 3378.906765838229, 5759072.210548194, 1.62030408306316e-05, 0.0006019513376612666, 1.0260005999438928]
[-138.07472648773228, -6214.133967613505, -10668858.977491733, 74.64085034245613, 3363.2336841000847, 5774219.288677117, 1.330757041875828e-05, 0.0005991591581537028, 1.0286989942391667]
[-174.46624273663272, -6235.247700102765, -10674488.7172299, 94.33646651349085, 3374.6608840220865, 5777266.918266446, 1.6816426018744122e-05, 0.0006011949277894521, 1.0292418483565846]
[-165.00077412886054, -6240.236420960142, -10679409.385465583, 89.21363154846469, 3377.360890480818, 5779930.664821662, 1.5903769960886427e-05, 0.0006016759434821211, 1.0297163275593588]
[-114.1662058693359, -6204.999988540389, -10673336.848620635, 61.70135204378842, 3358.2902169077533, 5776644.520337213, 1.1002297463736966e-05, 0.0005982784643974035, 1.0291308485861306]
[-168.08187287884482, -6242.352239512658, -10655362.824883921, 90.8811644109539, 3378.50604680643, 5766917.192475065, 1.6200841339445534e-05, 0.0006018799522195265, 1.0273978536963875]
[-169.99042625571192, -6223.558308324093, -10633986.824201448, 91.91413544607897, 3368.3344541292245, 5755348.2992274845, 1.6384867768454425e-05, 0.000600067844971314, 1.0253368239340785]
[-167.3718509527492, -6234.957093713299, -10602261.363269918, 90.4969653293262, 3374.5037112217124, 5738177.900807001, 1.613238412494037e-05, 0.0006011669159437617, 1.0222779036346987]
[-163.8671038658828, -6229.628656596083, -10566787.298786296, 88.60015366150502, 3371.619811870507, 5718978.576350492, 1.5794456712598084e-05, 0.0006006531510161467, 1.018857541839099]
[-183.66270241890018, -6244.248935396168, -10521689.127579803, 99.31374050882275, 3379.532672998726, 5694570.462286477, 1.770313812024571e-05, 0.0006020628304514683, 1.0145092355485312]
[-180.76600232350629, -6244.897444501067, -10478744.708523214, 97.74600330160044, 3379.8836355201147, 5671327.857879656, 1.742383515870348e-05, 0.0006021253628012362, 1.0103685822125916]
[-185.66481536291008, -6250.405499879702, -10437020.100593926, 100.39730426472218, 3382.8647419685917, 5648745.378578829, 1.789617760477226e-05, 0.0006026564473769921, 1.0063455376142074]
[-163.46594583333473, -6210.826611895414, -10407315.60245758, 88.38303340777986, 3361.4438424583077, 5632668.330437602, 1.5755771480365408e-05, 0.0005988402658541884, 1.0034814492204545]
[-179.64769575932084, -6211.20899845805, -10369637.239880549, 97.14082870700578, 3361.6508204259458, 5612275.747713118, 1.7316008805220992e-05, 0.0005988771327633863, 0.9998485370760197]
[-185.4539190175972, -6222.354380882683, -10328219.168697402, 100.28326832899069, 3367.682945063671, 5589859.125485299, 1.7875843344402915e-05, 0.0005999517643731094, 0.9958550454730565]
[-183.84374014329796, -6208.079381682622, -10296197.545436438, 99.4118482976948, 3359.9570533789715, 5572528.0391326435, 1.772059716656352e-05, 0.0005985753726647253, 0.9927675453835559]
[-199.70924488705114, -6184.241926397261, -10259425.74695905, 107.99877130248397, 3347.055737092551, 5552626.052117924, 1.925034403227046e-05, 0.0005962769661984362, 0.9892220395195302]
[-182.59078530839687, -6214.563843292185, -10235751.826684961, 98.73373556360883, 3363.4665714636444, 5539813.108477587, 1.7599786378438382e-05, 0.0005992006046522298, 0.986939425126219]
[-192.2861683185859, -6240.105324016604, -10210248.563432405, 103.9809293264174, 3377.2901014214385, 5526010.1660368405, 1.8534604329666617e-05, 0.0006016633062670474, 0.9844804328450766]
[-184.89444266830918, -6226.670299400986, -10199358.945128892, 99.98043969262554, 3370.01880829327, 5520116.427642787, 1.782190069200931e-05, 0.0006003679069733052, 0.9834304677909483]
[-137.93006938904304, -6201.03649488906, -10196179.85555874, 74.56269552699067, 3356.145221601594, 5518395.830162652, 1.3293597851655802e-05, 0.0005978963117234328, 0.9831239438653389]
[-197.4242817380413, -6228.883866637088, -10190870.170184733, 106.76175985822897, 3371.2167909130644, 5515522.453818117, 1.9030025468010997e-05, 0.0006005813312775695, 0.9826120117245869]
[-192.4082679338062, -6231.132063859676, -10198968.606113274, 104.04701541967427, 3372.433596731495, 5519905.799690591, 1.8546382495557222e-05, 0.0006007981024257797, 0.9833928702201499]
[-184.74922066294647, -6244.635114309951, -10213717.836879198, 99.90180461381985, 3379.741673510158, 5527888.878871651, 1.7807896460718196e-05, 0.0006021000672452225, 0.9848150004162465]
[-179.69176193631037, -6247.331994248437, -10236043.897783197, 97.16461556016654, 3381.201254964114, 5539972.847979469, 1.7320256314688746e-05, 0.0006023601012176044, 0.9869676873582803]
[-185.9466308669084, -6219.522453275448, -10263379.406881522, 100.54990118719073, 3366.150233896455, 5554768.181479587, 1.7923357184177737e-05, 0.0005996787084378746, 0.9896033873124848]
[-184.7759197930565, -6221.366901282162, -10293494.85204763, 99.91629659425176, 3367.1484673572177, 5571068.317858358, 1.781048154418826e-05, 0.000599856546626551, 0.9925071396755597]
[-182.3276105681047, -6242.229695172576, -10321051.292985216, 98.59118226541071, 3378.4397648033887, 5585983.593302527, 1.7574408779071155e-05, 0.0006018681354328168, 0.9951641639962058]
[-185.99498646577433, -6231.727822850866, -10350474.57273557, 100.57600680853379, 3372.7559791764206, 5601909.235402621, 1.792801826111161e-05, 0.0006008555454644067, 0.9980011860177032]
[-186.7652391648341, -6233.332700053981, -10374318.222824523, 100.9928505822709, 3373.6245536997253, 5614815.016675115, 1.8002288814779216e-05, 0.0006010102828953002, 1.0003002248481931]
[-177.8702436750002, -6226.0956149290905, -10394737.173297692, 96.17877927659706, 3369.7076707792826, 5625867.106107159, 1.7144638471414424e-05, 0.0006003124885160512, 1.0022690483396903]
[-160.37336578943666, -6234.7237574078645, -10406908.137314117, 86.70929560609126, 3374.377355388998, 5632455.037461876, 1.545758754528297e-05, 0.0006011444144587953, 1.0034426016360367]
[-174.42838244378095, -6224.929909697873, -10429709.359707825, 94.3159675444452, 3369.076741097223, 5644796.257592283, 1.6812775525194564e-05, 0.0006002000881209003, 1.0056411080821748]
[-181.053719785615, -6259.260170043807, -10450898.646648197, 97.90157147835065, 3387.656832484917, 5656264.912127337, 1.7451584058948435e-05, 0.0006035101983190385, 1.0076841846615139]
[-163.00828465515556, -6224.385489848977, -10481160.79898479, 88.13521610690546, 3368.7820617426387, 5672643.493674929, 1.5711659862433086e-05, 0.0006001475973328933, 1.0106020242523697]
[-162.44753104314495, -6258.348047863317, -10501251.449912615, 87.83159783510753, 3387.163184957137, 5683517.04873673, 1.5657584065460712e-05, 0.0006034222570407307, 1.012539141796447]
[-208.73891466336303, -6126.848148193198, -10525375.596642315, 112.88560105263558, 3315.9927978800097, 5696573.181881837, 2.012102149889015e-05, 0.0005907430268371177, 1.0148651370919752]
[-156.29548290067592, -6239.947583174713, -10542990.508041205, 84.50204887643372, 3377.204457560884, 5706106.3265032815, 1.506441482126207e-05, 0.0006016480830204939, 1.016563517548398]
[-159.67322040444046, -6226.508560983028, -10556350.236464912, 86.33018910974604, 3369.9309715782083, 5713336.158326064, 1.5390100706051063e-05, 0.0006003522926558353, 1.0178515997284017]
[-165.29147859172627, -6244.142440792893, -10563314.63971113, 89.37075932269535, 3379.474699691041, 5717104.644576938, 1.593180843958019e-05, 0.0006020525412162234, 1.0185230496679536]
[-161.27723253352886, -6233.179132723602, -10567975.773332702, 87.19820973217212, 3373.5411222618714, 5719626.288941734, 1.5544761914459678e-05, 0.0006009954595688943, 1.0189724054562097]
[-149.6223441335748, -6227.0649888241605, -10569000.994622536, 80.89039344671022, 3370.23201693566, 5720179.996860819, 1.4421004898634788e-05, 0.0006004059395662813, 1.0190711852049206]
[-112.15698627818148, -6185.1310460123705, -10565369.32891301, 60.613714282659686, 3347.536490160117, 5718213.180343835, 1.0808604660476295e-05, 0.0005963626808723069, 1.0187209470163707]
[-139.2599624203933, -6229.216329780183, -10546862.819729665, 75.28211194860582, 3371.3962441921312, 5708196.060109698, 1.3421867096722266e-05, 0.000600613363239965, 1.0169365133859825]
[-142.68328831331405, -6225.348148223808, -10532529.232936034, 77.13483732040349, 3369.3026792363685, 5700437.387998026, 1.3751950276606877e-05, 0.0006002403923434817, 1.0155544257061924]
[-124.55953236057024, -6224.194260851672, -10513903.908389222, 67.32596346570438, 3368.6781095499537, 5690355.967901032, 1.2004463438666736e-05, 0.0006001291321033296, 1.0137585363953838]
[-134.35945636633545, -6232.832552182919, -10489302.270812336, 72.62985270043247, 3373.3532991331876, 5677040.012691243, 1.2949365083477668e-05, 0.0006009620320319303, 1.0113864173846572]
[-165.4218318575133, -6198.262101934466, -10470725.258508308, 89.44127240548872, 3354.6430688102278, 5666984.757548857, 1.5944404689222924e-05, 0.0005976287474542992, 1.0095951873287559]
[-151.54988741849135, -6206.982881776212, -10453740.025194215, 81.93355769802722, 3359.3628331396812, 5657791.012515097, 1.4606883761328438e-05, 0.0005984695956881815, 1.0079574347864888]
[-129.6338230550684, -6244.904161365094, -10438079.095912345, 70.07208346750423, 3379.8865048359194, 5649314.195861969, 1.2493735316757772e-05, 0.0006021259659055369, 1.0064473812059676]
[-131.98806800487705, -6205.119054940783, -10426722.574497897, 71.34632527701409, 3358.3539790764994, 5643167.071286467, 1.272074517447699e-05, 0.0005982898823932026, 1.005352356163204]
[-117.36390425112523, -6240.450829444125, -10414405.254519843, 63.431351404325945, 3377.4761483342063, 5636500.193389167, 1.1310684094664776e-05, 0.000601696564903427, 1.0041647074887607]
[-100.24950415333836, -6227.635368995841, -10405952.76004977, 54.16883655083708, 3370.5401085692074, 5631925.120162419, 9.660517805335265e-06, 0.0006004609002865231, 1.003349704867434]
[-108.23717579369001, -6220.397494545028, -10401503.38779254, 58.49179519342237, 3366.622813650773, 5629516.9192201095, 1.0430696968145657e-05, 0.0005997630210883016, 1.0029206959568184]
[-103.87939115887832, -6216.9256324045, -10398735.081405122, 56.13330026054395, 3364.7437263558436, 5628018.684898048, 1.0010528693344406e-05, 0.0005994282621698633, 1.002653781534317]
[-110.21678491528027, -6198.588601289703, -10397102.20531885, 59.563192530563846, 3354.819318292289, 5627135.20984585, 1.0621588042006411e-05, 0.0005976601976808645, 1.002496358366133]
[-81.52314051077519, -6223.224232423252, -10398141.17565601, 44.033728419119534, 3368.1525129813735, 5627697.936400317, 7.854944926559174e-06, 0.000600035565579268, 1.0025965596210242]
[-91.47122093558825, -6230.173963648297, -10402242.95553518, 49.417663987298575, 3371.9137848717983, 5629918.578358752, 8.814146136376113e-06, 0.0006007056486208225, 1.0029920884981356]
[-89.15702091342234, -6243.8656511128775, -10407822.491480136, 48.165071338501626, 3379.32394780302, 5632939.119435092, 8.591011793756663e-06, 0.0006020257989967345, 1.0035301070674694]
[-48.6223159291252, -6241.836214485598, -10414967.131913101, 26.227135812204192, 3378.22545817988, 5636806.731214731, 4.68265771906421e-06, 0.0006018301214002998, 1.0042190310731374]
[-60.203285271357004, -6231.80715298713, -10424618.436303763, 32.49494052014122, 3372.7974764293576, 5642031.1131389085, 5.79930797246908e-06, 0.0006008631101436344, 1.0051496509358542]
[-72.80866442428096, -6224.715889908531, -10435344.204207635, 39.317020568098876, 3368.9595190865034, 5647837.100185235, 7.014723175750659e-06, 0.0006001793653923129, 1.0061838741400402]
[-72.60417472784806, -6238.647648192975, -10441389.071187986, 39.20631873945845, 3376.499573809099, 5651109.58179441, 6.9950090569802e-06, 0.0006015226547415255, 1.0067667649795928]
[-54.947529392734154, -6220.879457306139, -10452882.717682846, 29.650257125289624, 3366.8830072909595, 5657330.891249864, 5.29256683848406e-06, 0.0005998094449529546, 1.007875009606792]
[-64.12159403777896, -6215.205381384751, -10457005.796641592, 34.615413216509246, 3363.8120544675967, 5659562.9084277, 6.177134104369304e-06, 0.000599262352609532, 1.0082725828588095]
[-54.34046636157006, -6214.016866484514, -10461205.522341806, 29.32170509110703, 3363.1687259545124, 5661836.336852723, 5.234047450088039e-06, 0.000599147749455124, 1.0086775419357388]
[-45.50500085741841, -6222.652090518281, -10460206.835748645, 24.53973874433194, 3367.842207122425, 5661296.424592632, 4.382135257056987e-06, 0.0005999803560505124, 1.0085812862674426]
[-14.96050288870127, -6212.5764121456705, -10461113.584326383, 8.00868619210696, 3362.3889576143893, 5661787.733049154, 1.437040085884197e-06, 0.000599008860862085, 1.0086687475754856]
[-51.04547369578002, -6238.930364416178, -10466530.727978164, 27.53820883974594, 3376.652164761262, 5664720.447151498, 4.91634950325715e-06, 0.0006015498860665787, 1.0091911123385207]
[-4.382522477696547, -6234.25649773442, -10481278.462610409, 2.283625363583319, 3374.1225426710917, 5672702.757167314, 4.171183688009958e-07, 0.0006010992506883211, 1.0106131007447443]
[-27.943114110514195, -6226.525491936701, -10500430.201221174, 15.034884854974283, 3369.9383383152576, 5683068.782591502, 2.688835662949096e-06, 0.0006003538175128976, 1.0124597278902951]
[-8.095124071229844, -6232.428005251136, -10520237.201813595, 4.2929035276950405, 3373.132884167333, 5693789.215735757, 7.750962215301259e-07, 0.0006009229335644467, 1.0143695202935534]
[-24.96051745607619, -6212.959762597709, -10545178.672160482, 13.420635922818365, 3362.5962581064073, 5707288.557207754, 2.401261259456702e-06, 0.0005990458054298892, 1.0167743728039433]
[13.194702141260656, -6196.662548877757, -10569842.931234246, -7.2295263438776765, 3353.7758494751874, 5720637.605594251, -1.2776578372734183e-06, 0.0005974744376532177, 1.0191524811524908]
[-44.165785659792654, -6219.11770306333, -10581763.291854816, 23.814763324979275, 3365.9289635195432, 5727089.478422636, 4.253034727168752e-06, 0.0005996395421831639, 1.0203018456847701]
[-35.394143459003075, -6220.559222470833, -10599789.607650515, 19.067387299649983, 3366.709133448319, 5736845.724973067, 3.4072787178807463e-06, 0.0005997785295404827, 1.0220399200005947]
[-35.66954558318981, -6194.90035024713, -10614235.848527892, 19.21651197753868, 3352.8220220319768, 5744664.17515997, 3.4338394224412873e-06, 0.0005973045043416815, 1.023432797164989]
[-28.709931565363583, -6222.933250177915, -10622616.675056126, 15.44972914290813, 3367.993935889419, 5749199.869077723, 2.762790920063394e-06, 0.0006000074291660375, 1.0242408537447103]
[-7.846301815969669, -6215.959383888006, -10624852.11022987, 4.15817093100301, 3364.219518957881, 5750409.226887419, 7.511266331515268e-07, 0.0005993350103547731, 1.0244563605657764]
[-33.63455371156872, -6258.665573297784, -10618714.564422963, 18.114906764880153, 3387.33291931635, 5747087.097520844, 3.2376237186468223e-06, 0.0006034527297512342, 1.0238645648680813]
[19.689890574736157, -6207.982948535245, -10621571.659497436, -10.74500303458554, 3359.9024564094866, 5748632.65743703, -1.9039017216928275e-06, 0.0005985659340738676, 1.0241399958976054]
[-20.102506180831373, -6243.73744196275, -10600296.791910272, 10.791150382874774, 3379.2534831829194, 5737117.709242566, 1.932871705454562e-06, 0.0006020133601634105, 1.0220886692307978]
[-28.25292145398904, -6241.035050164876, -10578999.73115772, 15.202234256096146, 3377.7909017241864, 5725590.608065026, 2.7187258950351717e-06, 0.0006017527971650785, 1.020035194127034]
[-23.57957928600596, -6314.332637984813, -10556081.688833296, 12.67289592281329, 3417.4610394257843, 5713186.154561524, 2.2681299206763525e-06, 0.0006088201564916384, 1.0178254235782989]
[-20.59828298328215, -6224.591211932133, -10528668.672547229, 11.059493191949747, 3368.89118441883, 5698348.923304869, 1.9806760718149364e-06, 0.0006001672878087386, 1.015182253571224]
[-20.503172092563915, -6221.088440037498, -10503549.55585479, 11.008044735441855, 3366.995413548849, 5684753.318916886, 1.9715059022202524e-06, 0.0005998295516356524, 1.0127602655348888]
[-15.852736850297008, -6223.069257163535, -10489266.337904824, 8.491160761516555, 3368.0674217635633, 5677022.433833687, 1.5231135982789818e-06, 0.0006000205416901751, 1.0113830663318053]
[-21.70876784161549, -6235.522939430311, -10480213.362449983, 11.660500169821194, 3374.8076293521635, 5672122.345715148, 2.087746691384744e-06, 0.0006012213236577634, 1.0105101648191794]
[-18.368003961381998, -6243.9139972212415, -10479144.478031388, 9.852414645413987, 3379.3489784320236, 5671543.512720408, 1.7656280761738343e-06, 0.0006020303861053673, 1.0104070843744224]
[-16.96773066113718, -6231.675327890909, -10487362.508502591, 9.09460868569696, 3372.72525528761, 5675990.915782439, 1.6306165991855278e-06, 0.0006008503417073531, 1.0111994333094394]
[-22.129221889006466, -6240.1296248677245, -10496280.053617587, 11.888099135608233, 3377.3008721947695, 5680817.086706288, 2.1282846321524225e-06, 0.000601665501635284, 1.0120592391753795]
[-27.133132169644394, -6239.358044291766, -10507394.242671495, 14.596308250960703, 3376.8833312021598, 5686832.182605049, 2.610758438396523e-06, 0.0006015911055380623, 1.0131308457997088]
[-24.314746910361603, -6250.57312360655, -10521887.343964932, 13.070985680335491, 3382.953189743422, 5694676.061768414, 2.3390096905426023e-06, 0.0006026724620872633, 1.0145282452605933]
[-24.41687615668354, -6229.702767108658, -10539552.902036173, 13.12624732181126, 3371.657789637886, 5704237.039182211, 2.3488567100699484e-06, 0.0006006601505033765, 1.016231534625831]
[-29.50950471901561, -6224.783028695664, -10554862.082069946, 15.882520307270735, 3368.9951275197845, 5712522.718540991, 2.8398858863280063e-06, 0.0006001857910825662, 1.017707626650845]
[-27.391864312581554, -6231.193269860856, -10567593.649204878, 14.736438606999572, 3372.4645073028637, 5719413.425115892, 2.635695130860498e-06, 0.0006008038712800049, 1.0189351939533202]
[-19.968807273622993, -6224.150444413911, -10578252.154686945, 10.719013123705906, 3368.652836479932, 5725182.119249459, 1.9199649186443e-06, 0.0006001248083648034, 1.0199628777856045]
[-44.448506626187594, -6231.106932842398, -10580834.332264418, 23.96773355581993, 3372.41782238101, 5726579.897284511, 4.280289074090393e-06, 0.0006007955408250581, 1.0202118629679797]
[-44.616666261635714, -6242.068016135596, -10581106.546056703, 24.058708307459764, 3378.35023525271, 5726727.393647794, 4.296496305851639e-06, 0.0006018524147369104, 1.0202381196907278]
[-40.144374397353396, -6244.331165928821, -10577091.503739092, 21.6383184281261, 3379.5750669677864, 5724554.454096075, 3.8652769410681906e-06, 0.0006020706308729036, 1.0198510000006875]
[-45.28623598404957, -6218.406073424487, -10564803.703013375, 24.42127946699456, 3365.5440030310947, 5717904.064010322, 4.361057031883296e-06, 0.000599570942581273, 1.0186662286036254]
[-33.223340598618094, -6231.284387311203, -10545169.972391702, 17.8926802117216, 3372.514022744307, 5707277.879018341, 3.197953061790094e-06, 0.0006008126799375432, 1.0167731712607613]
[-59.83368138156258, -6239.385292348806, -10506299.301650388, 32.29454208245521, 3376.898443626429, 5686240.306160937, 5.763705184624848e-06, 0.0006015937577324378, 1.0130253173544541]
[-52.74003649810495, -6230.400855952797, -10472569.880387004, 28.45543022992637, 3372.035950083872, 5667985.035201988, 5.079736839939405e-06, 0.000600727486740019, 1.009773160491671]
[-61.54450387816419, -6230.224292739849, -10441021.69989202, 33.220571582233475, 3371.940464082408, 5650910.229103504, 5.9286569709342274e-06, 0.0006007104669971118, 1.0067313117248802]
[-65.01306966029772, -6218.077366975169, -10414553.187218754, 35.09788837398766, 3365.366415512417, 5636584.666852808, 6.2630957713604195e-06, 0.0005995392673942093, 1.0041792388629036]
[-70.36234565067141, -6227.404178298744, -10390838.468482835, 37.993024116063495, 3370.4143176606576, 5623749.801898111, 6.778868909918546e-06, 0.0006004385583631117, 1.0018927004393157]
[-73.80115418826391, -6205.093310285169, -10374920.269004093, 39.85421636856691, 3358.3393426521193, 5615134.716658611, 7.1104305439399144e-06, 0.0005982873569005388, 1.0003579002437812]
[-81.348219344402, -6236.19080267709, -10361171.370892966, 43.93874547236041, 3375.169918906009, 5607693.9402871905, 7.838106762995134e-06, 0.0006012857721910949, 0.9990322755479539]
[-90.23767247840469, -6220.380780704446, -10355787.417940773, 48.749901696392925, 3366.6133464454624, 5604780.432701065, 8.695226538903688e-06, 0.0005997613751950866, 0.9985131865132929]
[-98.07446286038726, -6231.891989979087, -10353760.424603308, 52.991286864544215, 3372.843449276923, 5603683.927916043, 9.450838837469066e-06, 0.0006008712842370005, 0.9983177797952351]
[-79.43830572915772, -6206.667921300491, -10361288.630941767, 42.90529479420921, 3359.1917928335456, 5607758.703527219, 7.653945774130468e-06, 0.0005984391951527218, 0.9990436605688056]
[-38.703087238718275, -6170.12691211924, -10375620.958268208, 20.858856686225973, 3339.415153259623, 5615516.044964273, 3.726256031461475e-06, 0.000594915933490003, 1.0004255873772285]
[-94.63334316883628, -6239.6865968762395, -10378663.666327909, 51.12905663333115, 3377.0622987983193, 5617163.431564934, 9.119029343260364e-06, 0.000601622864305155, 1.0007189981411466]
[-102.96411198154141, -6238.706368067967, -10393169.59590898, 55.63783328908809, 3376.531804294926, 5625014.71126253, 9.922279363738805e-06, 0.0006015283480642626, 1.002117662291881]
[-109.61971253027012, -6217.635079945542, -10408424.36276822, 59.240051434990406, 3365.12772763231, 5633271.149674328, 1.0564008149124285e-05, 0.0005994966647713826, 1.003588520547998]
[-117.29479566184784, -6230.798114115806, -10421100.251718566, 63.39390298194979, 3372.251867241282, 5640131.836839957, 1.1304029474112726e-05, 0.0006007658453442726, 1.004810726410924]
[-137.9433095031786, -6297.797499767408, -10426135.525585597, 74.56912193469944, 3408.513319002376, 5642857.187644417, 1.3294941883405381e-05, 0.0006072259154860252, 1.0052962300469803]
[-123.33498066914534, -6231.43073871149, -10442371.08587156, 66.66300448512649, 3372.5943996346023, 5651644.044859635, 1.1886413130576162e-05, 0.0006008268526015219, 1.006861630323864]
[-126.47198235068979, -6199.991593792005, -10446202.203007683, 68.36095723574057, 3355.5789615766544, 5653717.213779179, 1.218888500245817e-05, 0.000597795499840831, 1.007231002439183]
[-133.7123928598926, -6208.5742912635915, -10439073.463887146, 72.27957504797388, 3360.224168443958, 5649858.6330622295, 1.288699890578802e-05, 0.0005986230448920527, 1.0065436374359455]
[-132.57913207071667, -6206.00276222196, -10429569.499581808, 71.66628942381712, 3358.832509177083, 5644714.325972478, 1.2777727430805612e-05, 0.0005983751069124603, 1.0056272440321852]
[-136.91675870401488, -6219.519896314231, -10417436.638819978, 74.01386841233916, 3366.1482398611843, 5638147.168934414, 1.319595126509192e-05, 0.0005996784288005396, 1.0044573738373699]
[-148.51116628257483, -6212.873424628382, -10405695.024571955, 80.28899616996375, 3362.5511296245304, 5631791.595075814, 1.4313881281125661e-05, 0.000599037572597439, 1.0033252169103728]
[-139.61326377831693, -6227.140073848318, -10398615.03961207, 75.47330341229546, 3370.272539642267, 5627958.913024153, 1.345593670329667e-05, 0.0006004131744752382, 1.0026425230587201]
[-127.49035064591605, -6210.52921752857, -10393068.967515409, 68.91225830725111, 3361.2824548058525, 5624956.4721471695, 1.228704524774487e-05, 0.0005988115633019626, 1.0021077303511643]
[-125.70134408075457, -6230.870940823548, -10384816.313161694, 67.94395811004117, 3372.2918919392246, 5620489.484893115, 1.2114540959626123e-05, 0.0006007729151969387, 1.0013119916846076]
[-155.21423564118746, -6246.747426902968, -10374480.156551596, 83.91678924254224, 3380.8845602695164, 5614895.117464187, 1.4960165123839936e-05, 0.0006023037170094675, 1.000315380070818]
[-176.54688554643752, -6233.12140793338, -10364581.488975767, 95.4623848068304, 3373.5099553834198, 5609537.698942223, 1.7017053415906772e-05, 0.0006009898905149371, 0.9993609609211447]
[-189.80080394536833, -6199.951545660751, -10358947.911387816, 102.6356267189384, 3355.5579770614295, 5606488.7352699395, 1.829499515486451e-05, 0.0005977916594662035, 0.99881778191133]
[-166.7550719876669, -6233.405663323122, -10353138.951184785, 90.16299585452404, 3373.6638727865748, 5603344.989453685, 1.6072923665525482e-05, 0.0006010173139038899, 0.9982577011714422]
[-153.3210813919058, -6219.747474033881, -10350431.037380008, 82.89235262154736, 3366.2718195087245, 5601879.683746331, 1.4777622061194638e-05, 0.0005997003999916711, 0.9979966244768876]
[-160.45608959289532, -6215.979363387297, -10340643.674938617, 86.7539903317987, 3364.2324806650145, 5596582.933779233, 1.5465570080377878e-05, 0.0005993370773042768, 0.9970529632144797]
[-177.21596058781336, -6236.341889554622, -10331937.395933285, 95.82464715408197, 3375.253116348884, 5591871.405044201, 1.7081552307456827e-05, 0.0006013004249684175, 0.9962135455988892]
[-165.9778932618004, -6216.020358032328, -10327902.442470582, 89.74249773913444, 3364.2547830642725, 5589687.973832867, 1.5997980296712606e-05, 0.0005993410374624381, 0.9958245234002369]
[-161.3900137157492, -6227.551591533999, -10320359.215091856, 87.25947368588872, 3370.4956957543204, 5585605.8571277475, 1.5555613065095976e-05, 0.0006004528783230802, 0.9950972422349816]
[-183.90042114025283, -6238.103732745433, -10309655.609035099, 99.44243490159447, 3376.2067700515513, 5579813.279427866, 1.7726060829572498e-05, 0.00060147030760581, 0.9940652418156551]
[-181.2745310804517, -6235.945857771583, -10304715.533226402, 98.02127736969884, 3375.0389035294984, 5577139.91635002, 1.7472871994666295e-05, 0.0006012622532633741, 0.9935889452720572]
[-185.0347290546271, -6237.423570497598, -10297130.60248877, 100.05633874450227, 3375.8386795740685, 5573035.048113005, 1.7835429207292098e-05, 0.000601404731186046, 0.9928576321404564]
[-188.55712077028335, -6232.387101219892, -10291413.202497555, 101.96274673096401, 3373.1129020518074, 5569940.773441248, 1.8175054230549154e-05, 0.0006009191199739158, 0.9923063744579416]
[-187.5613006398422, -6244.39020183158, -10293883.733963907, 101.42376690943104, 3379.6091849606455, 5571277.898974512, 1.8079032417793314e-05, 0.0006020764582770472, 0.9925445810649725]
[-177.91025996984996, -6268.737856852952, -10298748.88791605, 96.20059652876449, 3392.78663126997, 5573910.805511053, 1.7148472788772734e-05, 0.0006044240596397985, 0.9930136593805227]
[-165.33428814471563, -6284.895104362169, -10314295.426295446, 89.3942960562709, 3401.5312531297695, 5582324.562783993, 1.5935898439442806e-05, 0.0006059819465217459, 0.9945126137553141]
[-176.0531132021976, -6202.133181216746, -10341209.807024062, 95.19547280449774, 3356.7388579312615, 5596890.675395795, 1.6969418244739297e-05, 0.0005980020504656356, 0.9971076302581068]
[-181.3532081694372, -6228.690221047192, -10357544.8714028, 98.0639326924016, 3371.112117579276, 5605730.801619138, 1.7480451113852384e-05, 0.0006005626747280179, 0.9986825890570447]
[-188.40697165698217, -6238.676895242427, -10375478.962976517, 101.8815148438286, 3376.5171158635776, 5615436.266837256, 1.8160570906177702e-05, 0.0006015255885208838, 1.0004117185204544]
[-174.02138431471462, -6220.369899126692, -10397642.03593116, 94.09590508439464, 3366.6090461443587, 5627430.539764789, 1.677352118512189e-05, 0.0005997604377553982, 1.0025486002375026]
[-167.32350539821402, -6174.586680603324, -10416457.328110725, 90.47106347263068, 3341.8304487368578, 5637612.989236714, 1.612772007424921e-05, 0.0005953460280295434, 1.0043626975039728]
[-125.77509121970311, -6225.391310476889, -10433218.090140965, 67.9842104048571, 3369.326800860904, 5646683.790390262, 1.212161419597793e-05, 0.0006002446188845669, 1.0059787184060331]
[-187.6118603200157, -6218.291600219787, -10438803.421261176, 101.45125258026448, 3365.484222329502, 5649706.390413349, 1.8083909131275984e-05, 0.0005995600471122788, 1.0065172302670204]
[-184.9266356308536, -6225.861650045234, -10444743.903845947, 99.99797366742602, 3369.581270654151, 5652921.227327049, 1.7825001388844267e-05, 0.0006002899479240463, 1.007089986650954]
[-175.80896365914177, -6247.61477419673, -10444513.03075445, 95.06334255350424, 3381.354498695596, 5652796.126937345, 1.6945871632739873e-05, 0.0006023873838984706, 1.0070677172495603]
[-203.33640430218549, -6297.056462685627, -10435806.024338607, 109.96162018973075, 3408.11334463058, 5648083.743513427, 1.960006124277882e-05, 0.0006071545374431777, 1.006228201487363]
[-213.97862008840568, -6225.361189865135, -10436770.308704674, 115.72150132439985, 3369.310451699751, 5648605.720061723, 2.06262031283835e-05, 0.0006002416920091331, 1.006321181669694]
[-182.74905854412003, -6218.419714609081, -10425873.212463185, 98.81939515667764, 3365.553537594857, 5642708.239930832, 1.7615036738891595e-05, 0.000599572399673569, 1.0052705141642306]
[-190.70277412927317, -6224.064127711457, -10408120.88721405, 103.124045229937, 3368.6084129946153, 5633100.676994827, 1.8381933603595073e-05, 0.0006001166269789975, 1.003558881593106]
[-174.84998326434683, -6219.614989703819, -10388473.932889687, 94.54438109746093, 3366.2004859448184, 5622467.647368236, 1.6853416909544223e-05, 0.0005996876480113771, 1.0016645682151648]
[-194.14314684701841, -6209.997665809908, -10362762.63532533, 104.98606475973057, 3360.9953715271363, 5608552.702934195, 1.8713659721622704e-05, 0.0005987603408055487, 0.9991855534318755]
[-182.0364265598295, -6209.85146969775, -10334503.666912314, 98.43376436443829, 3360.916224928888, 5593258.831016562, 1.7546332582552706e-05, 0.0005987462501460339, 0.9964608911779533]
[-189.64376171284516, -6237.95384825123, -10300971.364612317, 102.55081175524462, 3376.1257124558597, 5575110.983991994, 1.8279824822628278e-05, 0.0006014558639791125, 0.9932277851592982]
[-176.40191925176578, -6237.371409584256, -10273723.023354586, 95.38417649131034, 3375.8104413270657, 5560364.031822368, 1.700305280957348e-05, 0.0006013997100519004, 0.9906005629813063]
[-175.76673023334536, -6223.077307706344, -10248494.938384423, 95.04040730637968, 3368.0742628440207, 5546710.422362651, 1.694181221780226e-05, 0.0006000214795022981, 0.9881681273620466]
[-173.3972997604406, -6245.432562320287, -10223791.937321723, 93.75796896378264, 3380.173250440436, 5533340.986467331, 1.6713347004442054e-05, 0.0006021769713097069, 0.9857863188336341]
[-173.15691575257304, -6208.634780926622, -10207621.119574133, 93.62800276841038, 3360.2576495217436, 5524589.0213661585, 1.6690180094304674e-05, 0.0005986289336230262, 0.9842271519568843]
[-167.31368368988643, -6215.35571985324, -10196648.098604403, 90.46541441170388, 3363.8950324926723, 5518650.130334147, 1.6126768457134153e-05, 0.0005992769559488637, 0.983169144519638]
[-175.90255899769454, -6240.399603418662, -10189421.918627486, 95.11378646959572, 3377.449329345026, 5514738.979822046, 1.6954908611414854e-05, 0.0006016916829912729, 0.9824723945639408]
[-172.9204602867843, -6237.051212216077, -10191652.616017018, 93.49982622867931, 3375.6370717128266, 5515946.0998559985, 1.666737785033684e-05, 0.0006013688326111146, 0.98268746440742]
[-157.48259117597027, -6220.892821359531, -10198512.799508018, 85.14469768562326, 3366.891799477042, 5519658.77143927, 1.5178859648497478e-05, 0.0005998108468698173, 0.9833489015455391]
[-162.57552643482643, -6212.687203712319, -10210376.62400558, 87.90113078238912, 3362.450792820657, 5526079.559293051, 1.5669927739586975e-05, 0.0005990196603476644, 0.9844927853857286]
[-171.65251626359918, -6208.9867400389085, -10228366.448748631, 92.8136561903204, 3360.4479682509295, 5535815.994026497, 1.654513408864233e-05, 0.0005986628507910682, 0.9862273375112879]
[-183.06220379436434, -6189.937829043736, -10247330.53026971, 98.98886089457953, 3350.1382927540935, 5546079.653159495, 1.7645259722213108e-05, 0.0005968261531030801, 0.9880558222661778]
[-177.064797151341, -6216.038306771171, -10271202.29549301, 95.74280075760478, 3364.2643581781676, 5558999.579187089, 1.7066988308035683e-05, 0.0005993427563998416, 0.9903575067993473]
[-189.97576488356813, -6211.194379285945, -10292575.025641477, 102.73039143394726, 3361.6427442792756, 5570566.941804987, 1.8311860307167842e-05, 0.0005988757032532526, 0.992418235770535]
[-174.18638589497817, -6221.123632364619, -10317057.995798191, 94.18492081977799, 3367.0165756721412, 5583817.5868636705, 1.6789455239827173e-05, 0.0005998330813614498, 0.9947788471142713]
[-148.94140495547128, -6237.018090946745, -10339202.527456807, 80.52191013231776, 3375.6189404462343, 5595802.604832831, 1.435533847759241e-05, 0.0006013656272268901, 0.996913988497134]
[-143.13539854966007, -6193.06312300375, -10360902.175826399, 77.37980034843939, 3351.829684328962, 5607546.774733212, 1.3795528437856476e-05, 0.0005971274930855021, 0.9990062307159715]
[-162.11022873156844, -6210.058805904552, -10390699.478850499, 87.64911789598756, 3361.028049992963, 5623673.795954736, 1.562508135359112e-05, 0.0005987662104129929, 1.0018792517438742]
[-155.13180629185413, -6215.69564189506, -10424724.021774754, 83.87224895879811, 3364.0787761692545, 5642088.607229164, 1.4952222389822432e-05, 0.0005993097143271209, 1.0051598525492251]
[-136.32644492547578, -6173.834907322652, -10462606.807076856, 73.69467859142809, 3341.4229764462207, 5662591.433309688, 1.3139020829049398e-05, 0.0005952735121838971, 1.0088124508824505]
[-155.10605340354613, -6208.303372859247, -10494462.79537947, 83.85833436851384, 3360.077944806914, 5679832.676380169, 1.4949747199834045e-05, 0.0005985969448927909, 1.0118839686349153]
[-2.9672928070057196, -5917.411037462199, -10546671.904001275, 1.5191857758000822, 3202.641165344267, 5708088.829809422, 2.805596887694335e-07, 0.0005705491434680344, 1.0169178684210916]
[-156.2791173391373, -6202.437929093796, -10554385.208742557, 84.49318365830405, 3356.9034150458847, 5712263.897039843, 1.5062856554642699e-05, 0.0005980313960194576, 1.017661602963963]
[-143.92209680330126, -6185.24407924358, -10577510.050703468, 77.80543515240613, 3347.597716106377, 5724779.440605647, 1.387139972394586e-05, 0.0005963735663541872, 1.0198912621618004]
[-160.60264098912813, -6182.197672647348, -10591071.708424347, 86.83317777885478, 3345.9489255455624, 5732119.224586501, 1.5479739491825053e-05, 0.0005960798262337833, 1.0211988544207091]
[-151.7981621592834, -6202.169522610336, -10597941.424979696, 82.06798765891571, 3356.7581183249695, 5735837.11372993, 1.4630809030806573e-05, 0.0005980055154826223, 1.021861214251979]
[-98.79213821457627, -6177.831287259163, -10596721.44903287, 53.38051796482376, 3343.5857602815095, 5735176.596886533, 9.519972924829427e-06, 0.0005956588332750472, 1.0217435712405596]
[-122.40028517554853, -6160.658205644985, -10591812.402221465, 66.15750640709663, 3334.2913631480765, 5732519.852775841, 1.1796279150295343e-05, 0.0005940030044608195, 1.0212702558630016]
[-71.61839380212191, -6202.407277565621, -10571387.869890671, 38.67360059510265, 3356.886739339299, 5721465.782188762, 6.899883016776029e-06, 0.0005980284539109385, 1.0193009573593765]
[-135.78680905764259, -6190.392668642197, -10547334.649914278, 73.40242589819744, 3350.384175663625, 5708448.107343808, 1.3087006347056688e-05, 0.0005968699912727545, 1.016981805053825]
[-138.6611502110761, -6266.982599978061, -10512920.442196934, 74.95789442776449, 3391.8358000508347, 5689823.00042312, 1.3364134425006387e-05, 0.0006042547723672373, 1.013663669704643]
[-122.53069698016854, -6167.733809337771, -10486995.585191933, 66.22802562565379, 3338.1207393888753, 5675792.128742612, 1.180885507117989e-05, 0.0005946852243524552, 1.0111640428862696]
[-178.73395334379566, -6220.263062232707, -10443111.607935444, 96.64570959823939, 3366.5506501424234, 5652041.918793807, 1.7227944614638218e-05, 0.0005997500672960002, 1.0069328535045277]
[-135.45597033816546, -6204.34696475596, -10417825.1855367, 73.2232581179787, 3357.9364699047082, 5638356.567365565, 1.305510735463274e-05, 0.0005982154549941754, 1.0044947828302568]
[-129.64508152663132, -6179.486269674651, -10384513.353463003, 70.07844720844126, 3344.481354004073, 5620327.787936466, 1.2494832394839459e-05, 0.00059581838783719, 1.0012829187239733]
[-86.99814741880878, -6193.539339343298, -10334614.251164885, 46.99740773055379, 3352.0871480792266, 5593321.574996003, 8.382797181745607e-06, 0.0005971733934384997, 0.9964717293694918]
[-155.24448422295816, -6208.690318455003, -10289822.147226648, 83.93298450445752, 3360.287227279635, 5569079.679343206, 1.4963101847377481e-05, 0.0005986342358820198, 0.9921529682019284]
[-137.78688528835417, -6178.875428366726, -10253642.257148882, 74.48489924233242, 3344.150768288315, 5549498.358556351, 1.3279856129042653e-05, 0.0005957594993643792, 0.9886645523536014]
[-177.3841399497154, -6173.01930063619, -10207337.72575782, 95.9152728751606, 3340.981510809813, 5524437.657288769, 1.7097804853688165e-05, 0.0005951948346425704, 0.9841999499214534]
[-187.61712408193614, -6209.351515451676, -10169842.227851361, 101.45333078799263, 3360.6452208663045, 5504144.44327027, 1.8084454353679034e-05, 0.0005986979728026811, 0.9805846935522962]
[-185.3146957704623, -6137.569827780059, -10154060.472578794, 100.2076308094034, 3321.795520610778, 5495602.738282474, 1.7862478647808928e-05, 0.0005917768025906538, 0.9790630207929335]
[-161.57717878268818, -6194.378211677394, -10138445.878679704, 87.36040617263201, 3352.5412877254216, 5487151.630120835, 1.5573702265795888e-05, 0.0005972542605846668, 0.9775574731352082]
[-142.83153085161078, -6154.245210489543, -10142571.974609386, 77.21522447601843, 3330.8205554435885, 5489384.300560082, 1.376626755090279e-05, 0.0005933846531218802, 0.9779552777589573]
[-152.87566983293735, -6272.294122108282, -10138251.981288504, 82.65097559414488, 3394.7105028600786, 5487046.197342341, 1.4734685231938865e-05, 0.0006047669035860136, 0.97753874795343]
[-157.060528340086, -6293.388744388134, -10154060.213204684, 84.91588073204178, 3406.1272712398713, 5495601.538440167, 1.5138182029818403e-05, 0.0006068008429335497, 0.9790629314105616]
[-126.15275951222995, -6262.489242422393, -10192544.093097568, 68.18821595978714, 3389.404178663479, 5516429.118720102, 1.2158070437604938e-05, 0.0006038215479171487, 0.9827734517798046]
[-144.35292761796293, -6243.716179038545, -10227356.620684313, 78.03846717983937, 3379.2438729626856, 5535269.776264403, 1.3912926401273464e-05, 0.0006020114422126987, 0.9861299908577247]
[-139.50245920429794, -6200.405220269491, -10273826.919235308, 75.41344116517934, 3355.803444738673, 5560419.632703515, 1.3445256017160604e-05, 0.0005978354111377177, 0.9906105422159853]
[-148.53746188754454, -6247.965196084262, -10316974.197827423, 80.30321654056846, 3381.5435807789167, 5583771.274610363, 1.4316393064099286e-05, 0.0006024211315501735, 0.9947707091568536]
[-145.9005923038772, -6257.819960612098, -10365474.225930477, 78.87610092037332, 3386.8771555767626, 5610019.778856018, 1.4062144105336064e-05, 0.0006033713270501226, 0.9994469712864851]
[-156.4395018485644, -6246.2298806713325, -10410704.329358675, 84.5799745814624, 3380.604424154707, 5634498.587510289, 1.507830207875316e-05, 0.0006022538162276563, 1.0038079551676071]
[-173.93239764422935, -6263.714523837941, -10445041.631195502, 94.04733733400808, 3390.067435493334, 5653082.11598948, 1.6764955294266998e-05, 0.0006039396749707028, 1.007118678068977]
[-193.71048023569426, -6086.084364005749, -10486632.40729584, 104.75168178710072, 3293.9314945434044, 5675591.117534814, 1.8671976985467012e-05, 0.0005868126121940233, 1.0111287552805168]
[-161.18731458097926, -5998.229839019177, -10533956.713686937, 87.15029548998724, 3246.3828468432193, 5701203.244507035, 1.553615433713844e-05, 0.0005783417082721004, 1.0156916527697442]
[-166.54254787155216, -6262.593920378165, -10539274.02201846, 90.04792835939607, 3389.4610508421315, 5704081.3628231725, 1.6052423620993286e-05, 0.0006038316385422655, 1.0162043573505277]
[-179.19772558583887, -6170.093037022393, -10567819.553056346, 96.89722379610973, 3339.398237684185, 5719530.53515675, 1.7272649156224682e-05, 0.0005949127260475817, 1.018956662140857]
[-175.21596222201728, -6242.307067089707, -10580636.730413599, 94.74216990135605, 3378.481546025799, 5726467.576283756, 1.688871162575866e-05, 0.0006018755890075356, 1.0201924838945142]
[-177.94816672909187, -6235.745480741762, -10591825.824611781, 96.22096103355258, 3374.93027235318, 5732523.455652328, 1.7152149703462332e-05, 0.0006012429207568634, 1.0212713275495438]
[-273.81762250819065, -6011.979375269722, -10601569.549075333, 148.10685004247532, 3253.8249528025813, 5737797.190415926, 2.6395891745518266e-05, 0.0005796674138258379, 1.0222108179113925]
[-195.03045367874842, -5994.572439227266, -10602557.621850219, 105.46636735690639, 3244.4039234096526, 5738332.072163561, 1.8799241561632744e-05, 0.0005779890607723214, 1.0223060935875183]
[-196.19786258646772, -6227.10399054166, -10584977.269910377, 106.09800333185545, 3370.253427389402, 5728818.018564746, 1.8911776975880582e-05, 0.0006004097090842573, 1.0206110688042045]
[-202.18412638664933, -6253.57723415148, -10567178.946522549, 109.33778636892227, 3384.581228665566, 5719185.796196252, 1.948896205954831e-05, 0.0006029622489488959, 1.0188950154782994]
[-193.9342062216149, -6237.563333911651, -10551851.551753448, 104.87286435878327, 3375.914302803637, 5710890.772953346, 1.8693510420130917e-05, 0.0006014182022447333, 1.0174171984634761]
[-209.08199240073384, -6263.369260949582, -10523545.643880505, 113.07101298947464, 3389.8809517615755, 5695571.650196823, 2.015404715501964e-05, 0.0006039063941505114, 1.0146880197149069]
[-200.4192781234925, -6249.604831149642, -10502204.080101162, 108.38267195224455, 3382.431412083061, 5684021.61875274, 1.9318792871626034e-05, 0.0006025792374989242, 1.012630323911746]
[-192.05473371872847, -6236.8973023005565, -10477503.11652731, 103.85575443521302, 3375.5538902475823, 5670653.296611527, 1.851228705269174e-05, 0.0006013539881588243, 1.010248712504952]
[-158.70941970398093, -6191.4733048779135, -10459551.395948, 85.80891103276045, 3350.9696314460143, 5660937.7593177, 1.529714204303688e-05, 0.0005969742317034726, 1.0085178510197372]