[719.5752719709656, -2353.293661085782, -8866957.594471216, -438.2725339568487, 1433.5519940640843, 5402318.240663071, -8.11303319701533e-05, 0.0002654073738324695, 1.0000000000000002]
[716.1533549428534, -2348.8861730356193, -8865527.08959734, -436.18753174194387, 1430.8666446812128, 5401446.81516304, -8.074439384298353e-05, 0.00026491030835084923, 0.9998386633842986]
[715.5979158073906, -2362.0372023109517, -8863073.450953767, -435.8489684583018, 1438.8789820297513, 5399952.103311097, -8.068173597553137e-05, 0.00026639352433312257, 0.9995619275777594]
[713.9952374271637, -2376.0673145408173, -8860615.142760897, -434.8723231793056, 1447.426960389968, 5398454.508544095, -8.050095415834826e-05, 0.0002679758679641875, 0.9992846518240149]
[722.3257574167835, -2367.3857678132495, -8859202.488872325, -439.94796072142316, 1442.1379262473624, 5397594.101804856, -8.144051334580124e-05, 0.00026699674942850914, 0.9991253785856554]
[723.0553281694309, -2366.467003456605, -8858929.21700446, -440.39232307234374, 1441.5782599422973, 5397427.6907962775, -8.152279892506652e-05, 0.0002668931355705064, 0.9990945786109138]
[726.5437352901164, -2350.2389075660994, -8857679.584432784, -442.5177303420973, 1431.691254895078, 5396666.577515845, -8.191624648070635e-05, 0.0002650629006789707, 0.9989536862744571]
[722.4223600769693, -2348.433216829744, -8855454.503785247, -440.0065804418383, 1430.5910420684834, 5395311.155809351, -8.145142427358374e-05, 0.0002648592608534991, 0.9987027482805916]
[726.3770983906621, -2347.5559866861504, -8853116.771585416, -442.41607168265534, 1430.0566428195953, 5393887.145488764, -8.189745371761199e-05, 0.0002647603317097918, 0.9984391174950278]
[728.0033402773934, -2350.1404222391407, -8851853.637635462, -443.40680849005554, 1431.6314317474669, 5393117.735220606, -8.208086796292073e-05, 0.00026505182657898585, 0.9982966773533022]
[729.3209994074155, -2346.6137633467106, -8850485.364757812, -444.2095268758897, 1429.4827844292251, 5392284.27920877, -8.22294738562947e-05, 0.0002646540822234822, 0.9981423800550062]
[726.8073297168836, -2338.022204889589, -8848386.659175128, -442.67794512219115, 1424.2482646194655, 5391005.873055041, -8.194598053147827e-05, 0.0002636851259931556, 0.9979057058494379]
[723.6038224547278, -2344.702587389464, -8845634.794929618, -440.7259691241439, 1428.3182783114105, 5389329.454141454, -8.158465468534392e-05, 0.00026443856152601306, 0.9975953227950126]
[731.282069679263, -2344.100526586166, -8844732.134153286, -445.40410325596696, 1427.9517225861532, 5388779.724565777, -8.245064324521581e-05, 0.0002643706634697979, 0.9974935691211598]
[730.1868793543007, -2343.437748343707, -8842666.613052841, -444.7367357262125, 1427.5478649351057, 5387521.529298258, -8.23271274332446e-05, 0.00026429592653956074, 0.997260636097959]
[726.7577958381526, -2342.934877880582, -8840634.622873297, -442.6473910990423, 1427.2415101020044, 5386283.719521164, -8.194038194375751e-05, 0.00026423922947432386, 0.9970314706915148]
[739.6412935212549, -2355.0433240755447, -8839269.674776858, -450.4968183309664, 1434.6188475035376, 5385452.307858674, -8.339340403563369e-05, 0.00026560482931817177, 0.9968775549554906]
[732.9750849341165, -2329.8002085253847, -8837741.305832911, -446.43533143832076, 1419.2392857343682, 5384521.383539117, -8.264159701088033e-05, 0.00026275788252497976, 0.9967052216458118]
[720.5562188029584, -2358.767094759369, -8833189.855273357, -438.8685026785388, 1436.8872376250433, 5381748.595331916, -8.124090655093008e-05, 0.00026602482937648905, 0.996191837991297]
[736.3700672345589, -2344.1785052381256, -8834646.845857924, -448.50350573257145, 1427.999503330065, 5382636.376090515, -8.302447072369738e-05, 0.00026437951272712136, 0.9963562383517888]
[735.5444853775108, -2349.091161092441, -8831865.99263979, -448.00043804891476, 1430.992592148424, 5380942.404602581, -8.293135276247583e-05, 0.0002649335786082085, 0.9960426228553557]
[736.0840217254098, -2338.93318441234, -8830704.094948854, -448.32912159233695, 1424.803762025055, 5380234.719757578, -8.299221644767453e-05, 0.00026378795703505334, 0.9959116195139628]
[737.205356094522, -2348.3964899130733, -8829203.69101783, -449.0121842866154, 1430.5694585709198, 5379320.743167189, -8.311867037154952e-05, 0.0002648552506993256, 0.9957424097246924]
[737.5379415204769, -2343.105834844521, -8827967.171761865, -449.2147357146804, 1427.3461400195877, 5378567.563705494, -8.315618282571225e-05, 0.0002642585716153684, 0.9956029774565269]
[738.5464199073803, -2334.4361534781565, -8826352.847434977, -449.829194755212, 1422.0641148668285, 5377584.305629547, -8.326993662667266e-05, 0.0002632807900893048, 0.9954209595449655]
[738.3936550103238, -2339.7972633661157, -8824713.111449486, -449.7360042756215, 1425.3304340915035, 5376585.443946605, -8.325269626270954e-05, 0.0002638854392129441, 0.9952360327949122]
[739.1184461050484, -2348.215032116127, -8823262.076485671, -450.17743758546106, 1430.4590123152843, 5375701.554158427, -8.333442509878594e-05, 0.0002648348126036597, 0.995072395335196]
[742.933491666155, -2336.8864714442716, -8822175.288171953, -452.5018632992323, 1423.5571186947643, 5375039.649906815, -8.376471256448216e-05, 0.00026355716658753986, 0.9949498720578532]
[746.131208890962, -2342.4081533107465, -8820599.646818347, -454.4501757986281, 1426.921469720156, 5374079.913586745, -8.412536285938036e-05, 0.00026417991776958843, 0.994772202054232]
[741.8177423842565, -2340.967013785108, -8819535.854528302, -451.8218764947151, 1426.043268452577, 5373431.893247588, -8.363886408714023e-05, 0.00026401738931314646, 0.9946522291018173]
[742.4688039318606, -2336.6991361456, -8818915.39773289, -452.2184718471683, 1423.4430688562593, 5373054.014057131, -8.37122950489786e-05, 0.00026353606034784633, 0.9945822821587619]
[746.0859722441276, -2328.667974257434, -8817086.331568073, -454.42240624217817, 1418.5500925573822, 5371939.936787958, -8.412026438164356e-05, 0.00026263030369446516, 0.9943760435708837]
[744.1780439623163, -2342.4115854988204, -8816145.265476424, -453.25973419032374, 1426.92345502736, 5371366.671206553, -8.390506371071459e-05, 0.00026418033321894396, 0.9942699096956553]
[744.2947442504758, -2333.2160202641985, -8815760.101202058, -453.33079533598885, 1421.321081087318, 5371132.123301835, -8.391823115349978e-05, 0.0002631432558624059, 0.9942264988250978]
[749.9172987264803, -2339.362338853619, -8815734.289298123, -456.7564037785685, 1425.0659451532763, 5371116.473302948, -8.455235674957503e-05, 0.0002638364507324749, 0.9942236133223207]
[746.3810394764322, -2338.5249719329177, -8814239.646515215, -454.6017972404336, 1424.5557061085385, 5370206.033006259, -8.415352315591473e-05, 0.00026374201650974775, 0.9940550625726026]
[746.7678095668865, -2335.043993112993, -8813517.237710921, -454.8374181343331, 1422.4349276248884, 5369766.035417946, -8.419714589867248e-05, 0.00026334943536839554, 0.9939736130333936]
[746.1209226474916, -2325.90828341228, -8813273.730111282, -454.44327861500454, 1416.8688483101773, 5369617.838763627, -8.412420244466147e-05, 0.0002623190844285021, 0.9939461986646745]
[757.5853304131941, -2339.5221815048653, -8810680.745246593, -461.4285562979712, 1425.1637792235372, 5368038.439182161, -8.541721648201103e-05, 0.00026385450641026143, 0.9936538157472723]
[747.1414701127517, -2341.7338438645115, -8811679.342082713, -455.06488801600847, 1426.5107829790877, 5368646.617702644, -8.423928554167268e-05, 0.0002641039473465225, 0.9937663918914388]
[745.0936733398748, -2329.0259520346995, -8811449.310864251, -453.8172506894506, 1418.7683095734394, 5368506.598282818, -8.400833821973031e-05, 0.00026267071970432517, 0.9937404862545154]
[750.7057883714216, -2339.9875593726747, -8811833.030433904, -457.23645246118036, 1425.4468780635236, 5368740.3750883145, -8.464127966652951e-05, 0.0002639069995986019, 0.9937837719849142]
[748.075928645854, -2333.684780279492, -8811277.217891285, -455.6341504819194, 1421.6068337517697, 5368401.864869551, -8.434468323247645e-05, 0.00026319616608898923, 0.9937211121419507]
[747.225036164319, -2333.392130594145, -8811556.573109627, -455.11566319557113, 1421.4284814947887, 5368572.070113532, -8.424871483381349e-05, 0.00026316316014126945, 0.9937526288832612]
[749.3410596845894, -2330.652004293864, -8813167.835540535, -456.4047978955618, 1419.759162494196, 5369553.639719202, -8.448735978047789e-05, 0.00026285412700160257, 0.9939343627717602]
[748.1259020308839, -2339.659884453205, -8811990.513924887, -455.6644377213147, 1425.2472621247487, 5368836.484388901, -8.435030900863573e-05, 0.00026387006084780805, 0.9938015939852185]
[750.1370277397234, -2342.1262323418696, -8812742.922733398, -456.8897170766292, 1426.7500422016412, 5369294.857524555, -8.457712457168626e-05, 0.0002641482263069655, 0.9938864618181167]
[747.6721117970968, -2338.7611935087502, -8812714.116988486, -455.3879349182443, 1424.699816554809, 5369277.3675521435, -8.429912806974102e-05, 0.00026376870858058424, 0.9938832330402829]
[750.5203337808806, -2329.835798577178, -8813811.797978366, -457.1232622581679, 1419.2619253081377, 5369946.087071698, -8.462035981413641e-05, 0.00026276208831753356, 0.9940070471679895]
[750.6013729411233, -2338.3992324226697, -8814879.4653505, -457.1725291091679, 1424.4793397035821, 5370596.474078419, -8.462949136153535e-05, 0.0002637278924049626, 0.9941274592693318]
[753.5913486695861, -2345.2591697641924, -8815432.679146932, -458.99423361029216, 1428.658844579648, 5370933.501249586, -8.496670136592444e-05, 0.00026450155956142697, 0.9941898607161265]
[751.9162137411686, -2342.2993500840885, -8816266.865950156, -457.97361288164865, 1426.8555318676713, 5371441.701432956, -8.477778043422269e-05, 0.0002641677515442154, 0.9942839552083242]
[753.5683049183106, -2342.7105670181145, -8817753.880983805, -458.9801638912009, 1427.1060816745046, 5372347.583280128, -8.496410850560013e-05, 0.0002642141239004627, 0.9944516762598338]
[750.0453129053558, -2340.24414599646, -8817895.771111183, -456.8337510473341, 1425.6032912044254, 5372434.040518041, -8.456678604989213e-05, 0.00026393596643164513, 0.9944676865264744]
[751.3606433389339, -2339.5490276291694, -8819351.386515228, -457.63516736792445, 1425.1799274234893, 5373320.764809645, -8.471513166288347e-05, 0.00026385757260725154, 0.9946318559198203]
[747.1702751788882, -2346.719059981837, -8819845.10186156, -455.08200321511725, 1429.548194389821, 5373621.458167275, -8.424251351390926e-05, 0.0002646662246695122, 0.9946875161047563]
[751.6561679625634, -2341.8074097606022, -8822285.975545222, -457.8152091664783, 1426.5558838120141, 5375108.429078882, -8.474846024262326e-05, 0.0002641122799795946, 0.9949628244268585]
[752.5776147606954, -2342.9111865047958, -8823957.141688753, -458.3765772865253, 1427.2284271777287, 5376126.436330382, -8.485237852438493e-05, 0.000264236772377486, 0.9951512956702071]
[750.8968613497887, -2339.867037634475, -8825286.449974792, -457.3525300230118, 1425.373589177054, 5376936.220226496, -8.466282247732939e-05, 0.00026389344834919676, 0.9953012206500327]
[750.6888694682276, -2340.1466411803804, -8827173.901807243, -457.2258441821402, 1425.5440823110198, 5378085.992248947, -8.46393655476373e-05, 0.0002639249835511702, 0.9955140884603981]
[750.3583821407117, -2341.7994460880905, -8828533.019799503, -457.02449756821187, 1426.551013454267, 5378913.916377133, -8.460208966746229e-05, 0.0002641113808068893, 0.9956673688614109]
[751.6120161781066, -2342.006162582556, -8830953.12815828, -457.7882912400317, 1426.6769691796255, 5380388.168627479, -8.474347978329293e-05, 0.00026413469432093133, 0.9959403112834283]
[748.9555775292713, -2339.3243893095355, -8832422.292547274, -456.16977877989024, 1425.0429200305646, 5381283.1095310915, -8.444387778213629e-05, 0.00026383223541126636, 0.9961059959145739]
[749.3865215035636, -2334.7174812708467, -8834612.510865832, -456.43242162106424, 1422.2362350494393, 5382617.316420724, -8.449248663455293e-05, 0.0002633126607790299, 0.9963530097953084]
[748.805966806246, -2336.0362898712365, -8836175.278553836, -456.0787342700788, 1423.039683842053, 5383569.284265062, -8.442701146702622e-05, 0.0002634613998564829, 0.9965292534721224]
[747.611268280664, -2330.885915376384, -8838066.592748687, -455.3508468227898, 1419.9016534012455, 5384721.407850698, -8.429227386872749e-05, 0.00026288052125527045, 0.9967425564454987]
[750.057537511664, -2341.435377804806, -8839851.617330559, -456.8413114043187, 1426.3290520348503, 5385808.735295839, -8.456816110261341e-05, 0.000264070301506671, 0.9969438553400325]
[749.9810401693326, -2341.826679368719, -8842013.587556012, -456.7947634516931, 1426.5675005084913, 5387125.718579611, -8.455953708087961e-05, 0.0002641144341444027, 0.997187677898912]
[748.0223275740227, -2339.190891055159, -8844689.695814237, -455.601295892427, 1424.9614571440388, 5388755.885266787, -8.433862916150869e-05, 0.00026381716034486235, 0.9974894810005286]
[750.787110959763, -2342.090198930244, -8846473.843582744, -457.2859477726843, 1426.728119723231, 5389842.6695144735, -8.465044591899315e-05, 0.0002641441556805128, 0.997690677860901]
[750.4074040146545, -2342.19049431827, -8848911.57392824, -457.0546014301114, 1426.78919659609, 5391327.61863142, -8.460761996566396e-05, 0.0002641554595669814, 0.9979655945705097]
[748.5856262739608, -2338.373336120511, -8851012.185560383, -455.94470646168156, 1424.4635006127198, 5392607.207359075, -8.440216075491015e-05, 0.0002637249514271274, 0.998202491189096]
[745.519351092246, -2335.53313070923, -8852320.375914756, -454.0765414023342, 1422.732883222702, 5393404.081472611, -8.405634205796412e-05, 0.00026340462273045955, 0.9983500187131648]
[747.4566926950674, -2336.85622562864, -8854429.04097908, -455.2570135993839, 1423.539042785071, 5394688.5935027115, -8.427484538406338e-05, 0.0002635538363754664, 0.9985878296451786]
[746.5820629114801, -2333.7537904666733, -8856237.165796949, -454.7241925616534, 1421.6488543249986, 5395789.99355364, -8.417620178003048e-05, 0.00026320393054930584, 0.9987917340464917]
[743.5890465421761, -2338.7476063440986, -8858786.954160416, -452.9006169050257, 1424.6913617679577, 5397343.168357695, -8.383863982796271e-05, 0.000263767142129803, 0.9990792761349344]
[747.4665439243938, -2339.2071967174825, -8860553.570044661, -455.26318673881815, 1424.971461377823, 5398419.280936834, -8.427595445743045e-05, 0.00026381897465551886, 0.9992784985719181]
[746.2441916783142, -2339.619711351749, -8862487.647991883, -454.51842512161613, 1425.2225788285582, 5399597.424555223, -8.413809479325495e-05, 0.0002638654785946901, 0.9994966139878575]
[748.7270770199469, -2328.7631721832126, -8866003.673462512, -456.0313054434391, 1418.6082917103831, 5401739.304058071, -8.441814497902505e-05, 0.000262641056306577, 0.9998931654423474]
[747.6754732773231, -2320.7607297870486, -8867298.84438024, -455.3907531472623, 1413.7327638700722, 5402528.245911104, -8.42995534724875e-05, 0.00026173853025660416, 1.000039224190951]
[744.636339860064, -2323.888034276009, -8868923.485457579, -453.539052209562, 1415.6379004040853, 5403517.83771226, -8.3956782391834e-05, 0.0002620912193521383, 1.0002224226641563]
[744.5686237389391, -2332.803941767481, -8870412.611459164, -453.497833346182, 1421.070020954311, 5404424.88158857, -8.394914124640764e-05, 0.0002630967691412558, 1.0003903388171471]
[747.9253024246772, -2333.6009004473026, -8871351.687067095, -455.5431451482885, 1421.5556711052782, 5404996.905938566, -8.432772527676636e-05, 0.00026318664398267567, 1.0004962382515614]
[740.0517675303619, -2336.6919790232273, -8873016.837421594, -450.745746541854, 1423.438525914802, 5406011.050788937, -8.343969000808849e-05, 0.0002635352542309436, 1.0006839624301866]
[746.3623517783685, -2333.044526785224, -8872493.191185446, -454.59112069460826, 1421.2166728005259, 5405692.150739128, -8.415145343277509e-05, 0.0002631238835604267, 1.0006249357099906]
[739.8602723979604, -2338.9961542050764, -8874481.622551758, -450.6293746303903, 1424.8423514847464, 5406903.284975653, -8.341810884917279e-05, 0.0002637951041905395, 1.0008491396322974]
[739.7574823069995, -2336.313605597589, -8876194.168855337, -450.5668270968995, 1423.2080451427796, 5407946.444527803, -8.340651437939586e-05, 0.0002634925567749282, 1.001042258641468]
[739.6170673614149, -2337.53295931007, -8878010.115989866, -450.48132772759817, 1423.950941883619, 5409052.580585472, -8.339067718779985e-05, 0.0002636300794040374, 1.0012470351598295]
[737.6780423434565, -2334.8417149024062, -8880074.743858932, -449.30000556796455, 1422.3112371876243, 5410310.242563838, -8.317199568090531e-05, 0.000263326546184384, 1.0014798712027873]
[738.2170179364739, -2343.7982104993857, -8881404.144516269, -449.62840831362064, 1427.7680732766173, 5411119.967437219, -8.323276982232445e-05, 0.00026433666928516136, 1.001629766611744]
[737.594003154718, -2329.26929484998, -8883420.79800614, -449.24898956469065, 1418.9161559663648, 5412348.441441232, -8.316252016128671e-05, 0.0002626980643764222, 1.0018572047041623]
[732.6230381764913, -2330.8257630587013, -8884414.292612405, -446.2203511430449, 1419.8641969362338, 5412953.564527708, -8.260187789520002e-05, 0.0002628735978245223, 1.001969223685333]
[734.148511744075, -2344.135794336336, -8885793.04508216, -447.1498277493744, 1427.9734599603994, 5413793.370746815, -8.277391672220402e-05, 0.0002643747188366224, 1.0021246912211357]
[734.515135712555, -2340.5162671716075, -8887668.896023924, -447.3733047642603, 1425.7681931856591, 5414936.059977868, -8.281527457131504e-05, 0.00026396649489805524, 1.0023362451552051]
[734.4443190178531, -2342.7186000974634, -8889705.097913826, -447.3302293129271, 1427.1100137916203, 5416176.385490479, -8.280728340071945e-05, 0.00026421486795373203, 1.0025658682542178]
[733.0844113910116, -2340.489778187725, -8891101.557246229, -446.50180267936946, 1425.7520506759508, 5417027.040918532, -8.265391639728505e-05, 0.00026396349425989135, 1.0027233545560466]
[735.1328823963617, -2337.9230915743806, -8893513.916510032, -447.7499198658866, 1424.1882031663524, 5418496.553864381, -8.288495095057756e-05, 0.0002636739989176591, 1.0029954165044381]
[731.4408174795145, -2341.0969231604413, -8894382.592779238, -445.50054272431333, 1426.1218152835188, 5419025.655623392, -8.246854737231387e-05, 0.0002640319480403143, 1.0030933631927494]
[735.6056140482422, -2356.8056777650454, -8896158.199925978, -448.0381178647323, 1435.6927135363858, 5420107.255824094, -8.293826276253273e-05, 0.0002658036165377946, 1.0032936032927404]
[730.916818751561, -2341.69749484504, -8896637.980830815, -445.18154944690195, 1426.4876877948052, 5420399.529739707, -8.240945913166577e-05, 0.00026409967037032577, 1.0033477158589967]
[729.7390900513893, -2336.459761370713, -8899934.300718686, -444.4640231551928, 1423.2965618993962, 5422407.540214808, -8.227663957872652e-05, 0.00026350893416879774, 1.0037194777747396]
[728.1044272899678, -2338.7226777965843, -8900780.027352305, -443.4681474236809, 1424.675158486649, 5422922.654304205, -8.209227319534728e-05, 0.0002637641450951105, 1.0038148335809502]
[733.0327321934795, -2351.527713194388, -8902715.150309045, -446.47091283775245, 1432.4769241995784, 5424101.401920074, -8.264809762634256e-05, 0.0002652083248593174, 1.0040330555509374]
[728.7185180429972, -2322.373394263175, -8904878.752847465, -443.84256171214867, 1414.7141932465818, 5425419.4823181685, -8.216155601976055e-05, 0.0002619202168918292, 1.0042770978462354]
[731.3025316263048, -2352.263441336738, -8906224.826933544, -445.4168948031238, 1432.9251588458596, 5426239.2779129725, -8.245295996338187e-05, 0.00026529128377391915, 1.0044288438058686]
[727.393307879924, -2334.123908523263, -8907334.820906825, -443.03526826843284, 1421.8731929447267, 5426915.482949062, -8.201208825334144e-05, 0.00026324545530610467, 1.004554041347835]
[730.9685638020438, -2354.151737616258, -8909378.232924277, -445.213559214774, 1434.07546146465, 5428160.109282917, -8.241529213070022e-05, 0.00026550423364781427, 1.004784445926119]
[726.8476482575068, -2350.4834980596584, -8911237.83071595, -442.70284452583036, 1431.840447642421, 5429292.867067621, -8.195052742796839e-05, 0.0002650905139787838, 1.004994156216485]
[729.1344384602406, -2356.33021355246, -8913251.814297257, -444.09616289365897, 1435.4025837404101, 5430519.650684184, -8.220843509341766e-05, 0.00026574990772264647, 1.0052212710078126]
[727.2690245033423, -2353.531409035553, -8914112.110087277, -442.9597845668333, 1433.6974078359592, 5431043.682469273, -8.199805734578721e-05, 0.0002654342497025633, 1.0053182847264508]
[722.1197632818543, -2372.5582827189696, -8915753.028818851, -439.8223306477948, 1445.2895486250804, 5432043.097517219, -8.141728086785451e-05, 0.00026758011623290076, 1.0055032869010583]
[727.3986026089576, -2358.699623227575, -8917414.693967087, -443.038798737234, 1436.8460358554569, 5433055.366597239, -8.201266471363448e-05, 0.000266017106849601, 1.0056907037910403]
[726.8648842276547, -2353.73435396386, -8919930.578169145, -442.7136408091944, 1433.8209067316802, 5434587.885876774, -8.195247218916997e-05, 0.00026545711732718126, 1.005974421369079]
[728.3761755906042, -2340.803406943098, -8921082.61998534, -443.6346601090537, 1425.94271942988, 5435289.686490286, -8.212293907478282e-05, 0.0002639987335082197, 1.0061043546546031]
[717.2021510480272, -2335.4554397981146, -8922151.221285436, -436.8264960768951, 1422.6838907195481, 5435940.496046057, -8.086268761832944e-05, 0.00026339557080678344, 1.0062248213176614]
[724.1729682950111, -2357.7597753571144, -8923294.587001786, -441.0737348347791, 1436.273304501969, 5436636.952249977, -8.164887367821096e-05, 0.00026591108912020646, 1.006353755567189]
[721.2898326998933, -2350.103816575811, -8924095.878232447, -439.3172537319457, 1431.6087694253506, 5437125.031162422, -8.132371523664435e-05, 0.0002650476319902207, 1.0064441115003497]
[720.2735915103399, -2356.962303416148, -8925592.406544125, -438.6980624322558, 1435.7873975308291, 5438036.546882727, -8.120908827974066e-05, 0.0002658211427821725, 1.0066128495199222]
[719.4633449078872, -2352.540555291846, -8926315.59036225, -438.20447325075077, 1433.0932566235435, 5438477.050400044, -8.111771366842936e-05, 0.0002653224461099374, 1.0066943981947611]
[719.9379548772297, -2356.632762337329, -8927554.931120578, -438.49364331516466, 1435.5864239110315, 5439231.950559795, -8.117123778967205e-05, 0.0002657839613953967, 1.0068341493442254]
[719.9023782589627, -2356.4349329601523, -8928580.81659849, -438.4720358269958, 1435.465907104138, 5439856.836755432, -8.116722839156475e-05, 0.00026576164673641507, 1.0069498323737507]
[718.2678539592812, -2344.9739903256695, -8929461.333713686, -437.4762580798904, 1428.483206600973, 5440393.197721119, -8.098289225466081e-05, 0.00026446905435842697, 1.007049130490143]
[721.4871523529025, -2357.972831009795, -8930078.3224163, -439.4377161252826, 1436.4029714733058, 5440768.958643024, -8.134596344551842e-05, 0.0002659350880142439, 1.007118684349439]
[714.2765091574198, -2345.7792600982257, -8930043.057215624, -435.04453859986256, 1428.9735722187309, 5440747.490550759, -8.05327425149511e-05, 0.0002645598483830204, 1.0071147120741795]
[716.3330347129873, -2359.6406498057027, -8930708.626316238, -436.29753480946647, 1437.4188706162402, 5441152.8152664, -8.076466802978424e-05, 0.00026612316184235186, 1.0071897345387502]
[720.467169212827, -2323.2771083081384, -8930900.006523341, -438.81668559063087, 1415.2640275581887, 5441269.5161725385, -8.12309674461755e-05, 0.0002620220098990883, 1.0072113596128753]
[715.6567836946527, -2358.4425012535075, -8930456.099059692, -435.88566193504244, 1436.6888193546347, 5440998.89979921, -8.068840014086064e-05, 0.0002659880232644104, 1.0071612251164426]
[715.7250710768826, -2351.432065209209, -8930247.825713694, -435.9274176660124, 1432.4176543449219, 5440872.037619235, -8.06961157773433e-05, 0.00026519736641375904, 1.007137739726713]
[714.9644603433611, -2356.3196784666206, -8929881.01954296, -435.464041852052, 1435.3955115808446, 5440648.520919028, -8.061032546582599e-05, 0.0002657485956555451, 1.0070963465954033]
[715.9464142292638, -2352.8365214237488, -8929632.181150995, -436.06239890546277, 1433.2732756573396, 5440496.922509981, -8.072107723328325e-05, 0.0002653557522925732, 1.0070682774587534]
[712.902989631772, -2356.2748631938994, -8929164.814512981, -434.20815825631644, 1435.3681202695, 5440212.152622476, -8.037782841917281e-05, 0.0002657435374983574, 1.0070155447503946]
[714.1390331102448, -2361.0291807268522, -8928034.258306906, -434.9613323023942, 1438.264689715625, 5439523.434339252, -8.051723233828299e-05, 0.0002662797244958435, 1.0068880325494836]
[713.9255565017124, -2349.8290067760267, -8927363.808751306, -434.831424942344, 1431.4409260735686, 5439115.050060514, -8.049317073781861e-05, 0.0002650165478644012, 1.0068124296436325]
[711.9637598381263, -2353.3763637890343, -8926801.537888534, -433.63616011427763, 1433.6020845315343, 5438772.488612663, -8.027190637964653e-05, 0.0002654166089271405, 1.006749000833791]
[708.8764365840743, -2355.925419845999, -8925512.152336543, -431.7551547997247, 1435.155038963984, 5437987.000704816, -7.992370647944092e-05, 0.0002657040921415447, 1.0066035701769735]
[710.858895344311, -2344.457968430629, -8924930.714489784, -432.9631553977761, 1428.1683643502702, 5437632.867460535, -8.014730982561704e-05, 0.00026441076236825216, 1.0065380158056396]
[709.1331269034283, -2352.2126474441498, -8922071.49607301, -431.9118101645337, 1432.8929375328103, 5435891.0677591525, -7.995266340776292e-05, 0.000265285338378429, 1.0062155307555098]
[710.4225874748437, -2355.8664750594203, -8920747.751076844, -432.6975144434921, 1435.1190727737571, 5435084.688668292, -8.009809288110998e-05, 0.00026569741402749937, 1.0060662386992996]
[708.7717037792729, -2359.3122103213636, -8919073.606180351, -431.69170217697297, 1437.2183134470622, 5434064.842423782, -7.99119003399734e-05, 0.0002660860255085531, 1.005877423034723]
[706.3668159041343, -2359.450671842278, -8917263.970102593, -430.226527644247, 1437.3026183036927, 5432962.457121108, -7.964066976702643e-05, 0.0002661016373275053, 1.00567332577155]
[709.3983071336942, -2357.0264148095484, -8915213.779352656, -432.07370746617266, 1435.8257077530507, 5431713.604867526, -7.998257810905766e-05, 0.0002658282130791374, 1.005442123198276]
[704.0510185085511, -2356.925723384855, -8913236.209985157, -428.81572165138084, 1435.7641390980632, 5430508.905449217, -7.937949071049825e-05, 0.00026581685486352653, 1.0052190811910673]
[705.259795245232, -2358.5899228613976, -8910577.9936564, -429.55232524550314, 1436.7780605127373, 5428889.638385889, -7.951582462613071e-05, 0.00026600453723990157, 1.004919296111474]
[701.2077790206993, -2363.1370922073143, -8907295.85169805, -427.0835841816883, 1439.5482929091536, 5426890.256253465, -7.905882248537259e-05, 0.00026651736777791844, 1.0045491302856007]
[703.5625327630913, -2358.558136503252, -8905651.181294333, -428.51840982863814, 1436.7585963332574, 5425888.455140427, -7.932441090522001e-05, 0.0002660009324922969, 1.0043636700775203]
[703.2183838899219, -2360.0729573350377, -8903027.732290525, -428.30879611176965, 1437.6815043151753, 5424290.34219288, -7.928559116449385e-05, 0.00026617176861169767, 1.0040677974156347]
[702.1673985134316, -2364.5589625721955, -8900331.516093401, -427.6685031318772, 1440.4145994879784, 5422647.911012102, -7.916705674955193e-05, 0.00026667770531265094, 1.0037637211834238]
[706.0748043611286, -2354.023611036699, -8898271.572176484, -430.0493306252372, 1433.995908566012, 5421393.164905821, -7.960775868433053e-05, 0.0002654894945401856, 1.003531435099892]
[701.3436543310139, -2350.808340814595, -8894847.941496432, -427.1668446428797, 1432.0367746665304, 5419307.650984425, -7.907417311051518e-05, 0.00026512686530947617, 1.0031453323469641]
[698.0681449114098, -2365.240434823706, -8890897.364518898, -425.1712152975264, 1440.8296141268152, 5416901.049819925, -7.870473598550065e-05, 0.0002667545380991001, 1.0026997693317756]
[698.8016100653947, -2361.246350526959, -8889438.474577002, -425.6181291258189, 1438.3962522074637, 5416012.405140091, -7.878746267714101e-05, 0.0002663040711436863, 1.0025352564222114]
[698.5398828982178, -2363.3440166586856, -8886229.579210214, -425.4587341330916, 1439.674256350176, 5414057.691657684, -7.875794456149145e-05, 0.0002665406452751665, 1.0021733684835001]
[700.4919255008491, -2364.8012655568036, -8882893.26970608, -426.6481363985936, 1440.5620440635191, 5412025.383400837, -7.897810246015249e-05, 0.00026670498831110075, 1.001797118210981]
[700.4490582135518, -2359.2954111223967, -8879858.911448838, -426.62213366633847, 1437.2075495847712, 5410177.01742901, -7.897327456556949e-05, 0.0002660840231755646, 1.0014549234649255]
[697.506263318808, -2357.8672588044424, -8876139.042833038, -424.82920685905145, 1436.3372050431667, 5407911.055268263, -7.864137799507266e-05, 0.0002659229391405562, 1.0010354142837823]
[697.7234310590206, -2355.655445386402, -8873726.804167563, -424.9615643999944, 1434.9897191183752, 5406441.68383855, -7.86658766145805e-05, 0.0002656734822398109, 1.0007633895399395]
[694.239458633432, -2351.9243535424534, -8869780.042771703, -422.8389687485693, 1432.7164148746215, 5404037.474075745, -7.827294327058397e-05, 0.00026525268593016364, 1.0003182801137347]
[694.4895517937437, -2360.4217433887798, -8866204.320053106, -422.99138297557295, 1437.8934783934096, 5401859.317310391, -7.830114590823948e-05, 0.0002662110253957002, 0.9999150265945993]
[695.4528561266358, -2368.629768387513, -8863060.845741302, -423.5783009813515, 1442.8942127766766, 5399944.468008286, -7.840978260809014e-05, 0.0002671367275139273, 0.9995605209971291]
[696.913476251357, -2354.858164083954, -8861122.891023455, -424.46831432302054, 1434.5038959977387, 5398764.059128209, -7.857453277560088e-05, 0.0002655835471256785, 0.9993420017707351]
[695.3901827755832, -2371.453931730862, -8857068.562979259, -423.5401991003862, 1444.6149617197964, 5396294.282071008, -7.84027105685196e-05, 0.0002674552389041577, 0.998884746590146]
[699.2154979281047, -2379.2401534411188, -8853125.803436927, -425.8710205380687, 1449.3589403762585, 5393892.603274962, -7.883415051505247e-05, 0.0002683333856091899, 0.9984401208115251]
[695.4945959459077, -2356.9133583747684, -8851061.709855435, -423.6040080634034, 1435.7559855046838, 5392635.317886903, -7.84145037322154e-05, 0.0002658153161502095, 0.9982073627566422]
[693.1942261942351, -2368.492897974716, -8846825.225673012, -422.2024643728162, 1442.8107668277246, 5390054.627328102, -7.815505466821234e-05, 0.0002671212704182276, 0.9977295812104263]
[693.3264278289449, -2370.632230203125, -8844523.136263933, -422.2830094412985, 1444.1142528809025, 5388652.339550219, -7.816996293356352e-05, 0.00026736254440848947, 0.9974699737601951]
[692.1458203767646, -2371.6563667436153, -8841089.880513646, -421.5637623499435, 1444.7382016355832, 5386560.970828912, -7.803680729788186e-05, 0.00026747804691995276, 0.997082788423999]
[688.094179001126, -2369.2393333966565, -8837739.411866223, -419.09522270579004, 1443.2653707039442, 5384520.075511464, -7.757985819168049e-05, 0.0002672054371245393, 0.9967049545295459]
[688.345672463918, -2373.2260133364416, -8834465.217504464, -419.2484643377518, 1445.6942939322926, 5382525.595265733, -7.760821473062557e-05, 0.00026765506076258, 0.9963357060145771]
[690.7310099571479, -2367.340087505513, -8832306.965576284, -420.70191612725864, 1442.1084369050077, 5381210.966993106, -7.787724973563429e-05, 0.0002669912425401989, 0.9960923340058785]
[690.6067072204697, -2365.8329778032735, -8829506.559494313, -420.62615947421654, 1441.190055543429, 5379505.134050413, -7.786322893441367e-05, 0.00026682125642448417, 0.9957765304927841]
[685.832328994839, -2365.931281251115, -8826115.036676522, -417.71732093122995, 1441.2498506488396, 5377439.198827765, -7.732476414027332e-05, 0.00026683234136130657, 0.9953940557044312]
[691.9603506558348, -2370.226212857235, -8824406.427615497, -421.4509924942243, 1443.866793253666, 5376398.442634612, -7.80158984845394e-05, 0.0002673167374681457, 0.9952013824472645]
[690.4192803944186, -2364.407520016351, -8822042.915650884, -420.5121041394988, 1440.3217182304277, 5374958.754784787, -7.784209582903909e-05, 0.0002666604942161158, 0.9949348534442573]
[686.717911245128, -2369.8663320861833, -8818661.866807064, -418.25692053941765, 1443.647320932168, 5372899.181345547, -7.742463692989558e-05, 0.00026727613635972396, 0.9945535534619582]
[687.0268752948643, -2372.8796413380073, -8815866.676609304, -418.4452319386215, 1445.4832478755486, 5371196.513899945, -7.745948560724217e-05, 0.0002676159889720023, 0.9942383340910904]
[688.3950616561237, -2366.892573105835, -8814669.865099035, -419.2788122675959, 1441.8356245772554, 5370467.545345144, -7.761379644921355e-05, 0.0002669407538335226, 0.994103387813484]
[687.6191626663132, -2365.4707199046934, -8812275.739145752, -418.80612426289196, 1440.9693358657955, 5369009.200915904, -7.752629170294129e-05, 0.00026678039015227604, 0.9938334035232389]
[689.8180569305866, -2368.5200985175834, -8810043.685091672, -420.14585795366844, 1442.8272605486652, 5367649.56524077, -7.777428631207049e-05, 0.00026712430889838917, 0.9935816908560999]
[689.4647524971649, -2370.7739978934887, -8808353.41155408, -419.93058381342075, 1444.2004621995882, 5366619.953290507, -7.773443644458204e-05, 0.0002673785065518968, 0.993391076769284]
[682.4129032491701, -2368.8303432823864, -8805532.388624901, -415.63397992918425, 1443.015958088835, 5364901.474372878, -7.693909493966982e-05, 0.0002671592889823497, 0.9930729179410832]
[692.3454857397433, -2372.6365813891684, -8803776.315325778, -421.68577987541136, 1445.3351802412167, 5363831.873574036, -7.80593320596123e-05, 0.00026758855927764847, 0.9928749155772543]
[688.7301847008841, -2375.9306465959307, -8802312.052729582, -419.4830072978682, 1447.3421271339348, 5362939.911368253, -7.765158363053349e-05, 0.00026796007763801134, 0.9927097812377579]
[689.6884280539211, -2367.4675890284593, -8800586.085300563, -420.06688829502787, 1442.1859630017063, 5361888.59746449, -7.775966287238484e-05, 0.0002670056015099883, 0.9925151559905933]
[687.4906376544499, -2369.186042200158, -8798981.020538282, -418.72781005330086, 1443.2329071976694, 5360910.884023892, -7.751178897734474e-05, 0.00026719941027136346, 0.9923341490876618]
[686.3869049012869, -2368.579722765235, -8797089.86205637, -418.0553111779422, 1442.863413518082, 5359758.905586815, -7.738730876589254e-05, 0.0002671310284000589, 0.9921208811197274]
[682.1470013051072, -2359.549987127294, -8796309.485996388, -415.47192146145784, 1437.3617381769388, 5359283.536383844, -7.690911312822951e-05, 0.0002661126371866934, 0.9920328732210756]
[688.9302579927781, -2370.235804556703, -8795133.745292211, -419.60487735295305, 1443.872503586815, 5358567.419868312, -7.767415583621306e-05, 0.00026731780682522847, 0.9919003090133814]
[688.024930748051, -2367.422711177122, -8793601.679577602, -419.0532874677677, 1442.1586385527876, 5357634.17230084, -7.75720507086064e-05, 0.0002670005496016925, 0.9917275340499476]
[687.3179575677017, -2370.579712981685, -8792018.80842762, -418.62253124235326, 1444.082012261109, 5356669.970762202, -7.749231345883846e-05, 0.00026735659947121107, 0.991549027484126]
[689.3211317067262, -2362.911775737383, -8791451.726475822, -419.84304599866255, 1439.4103000235589, 5356324.610792852, -7.771824803566706e-05, 0.0002664917992199433, 0.9914851019410772]
[689.0210165346518, -2374.400104488167, -8790387.793321023, -419.6600423289319, 1446.4095819219733, 5355676.473157673, -7.768438213424047e-05, 0.0002677874775196004, 0.9913651021811061]
[687.3287162926914, -2377.438527925397, -8789251.869436622, -418.6289360346434, 1448.2607419768387, 5354984.549497108, -7.749351764346478e-05, 0.0002681301464770782, 0.9912370069583076]
[689.7651996125468, -2371.9199492421376, -8789024.154656049, -420.11343673613305, 1444.8986413448215, 5354845.875642264, -7.776831588566351e-05, 0.00026750776560451614, 0.9912113398413952]
[689.205936148659, -2366.491848876016, -8788575.803595638, -419.77267935285596, 1441.5915408366523, 5354572.792918324, -7.770524270442076e-05, 0.0002668955827800697, 0.9911607876234866]
[691.3375519938402, -2367.5061671458006, -8788614.668490328, -421.0713852019721, 1442.2096324033052, 5354596.516804835, -7.794565230893511e-05, 0.00026700997421329236, 0.9911651877191402]
[692.898869364339, -2371.3665707134974, -8787764.322140489, -422.0226099773054, 1444.5616095087225, 5354078.522700699, -7.812173833685989e-05, 0.00026744536545978456, 0.9910692880628356]
[690.3025006595487, -2367.7377549134662, -8787669.626180613, -420.44065974184065, 1442.3506934598724, 5354020.872663767, -7.782891587594018e-05, 0.0002670361052023152, 0.991058620532755]
[687.958163148763, -2370.531860974252, -8787076.886228366, -419.0122418488547, 1444.0528666808054, 5353659.818221682, -7.75645129133506e-05, 0.0002673512234888432, 0.9909917789009892]
[689.2421266014529, -2364.9405519751426, -8788301.047081495, -419.7944079642068, 1440.6463707111632, 5354405.549267901, -7.770932076862988e-05, 0.00026672064093434484, 0.9911298450973008]
[692.7935783082601, -2368.882787815363, -8787787.609275592, -421.9582484163637, 1443.0483876816772, 5354092.806071289, -7.810986300989085e-05, 0.0002671652600809291, 0.9910719482617155]
[691.8377124889157, -2365.0418402800506, -8787872.09866035, -421.3758435035062, 1440.7082235056444, 5354144.319913313, -7.800206394156195e-05, 0.0002667320691509074, 0.9910814928896724]
[693.5718202920502, -2369.7141616092367, -8788260.336434636, -422.4323221560256, 1443.5550010736551, 5354380.798918883, -7.819763295491236e-05, 0.00026725903256224836, 0.9911252707954894]
[689.6869484233735, -2360.5501606021326, -8787958.077244613, -420.0654297182473, 1437.971701670389, 5354196.717452284, -7.775950143566205e-05, 0.0002662255092731253, 0.9910911973287715]
[693.6116451599944, -2364.963804647668, -8788811.796258386, -422.4565251232683, 1440.6608279635382, 5354716.765569577, -7.820212889861442e-05, 0.00026672329137569496, 0.9911874771824641]
[693.8541264577964, -2360.875420237561, -8789809.87269022, -422.6042039437628, 1438.1699897132419, 5355324.775774608, -7.822947982521732e-05, 0.0002662622042781522, 0.9913000462101058]
[697.8116717918551, -2353.2202160755623, -8790638.988128606, -425.0154621437052, 1433.5060739058276, 5355829.903271803, -7.867583261794421e-05, 0.00026539883662518213, 0.9913935745150902]
[695.2509053773075, -2362.8007612629513, -8790942.65917856, -423.45510777364956, 1439.3430345109855, 5356014.829141767, -7.838700707880086e-05, 0.00026647935126696036, 0.9914278017825622]
[697.8525940551177, -2360.178388584454, -8792180.33666576, -425.04021972282004, 1437.7454974521747, 5356768.785026648, -7.868043256706364e-05, 0.00026618360383242755, 0.9915673892568003]
[697.8940836145155, -2358.870572767079, -8792527.64093614, -425.06546008714383, 1436.9486802282565, 5356980.348204227, -7.868511074100297e-05, 0.0002660361086453359, 0.9916065574179467]
[697.5367877661137, -2364.8209308980727, -8794504.365137836, -424.8475610027342, 1440.5739698603209, 5358184.457704739, -7.864480192282803e-05, 0.00026670720789974525, 0.9918294780687962]
[697.822746280039, -2367.458240225682, -8795479.854999634, -425.0217206171104, 1442.180803844169, 5358778.686742869, -7.867705282455706e-05, 0.000267004656871119, 0.9919394920747213]
[701.0547538922664, -2362.338506510067, -8796933.07355396, -426.9909049411558, 1439.0616947425337, 5359663.967230507, -7.904157757179004e-05, 0.0002664272522807271, 0.9921033967953737]
[699.1985551029671, -2366.2746320811434, -8797505.875819087, -425.85988637399294, 1441.4597686039817, 5360012.861767684, -7.88322252673181e-05, 0.00026687118319491606, 0.9921679848018308]
[700.988836578721, -2368.6753515941996, -8799341.63939588, -426.9505263903686, 1442.9224941280906, 5361131.1195998145, -7.903413046428346e-05, 0.00026714194577072604, 0.9923750136634693]
[700.3915043745636, -2368.4364801607994, -8800251.848276459, -426.58653100946054, 1442.7769302547638, 5361685.5769078275, -7.896676464601804e-05, 0.0002671150154855435, 0.9924776635959679]
[703.206397976655, -2365.53044319959, -8801904.708443604, -428.301528451153, 1441.0064956382435, 5362692.448119067, -7.928423821636339e-05, 0.0002667872705926531, 0.9926640756034503]
[704.2954016509667, -2366.3290776118665, -8803782.423800917, -428.96489706447227, 1441.493072716511, 5363836.254655005, -7.940705500568971e-05, 0.00026687735318301034, 0.9928758334134689]
[704.6240270448719, -2364.457238912355, -8805234.414669326, -429.16510089595454, 1440.352692835784, 5364720.752490229, -7.94441217146841e-05, 0.00026666624931382993, 0.9930395876091652]
[707.0353679294819, -2365.8031401404646, -8807949.934001707, -430.63413742790556, 1441.17286094005, 5366374.911150409, -7.971607175055563e-05, 0.0002668180534201934, 0.9933458299890607]
[705.541031296528, -2370.8543462036864, -8809281.440338045, -429.7235573938458, 1444.250312192234, 5367185.942091814, -7.954752784911412e-05, 0.0002673877536570763, 0.9934959709796877]
[705.925395116125, -2363.4782656275893, -8810813.50727241, -429.95771807298905, 1439.7563380487532, 5368119.229256042, -7.959088345147952e-05, 0.00026655587097943145, 0.9936687595569133]
[708.156972053944, -2371.424968510665, -8812865.594261331, -431.31727615224816, 1444.5981370436882, 5369369.232038371, -7.984255959891953e-05, 0.00026745212878502306, 0.993900174394878]
[710.4816394708635, -2365.0782285944897, -8814540.647438023, -432.73363263863774, 1440.7313722902302, 5370389.619645294, -8.010474681070429e-05, 0.0002667363297308668, 0.9940890883574717]
[706.6172753458155, -2368.23419562654, -8816164.32307009, -430.3790069972607, 1442.653980209863, 5371378.6644400265, -7.966891260636949e-05, 0.0002670922726192565, 0.9942721922061577]
[709.0595450082085, -2358.2116424100564, -8819408.40291702, -431.86693411734905, 1436.5477440321965, 5373354.850789955, -7.994436416891718e-05, 0.0002659619169748133, 0.9946380620278508]
[710.7638783635582, -2357.703242182605, -8821424.784438211, -432.9053086984623, 1436.2381470971075, 5374583.113911075, -8.013658212371478e-05, 0.000265904591358705, 0.9948654537670627]
[710.9978506337493, -2360.680118939105, -8823321.20046281, -433.0477748467619, 1438.0518738377332, 5375738.300154563, -8.016296684416004e-05, 0.0002662403374803156, 0.9950793164484034]
[711.8231144914698, -2353.826541097328, -8825555.184329234, -433.5505519513915, 1433.8763218336885, 5377099.160371188, -8.025604831698894e-05, 0.00026546737955926425, 0.9953312637440253]
[712.8845053870099, -2359.391845788052, -8827872.08244091, -434.197113346532, 1437.2671407831228, 5378510.458336696, -8.037574550190849e-05, 0.0002660950589012075, 0.9955925375903592]
[714.2780346873436, -2355.238210614206, -8830290.033097656, -435.04606172246093, 1434.7364752750705, 5379983.348889281, -8.053291219871532e-05, 0.0002656266226874212, 0.9958652202603732]
[714.4096482354978, -2355.4518644384248, -8832290.689879157, -435.1261712108989, 1434.8667317165427, 5381202.0466950955, -8.054775596451814e-05, 0.0002656507228337774, 0.9960908432951477]
[710.9394969288905, -2357.612730686268, -8834160.153454369, -433.0117150709378, 1436.1830929204466, 5382340.753436839, -8.015636345282152e-05, 0.00026589442403450583, 0.9963016451150549]
[714.5141765486254, -2344.6930736785353, -8836518.514044937, -435.189809390783, 1428.3118978702519, 5383777.484381435, -8.055955830862742e-05, 0.00026443732684680463, 0.9965676559702925]
[717.6131781120133, -2356.9714052578065, -8838931.473617224, -437.07777257248006, 1435.7926814273874, 5385247.273863595, -8.090905524885088e-05, 0.00026582210877083634, 0.9968397547000623]
[719.1990404030165, -2358.050063719861, -8841386.323366033, -438.04388884498576, 1436.4498913988682, 5386742.669089601, -8.108791315839065e-05, 0.00026594375914306534, 0.9971166082306323]
[715.1909628322557, -2363.4803848245547, -8842416.716686837, -435.60180508945024, 1439.758373895402, 5387370.247490571, -8.063586461274521e-05, 0.00026655622341145377, 0.9972327809896393]
[717.2337919794795, -2358.9968799479966, -8844479.848704895, -436.8463932873815, 1437.0267102165767, 5388627.022706458, -8.086626407860026e-05, 0.0002660505701079071, 0.9974654568134027]
[718.8714138047543, -2363.0715734311616, -8846454.593838168, -437.84405012483484, 1439.5092871689455, 5389829.913301202, -8.105095208245283e-05, 0.0002665101228827107, 0.9976881496425061]
[723.9286087014893, -2356.626734515377, -8848332.475353936, -440.92540048976645, 1435.5830112342117, 5390973.906775666, -8.162134032954735e-05, 0.0002657832786643127, 0.9978999559236718]
[719.4085538492201, -2358.4581935287324, -8850044.355522757, -438.17123016994395, 1436.6986505705029, 5392016.592972514, -8.11115327811294e-05, 0.0002659898312652833, 0.9980929763700157]
[721.5221016277892, -2361.1275165789098, -8852426.207175607, -439.4588339702527, 1438.3250374715526, 5393467.480430601, -8.134989926284633e-05, 0.00026629089418764784, 0.9983615833363301]
[719.5214498698627, -2355.585439133202, -8853700.89865053, -438.2398655846438, 1434.948434530308, 5394243.947616343, -8.112426489507544e-05, 0.0002656658542432286, 0.9985053326519219]
[722.2713953632206, -2359.8991434340155, -8855596.030399013, -439.9152177712358, 1437.576613995651, 5395398.3579921285, -8.14344074945456e-05, 0.00026615236942777523, 0.9987190527360182]
[721.4464287344583, -2364.4545482279914, -8856732.51994599, -439.4125385241881, 1440.3520955052725, 5396090.615930641, -8.134136211462104e-05, 0.00026666614104321317, 0.9988472081804305]
[724.2569839593147, -2343.629986064518, -8859343.914074289, -441.1249931404253, 1427.6646618525963, 5397681.451497214, -8.165836664006359e-05, 0.00026431751284098704, 0.9991417441937326]
[724.091030385512, -2360.3480676373347, -8859731.145931043, -441.0237872513558, 1437.8503511769866, 5397917.220428534, -8.163963094751645e-05, 0.0002662030208300935, 0.9991853749024913]
[723.8253361179726, -2344.3401990614148, -8862121.95801078, -440.8618405666246, 1428.0974351560462, 5399373.622177229, -8.160967577633117e-05, 0.00026439763484870316, 0.9994550118193322]
[721.4930036871996, -2344.68705818248, -8862821.436758665, -439.4406936368197, 1428.3086138948765, 5399799.670745952, -8.134662236366352e-05, 0.00026443675236810917, 0.9995338819533518]
[722.3124524396763, -2348.2624749348406, -8863790.113597037, -439.93991268503754, 1430.4870238170674, 5400389.736184283, -8.143904089363457e-05, 0.00026483999669074974, 0.9996431229575142]
[723.8797980962704, -2349.6194135373357, -8864948.146972213, -440.894787828431, 1431.3137687040874, 5401095.147395598, -8.161580892067977e-05, 0.0002649930383811707, 0.9997737183577868]
[724.7510264160449, -2357.9542733487365, -8865728.502205702, -441.4255011998867, 1436.391912482163, 5401570.444728539, -8.171405732742937e-05, 0.00026593306677861355, 0.9998617033801956]
[728.0667838343777, -2336.836038508236, -8866877.229343152, -443.4457969337294, 1423.5255227005202, 5402270.31055954, -8.208804401089668e-05, 0.00026355130994859554, 0.9999912921110277]
[734.7977954886219, -2362.015631548719, -8867078.635155741, -447.546613974879, 1438.8664892037152, 5402392.88768681, -8.284715489908836e-05, 0.00026639111604604906, 1.0000139677431903]
[729.0610570474415, -2352.745201068367, -8867214.703689067, -444.05141147598073, 1433.2183793838042, 5402475.773396029, -8.220016258689626e-05, 0.0002653455922817147, 1.0000293127034703]
[729.8491949313033, -2341.5618893195, -8867606.379898906, -444.53164704053887, 1426.40492546183, 5402714.412752235, -8.228906483687048e-05, 0.00026408432838026833, 1.0000735012104287]
[728.3639153226053, -2355.0663472566007, -8867450.124933328, -443.6265632615545, 1434.6326073634777, 5402619.140004636, -8.212153386131649e-05, 0.00026560739513971284, 1.0000558483475417]
[730.6907211203801, -2359.3468812033975, -8867657.570468003, -445.04418554809547, 1437.2406391169352, 5402745.49856734, -8.238395199884453e-05, 0.00026609016163732144, 1.000079240604318]
[730.7871271907426, -2336.609386298414, -8869032.542763013, -445.10295645504016, 1423.3876339170877, 5403583.182779091, -8.239484731613681e-05, 0.00026352578180271016, 1.000234344501483]
[728.4127614650754, -2353.92563517106, -8868835.257763939, -443.65614091779975, 1433.9376845466034, 5403462.90144225, -8.212703825553526e-05, 0.0002654787539613252, 1.0002120592288624]
[729.0049045833748, -2359.4140526956953, -8869103.399121534, -444.0168407679147, 1437.2815816198731, 5403626.222868444, -8.219381489473759e-05, 0.00026609775507716624, 1.0002422929821944]
[729.377389418726, -2359.426441836496, -8869217.330247477, -444.2437699980873, 1437.289156509548, 5403695.631232063, -8.223582479203587e-05, 0.0002660991558019424, 1.0002551440545575]
[729.2359044257058, -2355.830177867365, -8870470.736425053, -444.1574587964046, 1435.0980862094846, 5404459.163190447, -8.221986559180427e-05, 0.0002656935624269027, 1.0003965035754967]
[727.9463468523224, -2352.7720218191894, -8870372.894540006, -443.37175467157704, 1433.234794123873, 5404399.5770626515, -8.20744304507873e-05, 0.0002653486605632971, 1.000385474413709]
[730.7637701913561, -2356.8434076628937, -8870560.550012458, -445.08833919666444, 1435.7154282362249, 5404513.894777196, -8.239218789042093e-05, 0.00026580784498367614, 1.0004066397975189]
[732.2034364476083, -2349.93997964012, -8870393.004117118, -445.9655832439612, 1431.5095390169954, 5404411.866494395, -8.25545677191213e-05, 0.0002650292669052727, 1.000387756032605]
[731.7619059539284, -2354.845293286063, -8871449.542466074, -445.69642756177745, 1434.4981065120533, 5405055.44442961, -8.25047609269344e-05, 0.0002655824969580687, 1.0005069027143592]
[731.8568912587189, -2353.1431508360465, -8871769.738108253, -445.7543010950698, 1433.4610776012196, 5405250.496705413, -8.251547559660669e-05, 0.0002653905282996061, 1.0005430145076528]
[733.4166318888576, -2354.0577846310193, -8872982.68998146, -446.7045587810324, 1434.0184399614152, 5405989.373205557, -8.269138544681063e-05, 0.00026549369036211285, 1.0006798073879495]
[728.6878093792478, -2352.019493921862, -8873506.966845782, -443.8233249211237, 1432.7763879095376, 5406308.737536504, -8.215805855718485e-05, 0.00026526381687076733, 1.0007389330212495]
[732.0668902910837, -2351.0835186494096, -8874485.267533492, -445.88209169192993, 1432.2062355317287, 5406904.68788064, -8.253915954426848e-05, 0.0002651582494261958, 1.000849267171031]
[732.6206235730298, -2351.984594000002, -8875103.31594527, -446.21945283930273, 1432.7552614591546, 5407281.1667357385, -8.260160900807127e-05, 0.0002652598765757694, 1.0009189656544297]
[732.759311105835, -2357.2992170478387, -8875784.055635748, -446.3038776157187, 1435.9932634559357, 5407695.821409211, -8.26172450785513e-05, 0.0002658592744174665, 1.0009957297778431]
[733.324894837321, -2354.685156888533, -8876269.75264622, -446.648513653585, 1434.4006782157298, 5407991.689415424, -8.268103533417254e-05, 0.0002655644578543472, 1.0010505061660027]
[732.3525418797002, -2349.117699333555, -8877316.843123652, -446.05605091161806, 1431.0086629944508, 5408629.527714171, -8.257137168709087e-05, 0.00026493655467759716, 1.001168592753262]
[734.0573373849959, -2353.4801091889217, -8878085.111252045, -447.0947127349356, 1433.6665549052673, 5409097.522926393, -8.276364342738596e-05, 0.00026542855843144855, 1.001255235721029]
[733.8132152192811, -2349.9259582049153, -8878553.58429816, -446.9460054606077, 1431.5011769594096, 5409382.900472948, -8.273611584377342e-05, 0.00026502771883885534, 1.0013080702053125]
[735.9640830719912, -2343.6718409291125, -8879417.387944583, -448.2565049642792, 1427.6908601046614, 5409909.127716749, -8.297870521036125e-05, 0.00026432236959563057, 1.0014054998637985]
[735.7489951480164, -2340.987175616637, -8880266.628977316, -448.12546454990803, 1426.0552239689466, 5410426.450017868, -8.295444871463119e-05, 0.0002640195886394857, 1.0015012753886814]
[736.7099612481909, -2344.581099557375, -8880926.570889546, -448.71090167851816, 1428.244888969254, 5410828.410873252, -8.306281852486496e-05, 0.0002644249200294338, 1.0015756854255926]
[735.5574580196044, -2344.7549548586708, -8881951.365448672, -448.0086365865727, 1428.3506643225915, 5411452.6671667155, -8.293283372619844e-05, 0.0002644445214695419, 1.0016912574384833]
[737.6390548095706, -2352.951255761297, -8882342.464825325, -449.2768995722469, 1433.3444590025847, 5411690.870306101, -8.31675969381774e-05, 0.00026536892440782935, 1.0017353514671892]
[738.3875131215262, -2352.679619037601, -8883389.67655552, -449.73289836110695, 1433.1790310700546, 5412328.790369791, -8.325200974516181e-05, 0.00026533828641753276, 1.0018534544701165]
[738.2664658395839, -2350.4292143913044, -8884063.850161048, -449.6591508780755, 1431.807946541009, 5412739.457503641, -8.323835998533607e-05, 0.00026508448627840113, 1.0019294823325045]
[738.0966502767836, -2364.8936957494675, -8883700.509889591, -449.5557150451466, 1440.620712174084, 5412518.080597523, -8.321920650441082e-05, 0.0002667158350452178, 1.0018884899670584]
[735.717783758699, -2342.4403173958594, -8885773.198729146, -448.1063162010555, 1426.9405800630427, 5413780.731448493, -8.295092222146877e-05, 0.00026418348453648524, 1.0021222623235713]
[735.444618832813, -2342.161501470045, -8885970.22947827, -447.9399180754559, 1426.7707350182613, 5413900.744105446, -8.2920116262457e-05, 0.000264152046249148, 1.0021444794509755]
[736.6151276936973, -2346.244871703886, -8886866.476974534, -448.6530163723463, 1429.2585350554907, 5414446.674224952, -8.305212187896534e-05, 0.00026461257086299246, 1.0022455470474667]
[735.8531729343393, -2356.4574334944173, -8886557.029484268, -448.18878097457457, 1435.480603875323, 5414258.122603824, -8.29661788781085e-05, 0.0002657643592063807, 1.0022106312189212]
[736.912370270925, -2360.3846614009817, -8887375.63115583, -448.8341026289474, 1437.8734241147497, 5414756.758875811, -8.308563274101332e-05, 0.00026620728054035686, 1.0023029437414135]
[735.0052706276053, -2355.7973437096434, -8888035.834895281, -447.67214148052426, 1435.0784735478676, 5415158.918723533, -8.287054619735007e-05, 0.0002656899139624084, 1.0023773970063423]
[736.8274212941587, -2358.94234899413, -8888053.101567047, -448.7823829943268, 1436.9946354870897, 5415169.4338680105, -8.307605433126997e-05, 0.00026604460944334123, 1.0023793432650987]
[735.355819600706, -2346.3984785009093, -8888986.94912229, -447.88579099261204, 1429.3520360129628, 5415738.340426349, -8.291009578670542e-05, 0.00026462988433203843, 1.0024846763023543]
[735.0795407802026, -2351.0862589874946, -8888818.929871047, -447.7174924188238, 1432.2081117008318, 5415635.961708765, -8.287893230776016e-05, 0.00026515857743575333, 1.0024657176191554]
[735.3631226720554, -2346.4195581207928, -8889497.67385821, -447.89031711385104, 1429.364963577819, 5416049.430940099, -8.291092005114342e-05, 0.0002646322581919356, 1.0025422671661575]
[736.4204171218782, -2346.5305317951597, -8890254.716545545, -448.53449219642937, 1429.4326230428303, 5416510.588713802, -8.303016533307111e-05, 0.00026464478084785905, 1.0026276443731024]
[736.8686595773473, -2342.6115238032967, -8890583.802196681, -448.8076555298038, 1427.044953054278, 5416711.077645846, -8.308072687970307e-05, 0.0002642027856062415, 1.0026647661263943]
[736.1929238487868, -2351.983032598438, -8890409.464352252, -448.3958788614417, 1432.75446130874, 5416604.818609231, -8.300450130900999e-05, 0.00026525971028327626, 1.0026450839917238]
[731.8208601925344, -2346.1395860159355, -8890465.32426737, -445.7321333839134, 1429.194195196539, 5416638.843609246, -8.25114147260382e-05, 0.00026460067709327563, 1.002651382869771]
[733.2261683973933, -2350.6951039872138, -8891358.659705853, -446.58829930372553, 1431.9697680732397, 5417182.99466454, -8.266990140702555e-05, 0.00026511445764144654, 1.0027521202611829]
[732.4883280021287, -2348.6311507966466, -8890694.417739479, -446.138806530239, 1430.7121775275345, 5416778.364781002, -8.258668916429605e-05, 0.00026488168027060543, 1.0026772080652693]
[727.2504561838156, -2338.4474462424346, -8890716.127370588, -442.9474901240356, 1424.5074594505234, 5416791.569258405, -8.199594377824095e-05, 0.0002637331306194159, 1.0026796494486385]
[734.4380347790284, -2354.835364470686, -8891134.805517795, -447.3267695609224, 1434.4923217551845, 5417046.600177556, -8.280657581794185e-05, 0.00026558139967287, 1.0027268634410225]
[732.5340500282031, -2353.2937288567664, -8890899.18256187, -446.16671878405117, 1433.552923034211, 5416903.060511163, -8.259183904315706e-05, 0.0002654075269359312, 1.0027002876424724]
[734.3825253022504, -2346.990361456251, -8891019.70957073, -447.2930443762287, 1429.7125249203027, 5416976.526621384, -8.280032733751385e-05, 0.0002646966118265137, 1.0027138963915407]
[736.1724375547745, -2354.2520119150504, -8891231.710469848, -448.3835747249705, 1434.1368345124101, 5417105.614283543, -8.300218818641639e-05, 0.0002655156068521656, 1.002737786493197]
[731.5556725226584, -2346.407570614885, -8890960.079351995, -445.57070320908497, 1429.3573756412984, 5416940.136115425, -8.24814934183877e-05, 0.0002646308805151138, 1.002707148446173]
[735.0149262219754, -2356.9212507960287, -8890839.012232725, -447.6783794256643, 1435.7630646817893, 5416866.402015566, -8.2871642134724e-05, 0.0002658166389900684, 1.0026934999502346]
[728.9261158028762, -2346.2159096729706, -8890683.87850477, -443.96859307944896, 1429.240499019541, 5416771.879560677, -8.218492622188777e-05, 0.0002646092627652348, 1.0026759968742787]
[729.2766653368532, -2354.947165973421, -8890230.262923902, -444.18226352954133, 1434.5601930517212, 5416495.56886996, -8.222446762746238e-05, 0.00026559398634199094, 1.002624843637788]
[732.1386481020331, -2357.379497172928, -8889999.079818124, -445.9260606148956, 1436.042257710994, 5416354.726975256, -8.254724675214988e-05, 0.0002658683123927362, 1.00259876619707]
[732.9428272459684, -2352.1859809612456, -8890373.24418157, -446.41606281867973, 1432.8781094491442, 5416582.6802038485, -8.26379495181864e-05, 0.00026528257387055523, 1.0026409732917332]
[735.2363819052655, -2345.7874021038447, -8890356.498737467, -447.81353490821124, 1428.9797131925038, 5416572.53807368, -8.28966334511686e-05, 0.0002645609198315024, 1.0026391050672123]
[733.6740795960925, -2352.21197470438, -8889988.910179568, -446.8616667216004, 1432.8939262483286, 5416348.596430441, -8.272042856197744e-05, 0.0002652854946089109, 1.0025976416161857]
[723.9928136237168, -2349.049227624678, -8887471.736597372, -440.96315463465396, 1430.9665866082653, 5414815.203634573, -8.162854817738799e-05, 0.0002649287850465456, 1.0023137480747188]
[730.8013204461984, -2359.860494776956, -8887768.310746744, -445.1114180866996, 1437.5537157678643, 5414995.849154167, -8.239642132485923e-05, 0.00026614810192892186, 1.0023471898096217]
[728.370515500327, -2371.8811896316356, -8887045.049462734, -443.6303554524727, 1444.877400828805, 5414555.21154332, -8.212225687877513e-05, 0.00026750381484811714, 1.0022656022559293]
[728.643266886759, -2358.5052312124244, -8886767.887518594, -443.796617054069, 1436.7278831200117, 5414386.434860541, -8.215303141680951e-05, 0.00026599524667111245, 1.0022343649538186]
[729.3335086461726, -2357.0917242120317, -8886021.446770264, -444.21722495322365, 1435.8666860708854, 5413931.743154439, -8.223088148792794e-05, 0.0002658358275273501, 1.0021501861180926]
[729.8971478916399, -2357.2233331158486, -8885288.481609516, -444.560702061429, 1435.9468979086669, 5413485.274174077, -8.229445366008181e-05, 0.000265850664776563, 1.0020675318707566]
[728.9393000184174, -2360.3903043460245, -8884473.587994501, -443.9771263366804, 1437.8763501873295, 5412988.870933428, -8.218642344371118e-05, 0.00026620783743252395, 1.0019756285991055]
[727.9185691910892, -2361.1873142065356, -8883510.366907375, -443.3552517899037, 1438.361849774184, 5412402.110501922, -8.207130077475416e-05, 0.00026629772093168065, 1.0018669964971383]
[725.6602905252405, -2361.4225442903976, -8882958.774422979, -441.9793588684408, 1438.5051726113727, 5412066.103418939, -8.181660375451779e-05, 0.00026632424742503133, 1.0018047891542714]
[727.254651286119, -2354.0027432670827, -8882482.761254486, -442.95085271620457, 1433.9846463149736, 5411776.175379846, -8.199642857872758e-05, 0.0002654874301555517, 1.0017511190998565]
[730.178994589186, -2342.610637267615, -8880975.948640347, -444.7327683508058, 1427.0438695518646, 5410858.371490613, -8.232626276210446e-05, 0.0002642025990588591, 1.0015812131232997]
[729.1147898485104, -2365.033996498188, -8880231.596840158, -444.0842570228185, 1440.7054843862395, 5410404.883122711, -8.220621924238265e-05, 0.00026673154165817044, 1.0014972458859845]
[727.1171397591459, -2354.8686723910496, -8878871.004961709, -442.8672701322871, 1434.5122093310426, 5409576.07878159, -8.198092434254916e-05, 0.00026558507885867126, 1.001343805373791]
[727.1700069692467, -2359.9658644694605, -8879271.39575009, -442.89939548259474, 1437.6178168927395, 5409819.971822503, -8.198687753458532e-05, 0.0002661599429268445, 1.0013889576588761]
[723.6976484630218, -2351.2195382488762, -8877234.843758738, -440.7839136272115, 1432.288810948931, 5408579.427800733, -8.159527201778125e-05, 0.0002651735179974407, 1.0011592932580606]
[723.2340061061639, -2357.6049813421905, -8876384.22960187, -440.5013796948206, 1436.179201930153, 5408061.238884532, -8.154296825298135e-05, 0.0002658936730627289, 1.0010633524126922]
[722.4029536370118, -2356.6275854057767, -8874751.864423297, -439.995140566588, 1435.5836280107646, 5407066.899786132, -8.144924660252826e-05, 0.00026578343589286424, 1.000879268231585]
[719.8109884346823, -2355.0577111986645, -8873467.266234262, -438.415999551844, 1434.627171063373, 5406284.382167041, -8.11569257031426e-05, 0.0002656063921259045, 1.0007343962217827]
[721.5268002309813, -2351.4406455054705, -8872797.000730997, -439.46143512215525, 1432.423461602252, 5405876.128022535, -8.135044105338365e-05, 0.00026519844024619005, 1.0006588203221287]
[721.5414368175685, -2348.115624337558, -8871293.819781996, -439.4704053651767, 1430.3975509583336, 5404960.4916106695, -8.135209642983431e-05, 0.0002648234298266195, 1.0004893083843363]
[725.3062846027252, -2351.727825919598, -8870963.597119497, -441.7642282451547, 1432.598427562853, 5404759.355037756, -8.177670294831316e-05, 0.00026523081630772154, 1.000452074002218]
[720.2272116068206, -2356.6047321441524, -8869104.924966605, -438.6696168287952, 1435.5695180990658, 5403627.087660467, -8.120386019770009e-05, 0.00026578084139857545, 1.00024244262645]
[722.7441762624635, -2363.128922406285, -8867233.106333561, -440.2032187805009, 1439.5444906024504, 5402486.869452278, -8.148772765193866e-05, 0.0002665166421117739, 1.0000313485486965]
[722.1229128743047, -2352.947715936188, -8866337.46483848, -439.8247681987151, 1433.3415109286675, 5401941.324541545, -8.141766646562109e-05, 0.00026536838441631707, 0.9999303548653411]
[721.006774028035, -2368.0088507300843, -8865386.801761745, -439.1446606960245, 1442.517716134565, 5401362.198443358, -8.129177224508868e-05, 0.0002670669958718142, 0.9998231336574235]
[721.0706793083125, -2365.5501463466826, -8863512.951476282, -439.1836868981631, 1441.0196252500302, 5400220.755628154, -8.129898459630688e-05, 0.0002667896967955306, 0.9996118149603064]
[720.8608927242293, -2364.6137020684077, -8862132.25680713, -439.0558883613189, 1440.449086697451, 5399379.703450944, -8.127532346402558e-05, 0.00026668409012373345, 0.999456106587969]
[720.8012415068551, -2340.5569597525487, -8861082.078730611, -439.01970687080194, 1425.792261261926, 5398740.13849108, -8.12686247389647e-05, 0.0002639709102440459, 0.9993377252632444]
[718.8624747667745, -2366.4691007008714, -8858598.75518869, -437.8383386638452, 1441.5794161345714, 5397227.256857873, -8.10499294831102e-05, 0.0002668933341912661, 0.9990576114922123]
[719.5720364827495, -2351.2884174008095, -8857530.961967282, -438.270783169133, 1432.330464531427, 5396576.919360232, -8.11299799908562e-05, 0.00026518122603952566, 0.9989372289597507]
[717.4012536120633, -2352.4924591036915, -8855980.05371944, -436.9481866474613, 1433.0640630686983, 5395632.151859241, -8.088514903292853e-05, 0.0002653170310973031, 0.9987623144629191]
[720.7497383749286, -2357.324818103257, -8854563.838249322, -438.98833920350336, 1436.008278766401, 5394769.506783934, -8.12627993314564e-05, 0.0002658620228470754, 0.9986026157051492]
[720.3327011481699, -2352.1195718792333, -8852348.89447102, -438.7343381457709, 1432.8368426922716, 5393420.323679534, -8.12157755761196e-05, 0.0002652749576599272, 0.9983528429992881]
[720.3019022837871, -2353.8123874952566, -8850797.402185818, -438.7155700552442, 1433.868250341526, 5392475.23093473, -8.121229914079234e-05, 0.00026546587520625257, 0.9981778732243134]
[719.3254351979979, -2360.540446060478, -8848803.192175046, -438.1206178952915, 1437.967408788541, 5391260.425687988, -8.110216088228668e-05, 0.0002662246793022633, 0.997952965260169]
[718.3155444918601, -2361.634594760251, -8847160.945347182, -437.50526580960013, 1438.6339715177166, 5390260.02978185, -8.098825123980472e-05, 0.0002663480762483424, 0.9977677537048926]
[722.2088181310446, -2357.605985807405, -8845599.054707421, -439.8774240334239, 1436.1795771015331, 5389308.669186582, -8.142735837611304e-05, 0.0002658937233104485, 0.9975916342550981]
[717.9648057679959, -2366.385946233921, -8843754.75370985, -437.2915349959724, 1441.5286876029943, 5388185.176360491, -8.094869179456888e-05, 0.0002668839378787118, 0.9973836306470473]
[718.2386081749273, -2362.1875377226224, -8842036.042500494, -437.4583915443021, 1438.9707876122925, 5387138.249307589, -8.09795764689213e-05, 0.00026641043909548325, 0.9971898121777701]
[720.6752039270481, -2369.1907689129143, -8840573.725661522, -438.9429377106466, 1443.2376880940758, 5386247.478032719, -8.125437623465895e-05, 0.00026720027658129974, 0.9970248992384244]
[721.7074770838825, -2354.7685402818015, -8838291.794941582, -439.57203437747876, 1434.4508024677748, 5384857.524294254, -8.137081879064377e-05, 0.00026557370491504085, 0.9967675840412236]
[718.6665634614918, -2355.9727929626256, -8836919.735535, -437.71924328458687, 1435.1845003794142, 5384021.730828686, -8.102785555099013e-05, 0.00026570953326496884, 0.996612849003671]
[722.1020579082908, -2362.147457814579, -8835129.977187213, -439.8124325629263, 1438.9465728133864, 5382931.501325903, -8.14153174099795e-05, 0.0002664059246143917, 0.9964110098481335]
[720.230211058836, -2355.3982496961503, -8834038.819653584, -438.67189970085883, 1434.8344975091818, 5382266.846775639, -8.120420322189735e-05, 0.0002656447357637024, 0.9962879630367398]
[721.8307073280856, -2348.0952274160327, -8832604.288178118, -439.6471066991234, 1430.3850502998032, 5381393.078617206, -8.138472472308029e-05, 0.0002648210812305327, 0.9961262105251355]
[718.8969328237116, -2351.2950315263474, -8830242.888767298, -437.8596093189508, 1432.334433441943, 5379954.60271115, -8.105383932636099e-05, 0.0002651819555151284, 0.9958598937800442]
[719.2475081174698, -2331.272940061884, -8828941.491642859, -438.07330197529313, 1420.1357778657261, 5379161.950151679, -8.10933995505663e-05, 0.0002629238307134903, 0.9957131613086725]