[-1019.8023825310345, -5341.554488115616, -9345202.169995539, 394.46247399589686, 2065.8391646824334, 3614700.1063448363, 0.00010914503957264053, 0.0005715849576363632, 1.0000000000000002]
[-1030.1358078537462, -5368.072213428475, -9337374.58443128, 398.4594246772834, 2076.095512233832, 3611672.6743585495, 0.00011025084361030135, 0.0005744225767823396, 0.9991623496642059]
[-1019.7616969417974, -5343.156136400074, -9341526.472897781, 394.44685944332235, 2066.4586347700633, 3613278.5450408277, 0.00010914069974972293, 0.0005717563589484312, 0.9996066771353169]
[-1026.08599979671, -5344.237875947182, -9336544.279215185, 396.89301897249135, 2066.876967213986, 3611351.6823002975, 0.00010981746465947334, 0.0005718721140792313, 0.9990735443757336]
[-1048.5478218966036, -5360.397768030523, -9326442.760017544, 405.581003167945, 2073.1269993373853, 3607444.8583616153, 0.00011222109940509602, 0.0005736013523918649, 0.9979925833419602]
[-1017.1999221957279, -5334.635597586192, -9338764.811586661, 393.4561828823994, 2063.1630526813274, 3612210.5828348515, 0.00010886656818472016, 0.0005708446062640746, 0.9993111957229638]
[-1027.653174657737, -5363.401445696663, -9329879.871389713, 397.499437770906, 2074.288927951323, 3608774.2672195076, 0.00010998518931630925, 0.0005739227882315378, 0.9983604167578878]
[-1018.1313367375833, -5364.033325866669, -9331463.523319809, 393.81658742967664, 2074.5334482721937, 3609386.7992980764, 0.00010896626886531361, 0.0005739904102927189, 0.998529898298994]
[-1013.714176806584, -5351.09077501024, -9332465.222506175, 392.10816420446537, 2069.5275531314655, 3609774.2764136316, 0.00010849358210297916, 0.0005726054636657615, 0.9986371116231616]
[-1009.8001972823747, -5366.2407804171835, -9331045.703549415, 390.5943655713162, 2075.3872737316997, 3609225.3131295736, 0.00010807475859735503, 0.0005742266394332553, 0.9984852243388903]
[-1011.706361101704, -5326.793594317994, -9330489.096070634, 391.33157167352647, 2060.129983353184, 3609010.111018479, 0.00010827872220411195, 0.0005700054742300154, 0.9984256854782574]
[-1018.5053708808307, -5365.758665894625, -9324470.336242953, 393.9614878521618, 2075.2007462286037, 3606682.332267559, 0.00010900629783216703, 0.0005741750610812746, 0.9977816239906739]
[-1004.9335431715399, -5366.291626638102, -9326945.749372488, 388.71216997514443, 2075.407040857837, 3607639.7425770042, 0.00010755399891028482, 0.0005742320986098298, 0.9980465272832705]
[-1006.714991887686, -5373.214844825346, -9325061.861529872, 389.4012847763153, 2078.0847558704654, 3606911.199508135, 0.00010774462926334344, 0.0005749729452318901, 0.9978449540288928]
[-988.142621618455, -5392.828707154124, -9326704.69926021, 382.2179051528311, 2085.6711824064314, 3607546.5897500245, 0.00010575723406666028, 0.0005770718058326425, 0.998020758028556]
[-1016.8410634486698, -5373.775505861943, -9318617.482993703, 393.31805855833494, 2078.301464168061, 3604418.874195115, 0.00010882822290988678, 0.0005750329492048847, 0.9971553690012857]
[-1050.114126587183, -5374.8885736273905, -9311890.117512314, 406.1878824259102, 2078.731517792511, 3601817.020651303, 0.00011238875488315799, 0.0005751520470729877, 0.9964354739272929]
[-993.8156799687393, -5364.314765647686, -9323759.666547194, 384.4123042813017, 2074.6425110395685, 3606407.771215746, 0.00010636429249376895, 0.0005740205900299153, 0.9977056757688347]
[-993.0983039219199, -5363.202461380124, -9323263.892543115, 384.1349261248753, 2074.2122586352457, 3606216.0681384983, 0.00010628752876051646, 0.0005739015759011894, 0.9976526369173493]
[-990.8047418758015, -5353.470033625569, -9326260.324550923, 383.24798244851405, 2070.4479453059635, 3607374.9888132643, 0.00010604210525728956, 0.0005728601254809079, 0.9979732953810961]
[-988.1596228354915, -5365.543862611351, -9321759.25123567, 382.22488526842625, 2075.1178650377337, 3605634.241401983, 0.00010575905436728157, 0.0005741521360651135, 0.99749166050515]
[-986.1290071133052, -5351.028542119877, -9320593.403369095, 381.43946424761094, 2069.503646978076, 3605183.40583691, 0.00010554175584012639, 0.0005725988892790755, 0.997366924929932]
[-994.5749611320293, -5374.260807778127, -9315428.70215227, 384.70631800689193, 2078.4893569485785, 3603185.962976725, 0.0001064455658425811, 0.0005750849278493455, 0.9968142640523315]
[-1151.9881867890806, -5567.515593882861, -9230805.797062939, 445.5910913690418, 2153.2345167354215, 3570457.466042856, 0.00012329030391874544, 0.0005957647249148736, 0.9877587629834447]
[-985.7342709782074, -5374.483493408406, -9314977.78185228, 381.2869953769779, 2078.5755239132395, 3603011.688092932, 0.00010549953683079728, 0.0005751087703600177, 0.9967660524784939]
[-975.6708078683464, -5365.090939301982, -9318199.511774063, 377.3946550309546, 2074.942742612143, 3604257.8088445365, 0.00010442264612883178, 0.0005741036920182806, 0.9971108420579395]
[-937.4348445034493, -5296.304383654626, -9336898.74903628, 362.6055835748946, 2048.337959923729, 3611489.958416269, 0.00010033101501052269, 0.000566743005466417, 0.9991118788078449]
[-958.7273497330386, -5353.283356967826, -9323399.386584248, 370.8412587165119, 2070.3759894470495, 3606269.0680522337, 0.00010260952715732202, 0.0005728401954956702, 0.997667339288859]
[-948.9846138181397, -5367.013578005271, -9323551.928818723, 367.0729962535177, 2075.6866742945563, 3606328.0925284363, 0.00010156698097841297, 0.0005743094533306484, 0.9976836722740384]
[-932.0877448519266, -5361.873824973093, -9330270.699628484, 360.53756946460607, 2073.698921939078, 3608926.7383809425, 9.975885087087666e-05, 0.0005737594456606057, 0.9984026872492787]
[-988.2924621763434, -5397.293618679266, -9306885.938721094, 382.2769216314938, 2087.3979608669974, 3599882.3687036713, 0.00010577333552523483, 0.0005775496794235002, 0.9959002315361394]
[-990.0881057248131, -5351.91136328447, -9308317.167211633, 382.9713918868815, 2069.8449424359483, 3600436.0445108674, 0.00010596545446711568, 0.0005726934083278463, 0.9960534344314165]
[-970.7539986638628, -5341.784138793593, -9315560.535357324, 375.493281954782, 2065.9281478114717, 3603237.5774741024, 0.00010389651002426777, 0.0005716097237060859, 0.9968285850409406]
[-1004.5721711175707, -5406.454034614733, -9296292.080259321, 388.5737256393695, 2090.9408283159273, 3595785.3084502276, 0.00010751542036085824, 0.0005785299296008304, 0.9947666463089612]
[-974.6801914772701, -5368.244319581821, -9311744.56099652, 377.01207176311533, 2076.162359738373, 3601761.7790767313, 0.000104316677543549, 0.000574441185228725, 0.996420256586033]
[-962.6293276950205, -5345.84734704944, -9316057.629167663, 372.3509409425833, 2067.4998010253416, 3603429.986961085, 0.00010302711019043471, 0.0005720445313890377, 0.9968818318472729]
[-979.0818285261998, -5365.26816127335, -9305243.977498516, 378.7144543284789, 2075.011212587382, 3599247.784293441, 0.0001047876888015502, 0.0005741227175742059, 0.9957246802799687]
[-950.2829487757324, -5349.256019278877, -9314660.009628003, 367.5754493976563, 2068.818392156295, 3602889.6042605154, 0.00010170593073611996, 0.00057240929575652, 0.9967323257566147]
[-995.3431130793067, -5430.610602566513, -9292727.833745334, 385.00428313397265, 2100.284141239687, 3594407.092059291, 0.00010652784490324347, 0.0005811148958766274, 0.9943853317044504]
[-962.6674566771987, -5353.937504684833, -9312841.145990916, 372.36587396606825, 2070.6289005244344, 3602186.1840026896, 0.00010303120522561704, 0.0005729102587184989, 0.9965377019773092]
[-951.1311398814295, -5356.041924070974, -9317740.76534211, 367.9039021319017, 2071.442966893951, 3604081.1774410196, 0.00010179672250740944, 0.0005731354452510116, 0.9970620212300655]
[-964.9183841513134, -5365.47556648048, -9310788.09782396, 373.23661447249196, 2075.091537658977, 3601392.2194632534, 0.00010327208888980025, 0.0005741449315395425, 0.9963180277065783]
[-968.6052384143985, -5381.132119179975, -9310991.98530181, 374.66287053678576, 2081.1470379942616, 3601471.0312126614, 0.00010366664671999, 0.0005758203053941868, 0.9963398310233984]
[-952.12518407417, -5364.8949355880295, -9313150.599244507, 368.2884121763621, 2074.867099043061, 3602306.030759648, 0.00010190310100901385, 0.0005740828043399905, 0.9965708722733061]
[-988.7789853653371, -5422.902491922799, -9290898.78602972, 382.4655333864284, 2097.302801705296, 3593699.982563911, 0.00010582542881729526, 0.000580290081496044, 0.9941897030848905]
[-958.9904094209231, -5384.886388098964, -9306919.088936226, 370.9438319209563, 2082.599286962777, 3599896.002461767, 0.00010263775919563236, 0.0005762220560957118, 0.9959040556441062]
[-913.8461043304219, -5332.6993482976595, -9328914.239246467, 353.48274813621936, 2062.414935506507, 3608402.8630807707, 9.780687578152567e-05, 0.00057063762941604, 0.998257786080013]
[-940.507956943581, -5349.842493455878, -9317047.498393841, 363.79512218010314, 2069.0452574612436, 3603813.3377472404, 0.00010065994643942442, 0.0005724720820108841, 0.9969879321189146]
[-949.309100198591, -5356.168569956318, -9312415.592386356, 367.19925050543014, 2071.4919432946926, 3602021.9697638815, 0.00010160174608108857, 0.0005731490230778673, 0.9964922899803939]
[-946.9355630349562, -5366.9820237180165, -9314325.280424168, 366.28137430150866, 2075.674356071649, 3602760.531572897, 0.0001013477731662778, 0.0005743061497937495, 0.9966966378482255]
[-926.8152098792096, -5370.552325356273, -9316313.76994228, 358.4990301199078, 2077.055424058722, 3603529.676410879, 9.91946977240238e-05, 0.0005746882106582566, 0.9969094543599676]
[-932.2782904732303, -5362.992423206993, -9319825.907130254, 360.61216137046836, 2074.1314647079976, 3604887.9874618156, 9.977930732995174e-05, 0.0005738792364628754, 0.9972852772856247]
[-944.420550667213, -5373.304465775681, -9313710.827843638, 365.30860892809034, 2078.1198057372885, 3602522.93425212, 0.00010107865024488011, 0.0005749827081915615, 0.996630901076493]
[-936.3024136696722, -5352.450242623808, -9316066.006349785, 362.16851440430145, 2070.0538868992026, 3603433.8986050193, 0.00010020991047993194, 0.0005727511398312867, 0.9968829569938759]
[-946.669406483084, -5373.077648649402, -9310763.789353551, 366.1783312062466, 2078.032055516237, 3601383.212598533, 0.0001013192874783654, 0.000574958435886253, 0.9963155608111754]
[-941.579974740362, -5357.698418732771, -9314385.86169319, 364.2098544691964, 2072.083671276897, 3602784.1010306985, 0.0001007746644700761, 0.0005733127310040145, 0.9967031680579708]
[-923.9729195975754, -5367.071930880283, -9315507.47550104, 357.39955771375327, 2075.709352238277, 3603217.9500404377, 9.889054225530432e-05, 0.0005743157724572169, 0.9968232114359904]
[-942.4751642084409, -5370.54427093221, -9312798.941425836, 364.5560946493941, 2077.0521999789867, 3602170.356275769, 0.00010087046356702373, 0.0005746873348869385, 0.9965333542643691]
[-914.44184463644, -5361.434460117732, -9320335.426117856, 353.71311270249765, 2073.5289560787205, 3605085.224888328, 9.787061568652505e-05, 0.0005737125218857662, 0.9973398613429029]
[-864.1754881539647, -5317.358664616728, -9342049.269643584, 334.2707819919277, 2056.4819270573757, 3613483.2742615785, 9.249162164075823e-05, 0.0005689960611557987, 0.9996634843969476]
[-850.9693892757156, -5321.807346234428, -9344183.011368515, 329.1628553011247, 2058.2027561491905, 3614308.4701426495, 9.107846330824699e-05, 0.0005694721093249507, 0.9998918013659346]
[-927.5771380021484, -5358.245337065076, -9321542.798239868, 358.79378871935245, 2072.295399627574, 3605552.101084885, 9.927622622240653e-05, 0.0005733712476618233, 0.9974690339060293]
[-917.0560209172354, -5359.762363054969, -9323836.090187352, 354.7243017084842, 2072.882303010466, 3606439.070802317, 9.815036115825685e-05, 0.0005735335829046597, 0.9977144470545292]
[-766.2599035134962, -5268.725319345994, -9377376.618054904, 296.39835629749433, 2037.6726864236543, 3627146.407867813, 8.201371889444236e-05, 0.0005637919201718174, 1.0034438778667574]
[-876.6601136097925, -5308.667614849946, -9343525.931294195, 339.099707440821, 2053.1202964511044, 3614054.295628592, 9.382758622579319e-05, 0.0005680660361993072, 0.9998214721378966]
[-694.0745513785341, -5264.545163020784, -9403052.792447394, 268.47819299184187, 2036.0566430609676, 3637076.8424272607, 7.428921516875069e-05, 0.0005633446158596132, 1.006191484997328]
[-614.132843968118, -5217.9086322459225, -9435155.31729133, 237.55786830789515, 2018.019461455928, 3649492.804625285, 6.57346741657862e-05, 0.0005583541391809785, 1.009626807489516]
[-1067.5507320599945, -5507.214005481439, -9260535.67266478, 412.933253352186, 2129.911732194614, 3581957.1471949294, 0.00011425469232283015, 0.0005893120322421674, 0.9909406503852801]
[-943.5394333409046, -5336.3059808709295, -9322866.034925697, 364.96760625560916, 2063.8094585109184, 3606063.8544090865, 0.00010098428319526172, 0.0005710235254709753, 0.997610627511803]
[-891.0360771965562, -5271.579235479141, -9349444.585328627, 344.6601026142909, 2038.7751295646935, 3616343.279497532, 9.53659172599651e-05, 0.0005640972493249159, 1.0004547946503188]
[-859.0386442843342, -5276.152950806956, -9354668.547804609, 332.28371926322654, 2040.544523865827, 3618363.7357238443, 9.194187737332223e-05, 0.0005645866825482696, 1.001013828968125]
[-522.2849440860086, -5140.552473496944, -9462169.11300466, 202.03161838429867, 1988.101006082654, 3659940.6940991357, 5.5906013794837996e-05, 0.0005500764040869828, 1.0125175945917566]
[-514.0425094407424, -5110.577470493904, -9479298.904185772, 198.84394022821337, 1976.5071504497425, 3666565.728885103, 5.5023977228519614e-05, 0.0005468688191664341, 1.0143506437800682]
[-905.7319442847355, -5383.50022561277, -9331145.713936465, 350.3441026026587, 2082.0636532614494, 3609265.8852102323, 9.69385605535216e-05, 0.0005760736620772916, 0.9984965707684954]
[-962.1539923503458, -5354.503491446013, -9315196.786119804, 372.16739088210267, 2070.847770760003, 3603097.24426989, 0.00010297627361408327, 0.0005729708432101986, 0.9967897791619992]
[-921.3433413326923, -5308.463570930151, -9328822.587455364, 356.38212752108177, 2053.0408841351123, 3608367.236222042, 9.860910517575075e-05, 0.0005680441905632561, 0.9982479171681563]
[-1087.2403825138279, -5599.064106186532, -9250596.627066193, 420.54838937963837, 2165.437152151349, 3578113.164718072, 0.0001163615886403248, 0.0005991406257326862, 0.9898770769077898]
[-837.7658060143078, -5312.971183173575, -9358334.451713143, 324.05529329219706, 2054.7852858462393, 3619781.39008854, 8.966547871711435e-05, 0.0005685264384905113, 1.0014060632250863]
[-146.24554106814185, -4770.825232696549, -9610487.981917046, 56.58398861987976, 1845.1029210520232, 3717304.1126034316, 1.5666138812317803e-05, 0.0005105127038190938, 1.028389225778228]
[-816.7616755366189, -5149.884783279088, -9378074.140432466, 315.93150943467475, 1991.7072718573377, 3627415.0391652174, 8.741794779004407e-05, 0.000551075102015938, 1.0035181315091277]
[178.1668096081508, -4777.407373405314, -9747869.266801657, -68.89237081781499, 1847.6518074120254, 3770436.9572102013, -1.9048910676628676e-05, 0.0005112171134302978, 1.0430902937392221]
[-501.25281128240016, -5196.257709320968, -9474161.812131489, 193.89657862145606, 2009.6468281347618, 3664578.4534628964, 5.365539053807237e-05, 0.0005560372839450144, 1.0138007635120156]
[-965.5745173945186, -5421.364294192425, -9314053.127537228, 373.4898343294606, 2096.7080420484913, 3602654.8360362803, 0.0001033422295675557, 0.0005801253680776371, 0.996667365449287]
[-1680.4615460443172, -6333.559006968117, -8965637.768293941, 649.9964490380962, 2449.5178840029075, 3467902.8703484023, 0.0001798419438394764, 0.0006777372768900217, 0.9593834544548181]
[-575.5366188699082, -5435.371523932617, -9429557.78017991, 222.62795457310057, 2102.130275572787, 3647327.8482587296, 6.160438970039012e-05, 0.0005816242309070374, 1.0090277909560637]
[-967.5407715764786, -5348.80887564621, -9321965.116783833, 374.250282209029, 2068.6453124774926, 3605714.448964264, 0.00010355266949692153, 0.0005723614024204799, 0.9975138902634467]
[419.36353111878395, -4884.349263135207, -9799941.046673112, -162.1853894095291, 1889.0179309354512, 3790576.711737409, -4.48593656896657e-05, 0.0005226606735869827, 1.0486627124095989]
[-990.1935346367294, -5797.69410650111, -9257105.09329711, 383.01088662804773, 2242.2642914777257, 3580630.2393805967, 0.00010597662896846291, 0.0006203955242939287, 0.9905735073607784]
[-973.996422546194, -5357.162752824468, -9320829.425597822, 376.7470376141654, 2071.8763796720127, 3605275.065402438, 0.00010424347598791976, 0.0005732553198609071, 0.997392309811729]
[-1024.1795971527313, -5424.225365395898, -9302202.644274207, 396.15736610631575, 2097.814349449658, 3598070.730531655, 0.00010961361422824545, 0.0005804315681589624, 0.9953989557087287]
[-994.3514927224068, -5367.388389266122, -9316325.65974386, 384.6200014979306, 2075.831237953831, 3603533.057724779, 0.00010642166273981873, 0.0005743495351671398, 0.9969103122732011]
[-1047.5529367827794, -5687.14313766565, -9279550.281668227, 405.1968721384991, 2199.5048342054197, 3589311.0655328515, 0.00011211448512600364, 0.000608565580199347, 0.992975365810299]
[-1883.0474002228743, -6496.575874675753, -8890571.310514808, 728.3525350901249, 2512.5671433127573, 3438870.4036827483, 0.00020152038003449303, 0.0006951811905692561, 0.951350591927754]
[-978.7145521857104, -5352.424861963654, -9326097.077212645, 378.57164822115817, 2070.043831617613, 3607312.1362319007, 0.00010474833945621656, 0.0005727482923653881, 0.9979559231292513]
[-978.0816072878573, -5338.970271068246, -9328254.92546886, 378.3267312724682, 2064.8398747808487, 3608146.6691221655, 0.00010468059128155163, 0.0005713085521501438, 0.9981868243836415]
[-992.8941631569016, -5366.017409017362, -9323774.31271272, 384.0560414167548, 2075.3010492144153, 3606413.643396774, 0.00010626569626572055, 0.0005742028076599954, 0.9977073137647592]
[-977.5228619907658, -5347.648916581727, -9332139.647352071, 378.11053847012647, 2068.1966372598927, 3609649.0024691233, 0.00010462080506406668, 0.0005722372176460352, 0.9986024912533055]
[-1021.3359230473451, -5393.421569979946, -9312258.688647326, 395.05670383357915, 2085.900128910787, 3601959.780419095, 0.00010930923893869975, 0.0005771352569925188, 0.9964749870320814]
[-978.5063011004813, -5325.053414955846, -9336852.802030742, 378.49075544859005, 2059.457223557334, 3611471.7896563276, 0.0001047260233778439, 0.0005698193108470927, 0.9991068263571232]
[-983.8745017955503, -5345.573806566698, -9334929.226195207, 380.5670792186263, 2067.3939867791755, 3610727.7986340984, 0.0001053004763905593, 0.0005720151441390612, 0.9989009726038605]
[-2322.8835408684154, -7068.06205464083, -8682027.39009084, 898.473211135929, 2733.601147587199, 3358214.3925238773, 0.00024858699694319474, 0.0007563345853935287, 0.9290342290917399]
[-1017.0661380458251, -5388.283963266266, -9324734.41712821, 393.40511722947326, 2083.9131070115345, 3606784.653693463, 0.00010885232717450805, 0.0005765854743485159, 0.9978099467325889]
[-990.4160241810463, -5340.262212385153, -9336777.607930904, 383.0970110778773, 2065.3394902602295, 3611442.560050027, 0.00010600046446128907, 0.0005714467435858964, 0.9990987295218101]
[-999.6732790509058, -5335.462026441021, -9337210.6272958, 386.6776237961334, 2063.4828192494633, 3611609.9094771473, 0.00010699108694245257, 0.0005709330984977572, 0.9991450247852189]
[-1006.4092062161977, -5315.329187931566, -9337825.000238553, 389.2828483718819, 2055.6958214630995, 3611847.5064692027, 0.00010771187161124757, 0.0005687787206062289, 0.9992107634099259]
[-973.9117425955415, -5287.643789627167, -9349194.269916188, 376.7130956830771, 2044.9880334229924, 3616244.686485304, 0.00010423431495064848, 0.0005658161557354974, 1.0004274017238313]
[-1001.5257328679537, -5352.361897968238, -9338076.653709868, 387.3939230656984, 2070.019372935267, 3611944.6969995773, 0.0001071893121409955, 0.0005727415133262745, 0.999237645805641]
[-2193.1441323153813, -7014.903559303167, -8754495.151417045, 848.2916482162487, 2713.0420756674534, 3386241.7580916956, 0.00023470354975688547, 0.0007506461350658547, 0.9367889923311055]
[-1010.0686826738274, -5335.088273259111, -9340108.02386667, 390.6981139808289, 2063.3382632780167, 3612730.2186814006, 0.00010810348332692898, 0.0005708930764580219, 0.9994549803128969]
[-1019.4099763800568, -5311.418527445866, -9339916.052375352, 394.31107887365044, 2054.1831508399687, 3612655.9761836953, 0.00010910306020140844, 0.0005683602147521132, 0.999434438732238]
[-1007.8956863690657, -5290.956778965109, -9348000.304817177, 389.85753246390925, 2046.2690415884626, 3615782.567649535, 0.00010787091429544625, 0.0005661706348262354, 1.0002995181559888]
[-1017.5832325318338, -5311.948993129213, -9341432.366986366, 393.6043758694859, 2054.388372563627, 3613242.324881709, 0.00010890757324228518, 0.0005684169715807856, 0.9995966667669337]
[-981.5555929028626, -5221.838739867372, -9362688.602314455, 379.6693552619676, 2019.5356124321188, 3621463.413638697, 0.00010505222764684243, 0.0005587744138143009, 1.001871328819188]
[-1019.0941602321765, -5313.86160230166, -9342997.666249804, 394.1887583841653, 2055.1280770900657, 3613847.599003277, 0.00010906925988510272, 0.0005686216115149418, 0.9997641299334638]
[-1024.534875002509, -5356.920520599798, -9337298.622754078, 396.2930807700621, 2071.7823885885687, 3611643.384801121, 0.00010965148096086387, 0.0005732292595452375, 0.9991542513551235]
[-1017.5456668316647, -5347.964814821366, -9341079.407468608, 393.58967801510886, 2068.318610865415, 3613105.60937766, 0.00010890355908397772, 0.000572270919108486, 0.9995588264282531]
[-1035.7734235096593, -5365.26243035395, -9333780.830495665, 400.63989486881854, 2075.008801056236, 3610282.705525603, 0.00011085411432330033, 0.0005741219106757828, 0.9987777616237001]
[-1019.3905673891791, -5348.936971297588, -9340873.480849348, 394.30320869472666, 2068.6945563820896, 3613025.8345135553, 0.00010910098130171543, 0.000572374946765823, 0.999536745501807]
[-964.160881766501, -5319.197448135267, -9358534.87352659, 372.94095434214694, 2057.1925492875534, 3619856.5943469373, 0.00010319085892501769, 0.0005691925760930948, 1.0014267237717114]
[-1000.5355664528024, -5356.193975155595, -9344372.797233466, 387.01012787729536, 2071.5017274409574, 3614379.2439859677, 0.00010708329255264367, 0.0005731515019776178, 0.9999112158651877]
[-1038.867704042676, -5379.157233798733, -9331241.589044582, 401.83653714720543, 2080.3830376743103, 3609300.4284781334, 0.00011118523595970696, 0.0005756087485188765, 0.9985059665377881]
[-1022.4611701569247, -5350.187711467951, -9341573.84491916, 395.4906962698548, 2069.178381381418, 3613296.531216635, 0.00010942955485557324, 0.0005725087679963625, 0.9996116322604803]
[-1040.2189318911642, -5346.697637835161, -9338795.44596952, 402.3591713774804, 2067.828240976341, 3612221.9165896494, 0.00011132979400789939, 0.000572135290399925, 0.9993142987989221]
[-1020.7042392700034, -5335.321827086221, -9343351.451875629, 394.81096238167316, 2063.428504153161, 3613984.0122077907, 0.00010924152460881531, 0.0005709179794611425, 0.9998018469627067]
[-1053.0282136643602, -5375.802558127627, -9330590.995589975, 407.3134894054699, 2079.0853852976365, 3609048.610613236, 0.00011270053456793282, 0.0005752497541481006, 0.998436279657556]
[-1018.2237840022233, -5322.48264813935, -9346642.256485349, 393.8514783956865, 2058.4626674215915, 3615256.6466750554, 0.00010897608710779681, 0.00056954409131786, 1.0001539596550488]
[-1040.7735604808681, -5375.84696854471, -9337301.692017494, 402.5735076988706, 2079.102621359855, 3611643.9753231793, 0.0001113891607119575, 0.0005752544956281944, 0.9991543766882979]
[-966.6230054249623, -5359.530505552445, -9362836.184139248, 373.89296268770903, 2072.792746112737, 3621519.698093409, 0.00010345433876640584, 0.000573508503678591, 1.0018868512698933]
[-1030.0561933935994, -5346.248849340237, -9344363.473126298, 398.4279654010955, 2067.654822845099, 3614375.18031079, 0.00011024227123530313, 0.0005720872431528908, 0.9999100623184172]
[-1049.9263324182539, -5368.899796866303, -9339749.331157938, 406.1134729232523, 2076.415610754687, 3612590.51757136, 0.00011236857766468055, 0.0005745110759625815, 0.9994162648899301]
[-1001.9127412349214, -5302.9589643356885, -9360852.804010706, 387.54233719820684, 2050.911534271218, 3620752.5392655525, 0.00010723062690402056, 0.0005674548777535222, 1.0016745848911126]
[-1028.1749244285606, -5317.15495513738, -9351800.292583188, 397.70008860196253, 2056.4019122204813, 3617251.3820318724, 0.00011004092525659452, 0.0005689739466096864, 1.0007058631301258]
[-1057.7141542660588, -5341.455710406471, -9344383.664796047, 409.12550925264304, 2065.8006971155314, 3614382.8265193407, 0.00011320191745209744, 0.0005715743214617477, 0.9999121675112514]
[-1046.932149446099, -5340.860352425908, -9349384.841577029, 404.9550506745551, 2065.5705685973307, 3616317.091312022, 0.00011204813181052199, 0.0005715106008263562, 1.000447352152317]
[-1054.913527159837, -5352.537392906645, -9343035.133251248, 408.04194920717816, 2070.0868909047153, 3613861.3005818515, 0.0001129022106890204, 0.0005727601352130428, 0.9997678706251527]
[-1003.6433306005363, -5310.914230351443, -9364940.110225242, 388.21126250495615, 2053.988503895356, 3622333.273757517, 0.00010741579077054017, 0.0005683061268328671, 1.0021119474274864]
[-1049.1266344622557, -5341.719865016262, -9353580.98996179, 405.80371110318447, 2065.9030258281277, 3617939.8879501624, 0.00011228296267186176, 0.0005716025636936177, 1.0008963505496915]
[-1110.9129679671842, -5325.974441890055, -9331279.228578173, 429.7013877225655, 2059.8123601883617, 3609314.5580939576, 0.00011889464858646461, 0.0005699176602583251, 0.9985098487106978]
[-1070.1424920000263, -5389.51691669277, -9345898.28522408, 413.932165481566, 2084.389718051315, 3614968.5607187157, 0.00011453185080571159, 0.0005767172068589273, 1.0000742281219572]
[-1069.220320375517, -5353.270421263084, -9353527.792457217, 413.57553407559175, 2070.3703739051953, 3617919.219047105, 0.00011443318175800827, 0.0005728385477571477, 1.0008906257414962]
[-1070.1600052258807, -5355.177627046556, -9351770.998108493, 413.93885326774455, 2071.107996168465, 3617239.7480542716, 0.00011453374057937504, 0.0005730426306552569, 1.0007026247748592]
[-1015.2970849521691, -5301.241250744872, -9378170.470970457, 392.718556262492, 2050.247150303646, 3627450.0841827686, 0.00010866284311608184, 0.0005672710060332349, 1.0035276868773173]
[-1047.178681160266, -5324.422970284939, -9366890.162474852, 405.0497951021366, 2059.2129558222214, 3623087.3528152015, 0.00011207447023580721, 0.0005697516161888407, 1.0023205827035608]
[-1071.4193658610761, -5372.770459166764, -9360752.357421717, 414.42587208675246, 2077.912647735673, 3620713.341135894, 0.00011466849848250356, 0.0005749251877861139, 1.0016637170266387]
[-1054.025281225441, -5337.480032892711, -9368277.103917217, 407.6978648776636, 2064.263139556028, 3623623.727550153, 0.00011280712610402316, 0.0005711488227934647, 1.002468987622347]
[-1019.3146824078185, -5317.559159347081, -9381943.180893924, 394.27203827714015, 2056.558522930811, 3628909.401198611, 0.00010909271221267125, 0.0005690171024700358, 1.0039314712131657]
[-1046.459142913868, -5319.302514962488, -9379424.843629276, 404.77126947479775, 2057.2326568914596, 3627935.2419211306, 0.00011199745703306648, 0.000569203672282979, 1.0036619242974179]
[-1068.0189546114595, -5355.371281511849, -9373535.505669147, 413.1103604882192, 2071.1830859016254, 3625657.395059002, 0.0001143045887523803, 0.0005730633179426633, 1.003031670398754]
[-1066.8407774802556, -5346.874174792191, -9375431.93374909, 412.654548868857, 2067.8965782958794, 3626390.891026124, 0.000114178505295737, 0.0005721540527054863, 1.0032346206111462]
[-1061.5142288499742, -5333.406135930932, -9378434.058869813, 410.5941800179745, 2062.687451201122, 3627552.049321916, 0.00011360849744553257, 0.0005707128633132191, 1.0035559004741497]
[-1056.2929025334745, -5335.337865789129, -9387520.082662765, 408.574742447119, 2063.4346668603994, 3631066.1406059205, 0.00011304976736891394, 0.0005709195564795458, 1.0045281991713348]
[-1041.6237099850205, -5304.171746135196, -9393882.430487173, 402.90075498775286, 2051.380332378572, 3633526.893366878, 0.0001114800102426269, 0.0005675845277481035, 1.0052090583168904]
[-1005.1934432313584, -5276.396528247899, -9406266.738482121, 388.80977584375756, 2040.6378471601083, 3638316.771319155, 0.00010758159458522962, 0.0005646123571761829, 1.006534358424118]
[-1062.9462256568627, -5320.727408450932, -9390190.039687242, 411.1478523527457, 2057.7835749601063, 3632098.844927731, 0.00011376172155825944, 0.0005693561117181566, 1.004813938595486]
[-1055.4464296783478, -5310.673955911828, -9397416.060521314, 408.24702165330615, 2053.8952056732182, 3634893.6191845676, 0.00011295916337536791, 0.000568280300959498, 1.0055872160101875]
[-1089.9712868855847, -5368.267952177177, -9385033.799620854, 421.6007858441707, 2076.170993750943, 3630104.623243102, 0.00011665367531081199, 0.0005744433184384706, 1.0042621657021147]
[-1042.1271855271211, -5309.789180255619, -9404624.976211103, 403.09513417237014, 2053.553159630567, 3637681.8066300577, 0.00011153386844482043, 0.0005681856242939745, 1.0063586727819038]
[-1059.2593950616151, -5347.41152338697, -9402244.23454905, 409.721761655223, 2068.104575844793, 3636760.991269233, 0.00011336720082007429, 0.0005722115075942486, 1.0061038935120679]
[-1101.5551160051816, -5352.6463109567885, -9389610.841713654, 426.0810501169742, 2070.128773021034, 3631874.9403993213, 0.00011789323687067213, 0.0005727716645858316, 1.0047519941101821]
[-1103.4095256990188, -5335.714885330658, -9393296.408321846, 426.798238221971, 2063.5800518024466, 3633300.413507926, 0.00011809166598475453, 0.0005709598594549784, 1.0051464053560504]
[-1100.0645041859768, -5378.038884273731, -9395227.165536352, 425.50451890475813, 2079.9502221414177, 3634047.096596646, 0.0001177337471009612, 0.0005754888771111079, 1.0053529985182401]
[-1084.5574105674784, -5350.714670398218, -9403632.54018345, 419.50655408232393, 2069.3819366195758, 3637297.9798818766, 0.00011607434010376278, 0.00057256496466823, 1.0062524737852692]
[-1092.0495750927264, -5356.989686352172, -9402609.17139692, 422.4043088806178, 2071.8088227609046, 3636902.2989795236, 0.0001168760490455448, 0.0005732364279756935, 1.006143001888943]
[-1054.3270430147707, -5292.812781625063, -9414686.943293711, 407.8134331193776, 2046.9869208763912, 3641573.594984154, 0.0001128393580780887, 0.0005663690003127403, 1.0074354903675797]
[-1092.033827266313, -5345.695846931255, -9407170.195856934, 422.39804437199973, 2067.4406747393314, 3638666.434536099, 0.00011687434759229312, 0.0005720278905098471, 1.006631120788379]
[-1115.8163051061551, -5367.062113155917, -9399705.38390068, 431.5967941794228, 2075.7042974130313, 3635779.364413235, 0.00011941930935313659, 0.0005743142430693754, 1.0058323101610562]
[-1139.357748440346, -5483.410281964156, -9384701.946977353, 440.70231508857876, 2120.7055796622417, 3629976.5142197013, 0.00012193854577876579, 0.0005867644486316142, 1.004226734928869]
[-1090.9897727090836, -5335.169876571299, -9414717.846056782, 421.99408098865416, 2063.3694346281354, 3641585.7171664946, 0.0001167626095372971, 0.0005709015093612139, 1.0074388552655695]
[-1069.576582950078, -5319.850735198765, -9425279.681951933, 413.7117438296425, 2057.4445038886934, 3645670.6656736187, 0.00011447118612473133, 0.0005692622410009163, 1.0085691067768543]
[-1103.0273531780679, -5376.255998947867, -9413813.81168143, 426.650126579678, 2079.2606442946962, 3641236.069141037, 0.00011805077215096686, 0.0005752980631018319, 1.007342112310002]
[-1113.9870249838234, -5393.713328475103, -9410680.403559987, 430.88914850374186, 2086.0127041661135, 3640024.2056799345, 0.0001192235747884132, 0.0005771661310806579, 1.0070068074925578]
[-1096.0853717664545, -5348.694893693414, -9423016.984532975, 423.9650445041869, 2068.6006014643517, 3644795.5726046, 0.00011730790321127717, 0.0005723487963324322, 1.0083269825320194]
[-1066.4055361085075, -5307.684438001544, -9435913.735923111, 412.48512097821725, 2052.738928259669, 3649783.672872837, 0.00011413184126912056, 0.0005679603413203586, 1.0097071298779017]
[-1085.509043369138, -5359.832634055297, -9428927.156910567, 419.874233826352, 2072.9085598836846, 3647081.515059024, 0.00011617612861526588, 0.0005735406181702465, 1.0089594787711933]
[-1100.241968493914, -5345.325837739067, -9427895.889305547, 425.57267528933215, 2067.297575089798, 3646682.6837540236, 0.00011775268809892207, 0.0005719882742648108, 1.008849129113014]
[-1180.7859508885524, -5418.999417897083, -9395397.08759779, 456.725943044649, 2095.792142417898, 3634113.4039935763, 0.0001263717009848427, 0.0005798719348852307, 1.0053713823804546]
[-1103.1874751162825, -5341.076305874638, -9426724.508163791, 426.7118576180199, 2065.6537678756176, 3646229.770565869, 0.00011806787415549242, 0.0005715335337248961, 1.0087238226709632]
[-1105.6549799452323, -5359.624818648382, -9424381.632048855, 427.66620085879197, 2072.8279868007107, 3645323.681612231, 0.00011833192821429604, 0.0005735183779681254, 1.008473123193105]
[-1092.5341941689526, -5353.178096128771, -9431490.05303754, 422.5912508478257, 2070.3347150094273, 3648072.998848059, 0.00011692786962306204, 0.0005728285262319869, 1.0092338249375938]
[-1094.4876347169984, -5330.84425892743, -9433540.677332193, 423.3468375423085, 2061.6963560733366, 3648866.1183482166, 0.00011713690529929474, 0.0005704386209129035, 1.0094532712934499]
[-1098.7476217800993, -5346.017512206923, -9431270.727369657, 424.99448932073705, 2067.5650679602686, 3647988.237522981, 0.00011759276549628681, 0.0005720622860306941, 1.0092103768150962]
[-1095.0425628942698, -5352.165495000063, -9435816.410089688, 423.561548630118, 2069.943023983907, 3649746.3155652573, 0.00011719630119019256, 0.0005727201629255652, 1.0096968117782108]
[-1065.1271968836477, -5288.8021708033775, -9447717.231479876, 411.9905449496968, 2045.435575803568, 3654349.2170191472, 0.00011399503181222867, 0.0005659397818281192, 1.010970379173011]
[-1082.4092307971173, -5325.709163892771, -9439354.40021794, 418.6749815964108, 2059.7103499041336, 3651114.8116066153, 0.00011584439195993685, 0.0005698891313381503, 1.010075464620829]
[-1097.69125130272, -5362.579982912785, -9432372.633801661, 424.5859238813796, 2073.9710370819225, 3648414.555039326, 0.00011747973483887172, 0.0005738345997588984, 1.0093283421095385]
[-1069.2096270041664, -5306.682687537647, -9450010.731557177, 413.56966535785153, 2052.3514535018685, 3655236.3282619794, 0.00011443189845693377, 0.0005678531383800999, 1.0112158353728966]
[-1113.614855110825, -5365.747221046886, -9427284.47593904, 430.74493126137656, 2075.195949571149, 3646446.7093651295, 0.00011918371782695804, 0.0005741735231931228, 1.008783869930694]
[-1052.9708423703928, -5360.805267432177, -9450495.564333517, 407.2888731262434, 2073.285218500991, 3655423.7805320225, 0.00011269425154174628, 0.0005736447208976175, 1.0112676968620224]
[-1094.875723017498, -5329.733152802791, -9438741.466935255, 423.49701554610544, 2061.2665766044597, 3650877.878445872, 0.00011717844008187678, 0.000570319733714018, 1.010009916496725]
[-1115.3443629350375, -5365.210798466243, -9430709.418723019, 431.4140870034503, 2074.988380454622, 3647771.4019945324, 0.00011936879866496023, 0.0005741161247353702, 1.0091503978002379]
[-1098.7277187981265, -5357.5227574798555, -9436452.089959705, 424.9869814705269, 2072.0150138974122, 3649992.5058820373, 0.00011759065120598772, 0.0005732934409620566, 1.0097649505531296]
[-1101.6385530458615, -5348.092255476977, -9435872.700245867, 426.1128566130081, 2068.3674403434234, 3649768.4456606917, 0.00011790213535191592, 0.0005722843055990887, 1.0097029577882997]
[-1089.3953105659593, -5328.744286761192, -9438270.454926644, 421.37723736887995, 2060.8841101217918, 3650695.910811527, 0.00011659197189568677, 0.0005702139139970025, 1.0099595814171005]
[-1105.1514048037345, -5330.82778656837, -9432484.251963286, 427.4714451417597, 2061.689799834731, 3648458.083254312, 0.00011827801698663541, 0.0005704368700573864, 1.0093404086456974]
[-1126.6185325909871, -5341.7888751720675, -9423821.24282533, 435.77468848558726, 2065.9290383748707, 3645107.585979706, 0.00012057521863373132, 0.0005716097866289122, 1.0084133734130967]
[-1133.3920067371728, -5404.16768630656, -9412546.119547969, 438.3944281779873, 2090.0558555859448, 3640746.9258561595, 0.00012130004841036546, 0.0005782848177421133, 1.0072068465218167]
[-1073.049189752014, -5304.34926248153, -9442294.643093944, 415.05483859270464, 2051.44878134662, 3652252.4327768967, 0.00011484277858485353, 0.0005676034639775708, 1.0103902573814727]
[-1096.9980557749038, -5322.17379700921, -9435580.868795441, 424.31803958580224, 2058.342682401257, 3649655.827100163, 0.00011740553638025051, 0.0005695108318861464, 1.009671813766549]
[-1052.1365208477894, -5297.703622843313, -9451576.615206826, 406.96635919216436, 2048.878534424048, 3655842.3548712484, 0.00011260492915167919, 0.0005668923342889024, 1.011383540327868]
[-1077.6332949719429, -5317.521972033126, -9437766.761755543, 416.8280323969557, 2056.5436328577466, 3650501.312113844, 0.00011533332512423609, 0.0005690130603028347, 1.009905752054051]
[-1063.4141741679339, -5310.3055798466785, -9444079.611925043, 411.32838853295107, 2053.7526379548854, 3652942.87327662, 0.00011381174795805767, 0.0005682408464061783, 1.0105812980979294]
[-1077.9305245818748, -5321.563967299201, -9436092.135391863, 416.9431206001071, 2058.1070275521465, 3649853.6490309495, 0.0001153651440889367, 0.0005694455955034826, 1.0097265537171656]
[-1073.856072459342, -5306.02194014576, -9437898.453537561, 415.36721266418226, 2052.095659815487, 3650552.3029954215, 0.00011492913237644907, 0.0005677824671057188, 1.0099198642033138]
[-1090.7964094208671, -5324.733056567822, -9428943.890181791, 421.91955546133744, 2059.3325541536474, 3647089.015538553, 0.00011674192657499842, 0.0005697847158653813, 1.008961619675063]
[-1052.2149818565363, -5298.9685805379095, -9441312.859410351, 406.99688751376095, 2049.3677072630653, 3651872.850901272, 0.00011261334982818237, 0.0005670277151736888, 1.0102852408541774]
[-1054.7105932213378, -5304.354052458084, -9437633.847419983, 407.96209084245595, 2051.45074895621, 3650450.031175169, 0.00011288039012305237, 0.0005676040087160051, 1.009891571310151]
[-970.0177830602288, -5225.868454473281, -9466457.304024683, 375.20406562800133, 2021.0949073847803, 3661597.896575756, 0.00010381742574001975, 0.000559205425219366, 1.0129760365248188]
[-1071.3137040182341, -5320.958025528579, -9429826.954414492, 414.3842194117077, 2057.8725389889937, 3647430.5889186026, 0.00011465711028325319, 0.0005693807760147233, 1.0090561307708543]
[-1018.7701877029004, -5299.8142145046595, -9444891.645140203, 394.0610745790243, 2049.695230167785, 3653257.050030912, 0.0001090344491770187, 0.0005671182326185876, 1.0106682337360446]
[-1075.517710422502, -5337.503845018325, -9419326.754885389, 416.0101659275954, 2064.2721601647568, 3643369.6007000115, 0.00011510698085703037, 0.0005711513289338929, 1.0079325165069966]
[-1082.4864751761477, -5327.653646295246, -9421607.92735632, 418.7058555445243, 2060.4622433550353, 3644251.829419328, 0.00011585271113715704, 0.0005700972736129643, 1.008176614463824]
[-1072.4929468417176, -5316.184284588186, -9422535.136835387, 414.8405244767586, 2056.026138784919, 3644610.483674146, 0.00011478329996971273, 0.0005688699603784277, 1.0082758520619504]
[-1050.051168461916, -5307.354988758825, -9428209.588758688, 406.1603989647673, 2052.611462671963, 3646805.1143731955, 0.0001123818239674257, 0.0005679251721593588, 1.0088830743960446]
[-1145.756965905, -5419.972824060405, -9384065.813973285, 443.1781687858058, 2096.168757638757, 3629731.942805514, 0.00012262332494671465, 0.0005799761927991967, 1.0041591585379488]
[-1077.3953923414176, -5332.074353356561, -9413597.251874533, 416.7368996920383, 2062.1720491277765, 3641153.6558783115, 0.00011530792736938758, 0.000570570346806644, 1.0073193954137145]
[-1060.9590490927949, -5318.503937542556, -9417449.241883041, 410.3796036142441, 2056.923470069481, 3642643.464795183, 0.00011354908094110281, 0.0005691182121717422, 1.007731605557655]
[-1073.1766821336737, -5343.5336303836375, -9408888.958950607, 415.1053804270515, 2066.604256384282, 3639332.6193647506, 0.00011485651887432334, 0.0005717965944388692, 1.0068155364253857]
[-1070.9190096432924, -5350.4851495043795, -9406372.224103114, 414.2321673247482, 2069.2930537861957, 3638359.25415338, 0.00011461492734624764, 0.0005725404763183868, 1.0065462203368816]
[-1000.2100147880777, -5270.831915833418, -9431048.360399794, 386.88292152719333, 2038.485475497815, 3647903.0367403035, 0.0001070483697103859, 0.0005640169566748421, 1.0091868541039504]
[-1066.522390375784, -5344.484055410586, -9402143.723690903, 412.5316823204005, 2066.9719477837825, 3636723.878003639, 0.00011414444270754174, 0.0005718983216997769, 1.0060937370876861]
[-1042.5744079180372, -5316.925968896069, -9411548.671410821, 403.26902410495023, 2056.3132993257627, 3640361.361904259, 0.00011158176631467354, 0.0005689493851219658, 1.0071001797056247]
[-1050.0718015634773, -5355.294011479214, -9400724.2356963, 406.1689713650669, 2071.1531926698053, 3636174.8542941464, 0.00011238409435977583, 0.0005730550843464806, 1.0059418284658395]
[-1044.310985574289, -5324.437742590907, -9404396.952146009, 403.94087356618365, 2059.2186096102655, 3637595.336733062, 0.00011176761596028385, 0.0005697532166336747, 1.0063348575399416]
[-1060.257977992187, -5332.10075256322, -9397782.340545945, 410.1090192053447, 2062.182426065545, 3635037.0386494957, 0.00011347410182141265, 0.0005705732286618016, 1.0056270102570335]
[-1054.7333821321797, -5339.427775393265, -9390279.358311027, 407.972139464303, 2065.016279208561, 3632135.207657444, 0.00011288292713518044, 0.0005713572901435272, 1.0048241156227349]
[-1051.158378585838, -5298.809753665237, -9398562.99659336, 406.58963002995534, 2049.30606781545, 3635338.938171477, 0.00011250035763708109, 0.0005670108351716135, 1.0057105399107111]
[-1054.3281218108295, -5329.444868481453, -9385195.87448545, 407.8154815604222, 2061.1550694943376, 3630169.146508101, 0.00011283955561832763, 0.00057028904669087, 1.0042801357165845]
[-1455.9773735438912, -5893.191308503509, -9221421.31929153, 563.1679424315892, 2279.196320448808, 3566828.089931348, 0.0001558198684698895, 0.0006306142560061235, 0.986754575851306]
[-1042.0761671956034, -5333.278033242899, -9387310.212252688, 403.07688188650525, 2062.6378351404337, 3630986.814990438, 0.00011152849756457573, 0.0005706992378069083, 1.0045063685099274]
[-1056.8005640467698, -5334.496300751677, -9378896.489849692, 408.77211474138073, 2063.108862173946, 3627732.696438059, 0.00011310415628537602, 0.0005708296107906213, 1.0036059976629887]
[-1046.5379311760098, -5324.517781169585, -9382132.002480647, 404.8027685228242, 2059.249497889368, 3628984.0541585847, 0.00011200595218718905, 0.0005697618363288176, 1.0039522302653843]
[-1004.4822832792577, -5302.591714391109, -9394154.018947078, 388.536292427241, 2050.7693906785494, 3633633.6732987496, 0.00010750560157929888, 0.0005674155815970218, 1.0052387138567276]
[-1031.0977468824997, -5354.986308954638, -9379265.088410381, 398.83086314533773, 2071.0343737074295, 3627875.190363414, 0.00011035373635662946, 0.0005730222274338446, 1.0036454195770894]
[-1037.5740707239345, -5332.2410298329, -9375173.886816444, 401.33578465782966, 2062.2367701413773, 3626292.9380322723, 0.00011104674444239692, 0.0005705882902506088, 1.003207636357374]
[-1015.2004654762096, -5337.425097901838, -9379727.141171305, 392.6821087824437, 2064.242079982821, 3628053.921156719, 0.0001086525641770776, 0.000571143041805159, 1.003694873628223]
[-957.0051955275126, -5248.70123245666, -9401773.683704501, 370.17293840272976, 2029.926108169112, 3636580.691829242, 0.00010242508073007738, 0.000561648889910693, 1.0060541150408795]
[-1018.3113039026886, -5326.521291117079, -9376531.485481963, 393.88552912067956, 2060.0247119387377, 3626817.8862675643, 0.00010898546684262643, 0.0005699762641504546, 1.0033528747547256]
[-1012.6028280567832, -5280.630800979599, -9377990.260146797, 391.6775365743266, 2042.2751127033707, 3627382.1441605496, 0.00010837457858802026, 0.0005650656079317811, 1.0035090009929153]
[-1012.6590431509144, -5299.5714415829725, -9372058.159326078, 391.699264438082, 2049.600993907759, 3625087.8499931702, 0.00010838060027305765, 0.0005670924159305853, 1.0028742022021102]
[-1043.1814174509843, -5323.418251842337, -9358119.96157676, 403.504961238361, 2058.8240075444955, 3619697.1046143603, 0.00011164679424162499, 0.0005696442031730677, 1.0013826578135154]
[-1014.8847989661267, -5308.18170853349, -9366702.49065503, 392.5602870284487, 2052.9312428407907, 3623016.4524709, 0.00010861878477642038, 0.0005680137951037376, 1.002301072973562]
[-1027.2444349289108, -5340.601666311962, -9359917.552031413, 397.3409754457189, 2065.4704957438066, 3620392.237420662, 0.00010994140911580796, 0.000571482994850768, 1.0015749847537128]
[-1023.854317444392, -5332.694111854356, -9357575.136138838, 396.02975433315913, 2062.4120280343654, 3619486.276227162, 0.00010957864016653098, 0.0005706368292269046, 1.0013243174205817]
[-978.095801348411, -5270.169906278804, -9371256.598174471, 378.33077967693276, 2038.229417126987, 3624777.848198114, 0.00010468199748825296, 0.0005639462381096155, 1.0027884296773002]
[-1004.1195911230111, -5302.950964625011, -9361311.114389239, 388.39664136017683, 2050.9081645966326, 3620931.247648029, 0.00010746681612190796, 0.0005674540783006105, 1.0017241236473682]
[-991.2310289659167, -5290.907777965377, -9367167.640257174, 383.4116613161846, 2046.2502401951606, 3623196.3025728674, 0.00010608761202309013, 0.000566165362498749, 1.0023508317186738]
[-1000.1328562415163, -5340.0804388720735, -9350789.419618553, 386.8545969737425, 2065.269108943529, 3616861.9001398976, 0.0001070402102226293, 0.000571427238912343, 1.0005981935638502]
[-1008.9954464526235, -5337.8272337233975, -9347270.058636187, 390.28265764036297, 2064.3974880812143, 3615500.713812901, 0.00010798859998662809, 0.0005711861350128477, 1.0002215698965966]
[-943.1731482872727, -5248.388132135484, -9370717.212679736, 364.82329844376693, 2029.8049309613946, 3624569.2583014173, 0.0001009449354304321, 0.0005616154394020845, 1.002730717226102]
[-987.1858131907263, -5298.246622282658, -9360164.114424052, 381.84724156461704, 2049.088817002749, 3620487.552841679, 0.0001056547589889464, 0.0005669506974104131, 1.0016013543241693]
[-998.786619081268, -5326.300499928139, -9350093.317866491, 386.3342505162834, 2059.9393506918473, 3616592.5778700775, 0.0001068961696204363, 0.0005699526893980818, 1.0005236696082345]
[-1000.6432497700464, -5316.660134611211, -9346589.80080425, 387.05236709778, 2056.210606377669, 3615237.5720223235, 0.00010709484203382751, 0.0005689211019821599, 1.0001487593541398]
[-1002.0412510149504, -5311.595127387193, -9346283.378018327, 387.59317074132696, 2054.2515116109125, 3615119.0567999366, 0.00010724443847926018, 0.0005683791093291202, 1.0001159676484155]
[-982.9945670234506, -5315.376966870778, -9348915.471737728, 380.226235059319, 2055.7143602450074, 3616137.035573053, 0.00010520627801649518, 0.0005687837945144626, 1.000397627517571]
[-995.1220735129803, -5340.667589376751, -9342896.844241554, 384.9171180253491, 2065.496185090134, 3613809.205626619, 0.00010650405983524762, 0.0005714901033926195, 0.9997535453339352]
[-897.2673679532985, -5276.843311753988, -9372676.120808795, 347.0680035246244, 2040.8113397721413, 3625326.8159568836, 9.603262700576058e-05, 0.0005646604076167724, 1.0029403183943846]
[-1011.5050581219507, -5346.380606245761, -9333542.891086332, 391.2538042374145, 2067.705711590574, 3610191.54020997, 0.00010825718357469448, 0.000572101446454143, 0.998752592326549]
[-973.657286167996, -5314.0681054759425, -9344099.048858153, 376.6147043741936, 2055.2082530112957, 3614274.332337024, 0.00010420709054654943, 0.0005686437497908988, 0.9998822497296561]
[-978.0739567645115, -5314.341680437951, -9347742.620337695, 378.3232599564073, 2055.314166518027, 3615683.3930217265, 0.00010467973949063247, 0.0005686730443116339, 1.0002721090175817]
[-982.5544927053705, -5292.424689600723, -9346946.111861888, 380.0562681975247, 2046.8369794861776, 3615375.382359469, 0.00010515918564486881, 0.0005663277412757714, 1.0001868897691957]
[-992.6663520569113, -5326.315284049644, -9338827.290785061, 383.9674544823013, 2059.9450966344925, 3612235.3347474714, 0.00010624127405312622, 0.0005699543108856164, 0.9993180817073612]
[-992.9303774231875, -5326.586522358422, -9338103.531185977, 384.0696471699605, 2060.049976283569, 3611955.394781425, 0.00010626953524995603, 0.0005699833428660625, 0.9992406250394876]
[-1000.1981872656413, -5331.483220468038, -9335373.725206733, 386.88080568669983, 2061.943814549462, 3610899.6047231196, 0.00010704726611612669, 0.0005705073282825508, 0.9989485020346481]
[-1006.8653006593217, -5352.4076275656125, -9327055.931651479, 389.45946481543103, 2070.0369012250444, 3607682.647229562, 0.00010776071524847552, 0.0005727464150391973, 0.9980584169363733]
[-993.0314318649387, -5380.152217796819, -9328902.432656154, 384.1088203843578, 2080.768093142143, 3608396.79005366, 0.00010628037883484965, 0.0005757153086827638, 0.9982560096393711]
[-954.2320544509595, -5291.20136363065, -9345743.452560863, 369.1015916967081, 2046.3641320157928, 3614910.3087618127, 0.00010212843140937767, 0.0005661968594479497, 1.0000582146757]
[-994.1143376541487, -5346.785032379893, -9329203.100762226, 384.52769233677685, 2067.862325944239, 3608513.0844184933, 0.00010639624739816699, 0.0005721447656909884, 0.998288187172502]
[-995.6857406224804, -5342.010323794324, -9329604.406410396, 385.1355904682823, 2066.015480775841, 3608668.274769586, 0.00010656440713132439, 0.0005716338298188404, 0.998331124984968]
[-948.7322190887595, -5255.335853660908, -9349743.610056106, 366.97441447733763, 2032.4920064962403, 3616457.464567601, 0.00010153986998662783, 0.0005623589580839006, 1.000486294557877]
[-935.1398496003975, -5266.604885884262, -9352067.442844724, 361.71705801118287, 2036.8509512149437, 3617356.231472543, 0.00010008536143450423, 0.0005635648499206339, 1.0007349708798243]
[-970.4808313849313, -5307.437150151975, -9340217.733260663, 375.3867592851476, 2052.6436070384743, 3612773.1074362947, 0.00010386722481899868, 0.0005679342300267965, 0.9994668762206251]
[-988.3801636184088, -5353.492529933642, -9329010.987596437, 382.3099788689771, 2070.456700606177, 3608438.7949818852, 0.00010578263817251798, 0.0005728625218871605, 0.9982676331056135]
[-998.5660629763607, -5325.801913908226, -9326437.206494287, 386.2496532190869, 2059.746371133732, 3607443.4146333495, 0.0001068726026679643, 0.0005698993971437843, 0.9979922288031734]
[-986.1333768526297, -5349.557817863087, -9327100.614056768, 381.4409512766795, 2068.934834184762, 3607699.9306967314, 0.00010554221338722067, 0.0005724414826479063, 0.9980631991640688]
[-994.327887631546, -5339.134714323589, -9323866.321471913, 384.6104053325696, 2064.9032751970235, 3606449.0829294715, 0.00010641908654913728, 0.000571326122457478, 0.99771711008841]
[-989.1127703800994, -5329.637657151162, -9327793.01671657, 382.5933338241072, 2061.230017478698, 3607967.7681462737, 0.00010586101515524729, 0.0005703098538595343, 0.9981373088356358]
[-981.5119765941048, -5331.434129382612, -9326365.699078463, 379.6533601968774, 2061.924964505798, 3607415.7336937184, 0.00010504766369319263, 0.0005705021022773096, 0.9979845682964723]
[-983.1695800576838, -5345.021869518532, -9325702.006449752, 380.29460462762114, 2067.1804288010662, 3607158.9908259474, 0.0001052250613300673, 0.000571956092680307, 0.9979135277466537]
[-978.5849682954268, -5345.521792728412, -9328236.240914738, 378.5213954265124, 2067.3738723187516, 3608139.1284450884, 0.0001047344608423466, 0.0005720095902780158, 0.99818471793719]
[-987.6897737333858, -5330.691963441345, -9325246.779122582, 382.04302583025736, 2061.637742430549, 3606982.910611181, 0.00010570875822134266, 0.0005704226776179567, 0.9978648077608451]
[-975.7081513787125, -5368.474764194403, -9324012.731456706, 377.408689810942, 2076.2516551643116, 3606505.573069858, 0.00010442663970425141, 0.0005744657589808331, 0.9977327314836935]
[-1003.1526294661966, -5339.596975991621, -9320330.563542854, 388.0238489005032, 2065.0819715493226, 3605081.5003351937, 0.00010736342605472754, 0.0005713755870599605, 0.9973387131812889]
[-981.7745066535591, -5333.857325503475, -9323798.906588972, 379.7549799399584, 2062.8622019728314, 3606422.940209522, 0.00010507576012772726, 0.0005707614081113475, 0.9977098723398479]
[-998.034143952333, -5315.880964439998, -9321454.388843937, 386.044035660517, 2055.90916297317, 3605516.1424484164, 0.00010681569176085049, 0.0005688377930971497, 0.9974589720311019]
[-956.4006729273921, -5290.792285269563, -9335538.145139894, 369.94073674913733, 2046.205845276493, 3610963.1808136487, 0.00010236050746275585, 0.0005661531118703006, 0.9989660916954897]
[-978.4054073897797, -5325.767876052594, -9324879.316105397, 378.45188978172143, 2059.733475448313, 3606840.7282158313, 0.00010471524374792904, 0.000569895780682444, 0.9978254638992693]
[-966.6006790717205, -5303.4456253518065, -9332573.407418462, 373.886036021748, 2051.099774304855, 3609816.4979789187, 0.00010345201024947661, 0.0005675071215106821, 0.9986488179796539]
[-1023.6644481015524, -5332.605667685112, -9306251.59727438, 395.9572616070322, 2062.377620559128, 3599636.345269976, 0.00010955836906457172, 0.0005706274631880824, 0.9958321165587309]
[-976.9240519515773, -5371.629239767925, -9317273.842759747, 377.8788617338904, 2077.471709588559, 3603899.207097222, 0.00010455675069916134, 0.0005748033118143235, 0.9970115843297772]
[-956.0513576607557, -5319.483070965905, -9330746.591814034, 369.8055766251502, 2057.3028004161547, 3609110.005324868, 0.00010232312762298399, 0.0005692232460977557, 0.9984533443094552]
[-997.2687554731477, -5347.0987277029235, -9316148.99492366, 385.74798225840584, 2067.98348904635, 3603464.1639391365, 0.00010673380244308391, 0.0005721783376017245, 0.9968912141611749]
[-991.2187377521623, -5330.646992194886, -9326417.071367335, 383.40809279295405, 2061.6203678202614, 3607435.4336190247, 0.00010608637796592488, 0.0005704178531657639, 0.9979900082206139]
[-976.4318440345626, -5324.362239444263, -9324341.061633736, 377.68844753158066, 2059.18971326168, 3606632.5731764543, 0.00010450403188644601, 0.0005697453456420685, 0.9977678716026043]
[-984.0882193437457, -5345.30388981409, -9319089.555943176, 380.64979700989807, 2067.2894895041677, 3604601.4899421996, 0.00010532334508334486, 0.0005719862719369671, 0.9972058985737684]
[-1007.2444698801512, -5375.672754056852, -9310412.050839305, 389.6063940174693, 2079.0353129318223, 3601245.323187178, 0.00010780130191791604, 0.0005752359840975493, 0.9962772906548696]
[-967.7521515315948, -5306.866571205948, -9327060.520412436, 374.3311383737284, 2052.4228196110985, 3607684.3807927906, 0.00010357520312342463, 0.0005678731634499328, 0.9980588939616676]
[-972.8818509444428, -5350.905671122493, -9323443.315261932, 376.31540128408494, 2069.4562552506663, 3606285.239353806, 0.00010412417926468668, 0.0005725857121227883, 0.9976717614431554]
[-967.9267144138486, -5392.929372570326, -9318370.542080035, 374.3987423783541, 2085.71026946663, 3604323.316364445, 0.00010359394424249249, 0.0005770825908398248, 0.9971289262344307]
[-988.0545802787154, -5348.05510476717, -9319752.048428774, 382.1839510153541, 2068.3535300306994, 3604857.6321229623, 0.00010574778976960479, 0.0005722806684029205, 0.9972767642127663]
[-1026.0429148188186, -5368.319699820268, -9303516.44331418, 396.87720147245534, 2076.1911119088445, 3598578.3165638084, 0.00010981291309524729, 0.0005744491420189891, 0.9955393632895992]
[-976.2217796957813, -5308.842226036587, -9327864.11270329, 377.6071216268677, 2053.186965971357, 3607995.026990078, 0.00010448155166263711, 0.0005680845782634004, 0.9981448357783406]
[-897.7577991184714, -5266.949771072668, -9356519.168384353, 347.2582546926839, 2036.9846591155776, 3619077.7329573394, 9.608513326560801e-05, 0.000563601749303431, 1.0012112704584337]
[-927.0980988017186, -5350.960551349408, -9337398.256488387, 358.60669743618854, 2069.478118507754, 3611682.420167285, 9.922488151688261e-05, 0.0005725915919860474, 0.9991650838574042]
[-1016.7485510914482, -5382.157812866367, -9312087.127463413, 393.2824295016157, 2081.5435361460936, 3601893.00150095, 0.00010881834261227358, 0.0005759299293575506, 0.9964564830683168]
[-995.5251907886317, -5325.894127072389, -9325464.364320884, 385.0734371043968, 2059.7820671801896, 3607066.8597647687, 0.00010654719807036345, 0.000569909252485808, 0.9978880222977392]
[-959.572798238294, -5301.826778248109, -9338564.995665727, 371.16751543328667, 2050.4737119566526, 3612133.67073894, 0.0001026999427639955, 0.0005673338528469624, 0.9992899387427839]
[-952.7408441465394, -5283.6662227476945, -9336759.880258871, 368.5246935737717, 2043.4495498651133, 3611435.6718569454, 0.00010196881705755627, 0.0005653905276467467, 0.9990968216239778]
[-895.6850066868774, -5250.951898185522, -9361209.75117491, 346.45634651637505, 2030.7969839189407, 3620891.8826519684, 9.586329553057594e-05, 0.00056188983353261, 1.00171322158407]
[-997.4464734829769, -5348.495053535874, -9320573.06393412, 385.81634479625757, 2068.5236790771733, 3605175.0942888954, 0.00010675279639097343, 0.0005723277409583513, 0.9973645968481614]
[-916.4603840961653, -5269.068755902283, -9366741.225650398, 354.4923960006972, 2037.8041782394832, 3623030.9891588334, 9.808649580578848e-05, 0.00056382849784794, 1.0023050667180997]
[-998.0484950848194, -5355.209935722176, -9323252.241837064, 386.04922985735016, 2071.1209131767223, 3606211.2244422934, 0.00010681722948670189, 0.0005730462821277006, 0.9976512751930934]
[-1001.7547251747035, -5348.693467496297, -9323123.876177398, 387.4827005350199, 2068.6004034889133, 3606161.5973925004, 0.00010721382140420708, 0.000572348962900383, 0.9976375453359874]
[-1030.1655766288422, -5368.46024871748, -9310771.764356695, 398.47155555794876, 2076.2454541409757, 3601384.2733629528, 0.00011025406140006284, 0.0005744641674717446, 0.9963157252134394]
[-1009.3985427099309, -5329.597461418995, -9325628.994391307, 390.43915401107193, 2061.2144068264224, 3607130.475842544, 0.0001080317671656271, 0.0005703055341812265, 0.9979056203887325]
[-869.9692147989963, -5265.048060847906, -9374996.647920832, 336.50973043206307, 2036.24950879024, 3626223.9947677827, 9.311147624245863e-05, 0.0005633982413936193, 1.0031885355629186]
[-998.0077681288944, -5340.70708565905, -9329035.467452502, 386.0332650698166, 2065.5115571309484, 3608447.940540726, 0.0001068128526037571, 0.0005714943568245999, 0.9982701429949944]
[-1001.5510367849884, -5372.9729227129055, -9325549.928848544, 387.4037818702338, 2077.9912159634378, 3607099.8773956783, 0.00010719203105117202, 0.0005749470466130849, 0.9978971530105327]
[-887.5934881246143, -5264.378128525483, -9369207.330945455, 343.32626187944624, 2035.9902503710957, 3623984.9948956915, 9.499741797204067e-05, 0.0005633265354953828, 1.002569040473639]
[-977.7182571151795, -5310.607400680148, -9336461.146170517, 378.1852632481985, 2053.8698089403088, 3611319.9971014084, 0.0001046416517455947, 0.0005682734389843055, 0.9990648073374863]
[-944.8942524266937, -5300.788304035394, -9351348.7088887, 365.4894770142291, 2050.072329264306, 3617077.8785627247, 0.00010112917584571288, 0.0005672227179246296, 1.0006579305753867]
[-976.9511874196124, -5313.390429605771, -9340871.374667268, 377.88855743848853, 2054.946254530367, 3613025.6865734016, 0.00010455956440325377, 0.0005685712387788536, 0.9995367470968475]
[-985.7773365599154, -5314.565361809241, -9338943.26249271, 381.30241497056943, 2055.40054447514, 3612279.942036512, 0.00010550405551309703, 0.0005686969566886688, 0.9993304082318253]
[-976.2833204651477, -5307.44844496434, -9342618.844372487, 377.63020309220343, 2052.64789485909, 3613701.5337706814, 0.00010448809742201729, 0.0005679353896099491, 0.9997237443001336]
[-988.5939889391173, -5303.731174357759, -9341985.640946949, 382.3918292969766, 2051.2099976314826, 3613456.621542389, 0.00010580545562046755, 0.0005675376036840022, 0.9996559795875466]
[-995.5716582884613, -5315.121366607713, -9342699.156633144, 385.0907483680638, 2055.6154632927496, 3613732.568096042, 0.00010655213587699864, 0.0005687564382237919, 0.9997323293260254]
[-975.6409474830492, -5324.346832189811, -9350936.576607604, 377.3818473302925, 2059.183936808389, 3616918.458003824, 0.00010441936652237737, 0.0005697436361023274, 1.0006138195868524]
[-1015.5724068256086, -5337.281580483309, -9338815.004149899, 392.8267560717152, 2064.186396869557, 3612230.3076106305, 0.00010869241289082496, 0.0005711277506551932, 0.9993166732154872]
[-994.1489546685866, -5303.194303834495, -9349517.63162117, 384.54042403313207, 2051.0023419069266, 3616369.6515408354, 0.00010639989021984311, 0.0005674801457728241, 1.0004619715354757]
[-1018.3567724264051, -5416.616473084266, -9330708.329450812, 393.9035552478373, 2094.871413443287, 3609095.104638151, 0.00010899036385851459, 0.0005796172030602038, 0.9984492149694122]
[-1030.6835204478286, -5383.791338594152, -9333108.892977323, 398.67149734021535, 2082.175260233354, 3610023.388823313, 0.0001103094673605034, 0.0005761046656813238, 0.9987060481604988]
[-982.0021347978706, -5290.685479793049, -9358368.859107748, 379.842052565129, 2046.164324472011, 3619793.051892674, 0.00010510004034696479, 0.0005661415804357634, 1.0014091849039861]
[-1028.005739011093, -5329.486295924082, -9337269.489362424, 397.6353668450448, 2061.1711767533006, 3611632.742263313, 0.00011002285809877784, 0.0005702935654327034, 0.9991513465908226]
[-966.0464077828684, -5298.83898439547, -9364520.37704955, 373.67046180891026, 2049.3181256521184, 3622172.267630291, 0.00010339261293538225, 0.0005670140719072596, 1.002067484121132]
[-994.0950622657975, -5310.030951779906, -9357380.372743461, 384.51934157360546, 2053.6466604822235, 3619410.752930504, 0.00010639409907975105, 0.0005682116948740002, 1.0013034086380457]
[-1029.6160212736113, -5359.531172854377, -9341940.837614695, 398.25836896247756, 2072.7919274130772, 3613439.344072845, 0.00011019520747326743, 0.0005735086040331134, 0.9996512023855454]
[-980.8913854643824, -5270.855922189248, -9369226.985977486, 379.41247743918956, 2038.4947100205711, 3623992.426086559, 0.00010498120582700647, 0.0005640196662240375, 1.0025710856976937]
[-950.4282690071319, -5299.893370475723, -9373821.757919276, 367.6295369767642, 2049.726132083646, 3625769.6715336237, 0.00010172133858006352, 0.0005671268921695051, 1.0030628356023659]
[-1003.9818539906137, -5350.6679407198635, -9351824.140290791, 388.3432473673684, 2069.3641469252393, 3617261.8416923243, 0.00010745210156704118, 0.0005725601836441108, 1.0007088360416976]
[-1009.4374694437337, -5338.522643287902, -9356756.892605701, 390.4534984814072, 2064.6665577337867, 3619169.6216080976, 0.00010803589906461713, 0.0005712605306822182, 1.0012366913460011]
[-753.557549083698, -5164.013409089594, -9420531.988510994, 291.4812602495847, 1997.1724161284164, 3643835.948040631, 8.065416356037945e-05, 0.0005525866543208683, 1.0080615617682709]
[-994.0747398891897, -5306.719153048665, -9367558.268273722, 384.51134628821427, 2052.3656984227728, 3623347.241556341, 0.00010639191581566325, 0.0005678572893427458, 1.0023925854742803]
[-1023.1836413362836, -5343.872965713127, -9357084.20099717, 395.7703304354095, 2066.7357852897276, 3619296.2223924766, 0.00010950687459227571, 0.000571833051787974, 1.0012717207141582]
[-1022.3311141462914, -5323.2168233647835, -9358425.815915532, 395.4404175807239, 2058.7464266155703, 3619815.1996956547, 0.00010941561888765156, 0.0005696226714978925, 1.0014153204948872]
[-1017.6273287917447, -5336.163983817036, -9358676.703887196, 393.6210334992373, 2063.754211962002, 3619912.2301617926, 0.00010891228315958874, 0.0005710081245284905, 1.0014421672790648]
[-1005.2085909172104, -5340.964661022253, -9366119.405448124, 388.81769731752456, 2065.611134018352, 3622790.8101346055, 0.00010758335777662854, 0.0005715218191331239, 1.0022386327089972]
[-993.4707125202872, -5300.928321521349, -9366320.88427154, 384.2773578533317, 2050.125926441555, 3622868.7999785477, 0.0001063272771748835, 0.0005672376291825172, 1.0022602156120721]
[-1022.4689901144388, -5319.9646066659825, -9363846.643714285, 395.49364608632635, 2057.488531227445, 3621911.886884309, 0.00010943035870297202, 0.0005692746452711257, 1.001995452680477]
[-1079.723391345263, -5378.664081521866, -9338172.96705698, 417.63872236456064, 2080.1917238642577, 3611982.359288264, 0.00011555714110874236, 0.0005755559598909575, 0.9992480927262891]
[-1029.0772945545973, -5276.164566748265, -9367662.673895262, 398.0496356002174, 2040.5473550762574, 3623387.831180383, 0.00011013749565754767, 0.0005645876735299849, 1.0024038294337185]
[-1001.9172500249366, -5281.005102367174, -9377047.505292935, 387.5445189504129, 2042.4198904059713, 3627017.5396440523, 0.00010723111195699053, 0.0005651056593311394, 1.0034081210001016]
[-1033.3225261380942, -5337.00063627302, -9364074.664916342, 399.69169293326627, 2064.077643032893, 3622000.1186395693, 0.00011059181137300508, 0.0005710976322946621, 1.0020198678704682]
[-1024.6854311054572, -5283.766670603783, -9370409.2165347, 396.35086724230206, 2043.4877717935096, 3624450.1765505997, 0.00010966752123122512, 0.0005654011628060271, 1.0026977714482017]
[-995.6152141395161, -5325.634817883926, -9378100.204816952, 385.106973351948, 2059.681967298166, 3627424.7297583995, 0.00010655675999766693, 0.0005698813998561193, 1.0035207878767989]
[-999.5726567360011, -5311.672459865693, -9377596.134135174, 386.6375703491374, 2054.2816062602183, 3627229.816191285, 0.00010698023492832942, 0.0005683873162755328, 1.0034668606213222]
[-1026.2204280738333, -5333.383056486385, -9369386.72725705, 396.94467956826094, 2062.6784858688416, 3624054.7239320106, 0.00010983181883101314, 0.0005707105232750615, 1.0025883555778512]
[-1020.8969742176199, -5314.020157757653, -9373797.993024223, 394.8856079502964, 2055.189394857426, 3625760.850286037, 0.00010926214722146933, 0.0005686385417231621, 1.0030604184942733]
[-1019.2163294157663, -5317.113227505126, -9381153.006828105, 394.2357807861668, 2056.3857699978553, 3628605.4802110074, 0.00010908230200151987, 0.0005689695103257826, 1.003847488128456]
[-1011.7448061181001, -5320.128886731179, -9374817.410642048, 391.34566786732626, 2057.552201298257, 3626155.1603344413, 0.0001082827944417603, 0.0005692922278834822, 1.0031695211292648]
[-1027.8864602761762, -5296.0817512671865, -9379123.908515789, 397.58921349837004, 2048.251138272175, 3627820.7404348534, 0.00011001008593294321, 0.0005667189892559502, 1.0036303637913202]
[-1022.010141807838, -5279.622132162804, -9378965.750937283, 395.31617700339575, 2041.884904049863, 3627759.673598603, 0.00010938124598096754, 0.000564957670993608, 1.003613473970543]
[-1052.9379640714071, -5346.404042336691, -9360898.083777092, 407.27862375677705, 2067.714481287575, 3620771.792560167, 0.00011269085729280499, 0.0005721038832199643, 1.0016800230668792]
[-996.6615540864685, -5262.462426455241, -9387771.039065078, 385.5116029149816, 2035.2481315521359, 3631165.3220457556, 0.00010666868676258905, 0.0005631214456318138, 1.0045557766305144]
[-975.9820010864645, -5275.0634276928595, -9392123.203599336, 377.51302448269195, 2040.1221677288536, 3632848.590748584, 0.00010445578856502312, 0.0005644698602231228, 1.0050215151762225]
[-1020.0240392612461, -5311.943232005277, -9374507.43895805, 394.5479335525983, 2054.386068642328, 3626035.4868426886, 0.00010916872907742853, 0.000568416302582059, 1.0031364226177941]
[-1028.9801951535424, -5321.538514197507, -9372234.395944113, 398.0120997260735, 2058.0972601663184, 3625156.343453607, 0.00011012713645862334, 0.0005694430737753083, 1.0028931745764402]
[-1011.5791738116528, -5333.700381341837, -9378892.703644952, 391.2816830310944, 2062.8014046382955, 3627731.542247827, 0.00010826506305950926, 0.0005707444874259313, 1.0036056981011576]
[-1057.5295288338004, -5336.676299430936, -9362282.15629153, 409.0545085823422, 2063.9519066940975, 3621307.315162359, 0.00011318217267226005, 0.0005710629276999096, 1.0018282086364312]
[-1028.193194718922, -5322.525877726081, -9373180.803201048, 397.7076464157567, 2058.4791339055414, 3625522.484420289, 0.0001100429072624493, 0.0005695487226655626, 1.0029944875842092]
[-1007.5453410271882, -5315.9315632576345, -9381404.445715563, 389.72143619286146, 2055.928801769282, 3628703.028598048, 0.00010783340537155205, 0.0005688430866656213, 1.0038744976615994]
[-977.0675633067476, -5278.637866734773, -9390814.659304032, 377.9329344046969, 2041.5046675168105, 3632342.5556150577, 0.00010457198401494394, 0.0005648523727314652, 1.0048815059952412]
[-985.1545150250078, -5261.961901686752, -9391272.894518089, 381.060865503953, 2035.0545657589748, 3632519.8250776012, 0.00010543734698206393, 0.0005630678981125601, 1.004930556682658]
[-979.6561449025944, -5281.030887157941, -9390817.288269995, 378.9341149174892, 2042.430248774769, 3632343.6349588875, 0.00010484897524032523, 0.0005651084371022053, 1.004881808625852]
[-1012.2612991506577, -5318.908079971917, -9379265.838144941, 391.5454567472299, 2057.080038982932, 3627875.9365900373, 0.00010833806458343642, 0.0005691615983807013, 1.00364565515413]
[-996.7391682465536, -5297.519417269692, -9387044.210037285, 385.5417050721919, 2048.807476052615, 3630884.325577423, 0.00010667703517981598, 0.0005668728458328028, 1.004478035976626]
[-1084.211986179057, -5388.128271070488, -9353409.715052051, 419.37515053695085, 2083.8521663614506, 3617875.7301702746, 0.00011603751589481005, 0.0005765687129849708, 1.0008787319676893]
[-1008.0105540357915, -5300.683956048165, -9383575.888729058, 389.90130715430655, 2050.0312702651277, 3629542.9498169255, 0.0001078831795169247, 0.000567211464182272, 1.0041068981112025]
[-1002.094851718135, -5286.94444737001, -9390928.583469622, 387.6133028571507, 2044.7172411432139, 3632386.624661753, 0.00010725014518842972, 0.0005657412299269051, 1.004893699777859]
[-1007.7482815194339, -5297.961040569123, -9389253.460255746, 389.8000162463532, 2048.9781562099606, 3631738.7463182043, 0.00010785512110363317, 0.0005669200927772642, 1.0047144404077923]
[-1018.8432416055841, -5305.5485337163855, -9383390.587900484, 394.09125775843734, 2051.9127547128805, 3629471.2760519832, 0.00010904237532307425, 0.0005677320125685854, 1.0040870665476793]
[-1037.9417997716016, -5348.956705894068, -9376703.316469323, 401.4784574789523, 2068.7020076909102, 3626884.856704061, 0.0001110861250899659, 0.0005723770299462344, 1.0033714372698033]
[-1019.9533917781956, -5315.984266084959, -9382574.76199789, 394.5206549009197, 2055.9490629643856, 3629155.7333762525, 0.0001091611784897328, 0.0005688487191311507, 1.003999759417452]
[-1015.7863358637794, -5306.9667938855855, -9385742.606231, 392.90894435572625, 2052.4612803472423, 3630380.921841971, 0.0001087152611806033, 0.0005678837726566441, 1.0043387514916555]
[-1016.0025601777916, -5290.030025178871, -9388079.498065375, 392.99250927900323, 2045.9105235284503, 3631284.7624406246, 0.00010873838077289077, 0.0005660714001458628, 1.0045888330995205]
[-1022.0745419547393, -5359.415017560083, -9380514.255437938, 395.34119605298594, 2072.7471652442027, 3628358.7373980763, 0.00010938818924450439, 0.0005734961552378641, 1.0037792370231016]
[-1033.0166136219086, -5327.640040150522, -9380149.611769143, 399.5733477248443, 2060.457157118887, 3628217.7466663173, 0.00011055906736365209, 0.0005700959694795575, 1.003740229337468]
[-997.4638053194984, -5278.971106197056, -9395295.799688105, 385.8219611235403, 2041.633355624336, 3634075.703816516, 0.00010675455682468513, 0.0005648880067501633, 1.0053610452966368]
[-1024.9524811940114, -5329.044105911765, -9382260.621469496, 396.4542170809343, 2061.000321709841, 3629034.1712472937, 0.00010969613074941555, 0.0005702462180751637, 1.0039661207205346]
[-1030.7326966245382, -5331.6691926984095, -9381535.39962188, 398.68992001249865, 2062.015601579651, 3628753.675230001, 0.00011031466556986912, 0.0005705271200377385, 1.0038885108063318]
[-951.0824639118251, -5236.5291752995145, -9411691.557559801, 367.88209787622554, 2025.2181739228138, 3640416.9932543095, 0.00010179127594811214, 0.0005603463746957934, 1.0071155956434032]
[-1023.824483928424, -5327.01350435934, -9382761.099457216, 396.0178623704936, 2060.2149742088905, 3629227.6956472397, 0.00010957542262790394, 0.0005700289249878575, 1.0040196636347714]
[-1028.0737317298563, -5327.284927330803, -9380066.40911671, 397.6613136524207, 2060.3199293590883, 3628185.513835619, 0.00011003012254223542, 0.0005700579699044539, 1.0037313075590053]
[-1032.0568875049, -5326.292271297228, -9380525.832972063, 399.2020268264892, 2059.935865109401, 3628363.1569901225, 0.00011045636050019153, 0.0005699517455480286, 1.0037804561537667]
[-1016.2307665463462, -5346.705641474959, -9382514.42810531, 393.0807094265979, 2067.831534021266, 3629132.256277043, 0.00010876282663821442, 0.0005721361335049511, 1.0039932545504509]
[-1003.3833298690529, -5322.757171189903, -9388604.521914924, 388.11148289785706, 2058.568895638833, 3631487.634595981, 0.00010738802335185258, 0.0005695734554765612, 1.0046449531184571]
[-1045.079379529876, -5361.215652102417, -9372332.839026127, 404.23896946819934, 2073.443440980614, 3625194.322269291, 0.00011184991978982916, 0.0005736888226654296, 1.0029036767213684]
[-1051.5181886134667, -5323.819603011149, -9370844.345930167, 406.72925378544886, 2058.9792877261757, 3624618.6715279645, 0.0001125389029230755, 0.0005696871428990575, 1.0027444046878364]
[-1029.5145253371113, -5321.799341498053, -9379876.18234908, 398.21854383075504, 2058.1981767412485, 3628111.8345592543, 0.00011018429058491209, 0.0005694709509200112, 1.0037109146964573]
[-1002.6993885649623, -5301.605182746248, -9388145.895665733, 387.8467641430844, 2050.3876600114622, 3631310.2811505822, 0.00010731479719269056, 0.0005673100062514267, 1.0045958834845479]
[-1030.4166334103463, -5345.720363599227, -9378831.048729528, 398.5675477331499, 2067.4502831053796, 3627707.499681505, 0.0001102808469788245, 0.0005720306971098656, 1.0035990332974618]
[-968.1417863733857, -5288.471699332297, -9400152.319483742, 374.48033595631836, 2045.3083576178167, 3635953.7876022924, 0.00010361680837502228, 0.0005659046381766931, 1.0058806705445247]
[-1031.9534456636177, -5327.882347650569, -9377167.505893933, 399.1618509037484, 2060.5508977542127, 3627064.091707763, 0.00011044528505331883, 0.0005701218845754994, 1.0034210102766952]
[-1031.0616100410862, -5354.664343149082, -9373414.918262118, 398.81687853388934, 2070.909627073858, 3625612.7232214743, 0.0001103498619214725, 0.0005729877690889498, 1.0030194357796784]
[-1016.0401456696212, -5307.480537982329, -9383428.433307707, 393.0067902177015, 2052.6600034190524, 3629485.5480938125, 0.00010874239455943375, 0.0005679387193606309, 1.0040909921342793]
[-1109.606262521707, -5444.064098540223, -9339229.778156757, 429.19688301070624, 2105.4869248928735, 3612391.0662451806, 0.000118754950566654, 0.000582554264458009, 0.9993611746128043]
[-1004.6166071782083, -5314.046325976667, -9386412.012124311, 388.5882779401943, 2055.1997231078103, 3630639.409538055, 0.00010751996864866834, 0.0005686413160046648, 1.0044102451574979]
[-968.8590541477738, -5269.972027069942, -9402823.983144956, 374.75773020116407, 2038.1530320293446, 3636986.9395842003, 0.0001036935387508837, 0.0005639250018518811, 1.0061665202802195]
[-1070.7970394072158, -5360.323336139006, -9364786.123757174, 414.18606078759956, 2073.098016041113, 3622275.261943421, 0.00011460191852065146, 0.0005735933155070841, 1.0020959948669186]
[-1038.4539607996117, -5334.401439945221, -9372943.565900719, 401.6761027971535, 2063.072255229472, 3625430.2244925727, 0.00011114089803718935, 0.0005708194724411399, 1.0029689282705159]
[-1020.2833394925837, -5332.282292178867, -9377213.908487096, 394.64783783673397, 2062.2528979314598, 3627081.8259005756, 0.0001091964616008776, 0.0005705927051668468, 1.0034259035253446]
[-1021.337725407579, -5314.594372613822, -9381784.221441958, 395.05576825730515, 2055.4115604449, 3628849.3553953944, 0.00010930928940423946, 0.0005686999571743198, 1.0039149488182226]
[-1015.2811522660957, -5315.959618332037, -9378441.32608064, 392.71299625804755, 2055.9396460457556, 3627556.4880899307, 0.00010866117163522254, 0.0005688460502225299, 1.003557232482176]
[-1027.0934954408192, -5326.51117620733, -9374239.911676424, 397.2818653039407, 2060.0206552317013, 3625931.486282267, 0.00010992521246180348, 0.0005699751526363467, 1.0031076131969812]
[-977.7763661651351, -5259.464278598623, -9397466.596309902, 378.2066559142226, 2034.0887684741042, 3634914.6896244716, 0.00010464776853607082, 0.0005628005872434929, 1.0055931432059695]
[-1053.3845430312451, -5364.5800087254975, -9364454.600492455, 407.4510036912264, 2074.744630174945, 3622146.7777103465, 0.00011273863384429184, 0.0005740488161937686, 1.0020604282155658]
[-1033.5327766738772, -5340.9890127548015, -9374764.45425561, 399.77260835825354, 2065.6203363325926, 3626134.233906172, 0.00011061428269167655, 0.0005715243886540694, 1.0031637026898097]
[-994.048345048267, -5280.977178243046, -9388857.365306035, 384.5003918778759, 2042.4093841915667, 3631584.858178396, 0.00010638903900693123, 0.0005651026409267731, 1.0046718174089144]
[-1032.8862430096892, -5325.549781895124, -9376216.0309394, 399.52251409546886, 2059.648800565923, 3626695.570094085, 0.00011054509286981651, 0.0005698722676495877, 1.0033190117413648]
[-1040.216576511477, -5347.632818702436, -9370267.99533473, 402.357767828444, 2068.190009179334, 3624395.0743595967, 0.00011132952074070042, 0.0005722353325594113, 1.0026824945992827]
[-1015.9178424342698, -5335.1795448933935, -9378297.771973647, 392.959364621153, 2063.3735970953308, 3627500.6441371297, 0.00010872932797342551, 0.0005709027304877077, 1.0035417606379118]
[-1048.2306798539596, -5349.142345454086, -9364641.400115449, 405.4574186115675, 2068.7737154797637, 3622218.927444033, 0.00011218709691713227, 0.0005723968603883837, 1.0020803848572388]
[-1002.9957340458712, -5318.6603571914375, -9374984.926090637, 387.96094748347053, 2056.9843527026624, 3626219.4300933024, 0.0001073465160858287, 0.000569135051740349, 1.0031872705948033]
[-1032.7297357790862, -5347.934337344809, -9369696.366377564, 399.4619148120017, 2068.3065837393324, 3624173.9415122867, 0.00011052835052421604, 0.0005722675891632928, 1.002621307065929]
[-978.5951964687464, -5295.0716042884005, -9388910.012928385, 378.5232577959703, 2047.8609965129403, 3631605.0749039995, 0.00010473540950536985, 0.0005666108544209418, 1.0046774018269677]
[-1030.8559699504292, -5329.700431302338, -9371804.417978466, 398.7370935414357, 2061.254174359007, 3624989.2266166257, 0.00011032782922712403, 0.0005703164089486662, 1.0028468834650597]
[-1005.9240704140669, -5289.819091886406, -9380075.476304505, 389.09363912360453, 2045.8291819249941, 3628188.139082249, 0.00010765986678388182, 0.0005660487922717019, 1.0037319776886706]
[-975.3394644536343, -5287.093622241774, -9390845.454595963, 377.2640089963609, 2044.7753782561801, 3632353.492465962, 0.00010438702889518754, 0.0005657571568688056, 1.004884469963288]
[-1031.641039041197, -5317.448586284125, -9372482.208761854, 399.04075522106024, 2056.5153623527967, 3625251.3177919122, 0.00011041183123704103, 0.0005690053592476401, 1.002919397163419]
[-982.7925076488739, -5255.473792021141, -9395612.04276343, 380.14686109489696, 2032.545330117643, 3634196.9918159056, 0.00010518455540547946, 0.0005623735649157678, 1.0053945387819312]
[-917.4624059293449, -5186.662531517285, -9420323.534613134, 354.87802798520545, 2005.9312561818247, 3643754.381862959, 9.819360141576371e-05, 0.0005550102278004232, 1.0080389332908777]
[-1047.423183432997, -5338.028356169751, -9362388.522308078, 405.1449564397041, 2064.4749954453573, 3621347.463401625, 0.00011210067234525471, 0.0005712075599680859, 1.0018392539445093]
[-1041.491991404166, -5340.835124543095, -9365886.11860959, 402.85091798599404, 2065.5607047846233, 3622700.164939753, 0.00011146598413887166, 0.0005715078994522685, 1.0022135257099571]
[-1036.160674109292, -5299.72842892072, -9373004.776198821, 400.7888608621162, 2049.661536895176, 3625453.339880912, 0.00011089546882560089, 0.0005671091590642957, 1.002975288358726]
[-942.1538735360729, -5233.566111312881, -9404110.848542133, 364.4281946543117, 2024.072378417481, 3637483.9455580977, 0.00010083583485924889, 0.0005600292849716362, 1.0063039900955615]
[-1037.5666505787703, -5320.589808316054, -9371259.975602526, 401.3327080542777, 2057.7303122997855, 3624778.499126214, 0.00011104592780187244, 0.000569341492921393, 1.0027885679741937]
[-1054.6942929413183, -5332.8301942461585, -9365014.496480474, 407.9574941653237, 2062.4644588005904, 3622362.940457669, 0.00011287876506856542, 0.0005706513103436712, 1.002120213016384]
[-1037.9760980850008, -5331.590789395508, -9367870.631222347, 401.4910216909046, 2061.9852430225037, 3623467.6284678834, 0.0001110897491539994, 0.0005705186853286503, 1.0024258678913576]
[-1031.0564857272157, -5314.694367166513, -9370291.19422035, 398.8146018549313, 2055.4501398020534, 3624403.7735659475, 0.00011034928745053954, 0.0005687106396121099, 1.0026848841198974]
[-1042.3050457254035, -5344.407738858386, -9365327.849125639, 403.1654581812431, 2066.9425021337793, 3622484.146535627, 0.00011155299782789533, 0.0005718902004273355, 1.0021537499244715]
[-977.1245305960952, -5230.892471461517, -9400931.765872369, 377.9546562286375, 2023.0379290243384, 3636254.2382894848, 0.00010457803793300144, 0.0005597431784592319, 1.0059637367448593]
[-1043.1098449074125, -5317.048079523057, -9366046.508153727, 403.47663480824167, 2056.360329981738, 3622762.113488886, 0.00011163910167832713, 0.0005689625001392035, 1.0022306606671363]
[-999.229158751404, -5263.276625276355, -9383353.152786827, 386.50406230550533, 2035.563114922974, 3629455.712289242, 0.00010694341703836793, 0.0005632085238755295, 1.0040826910328788]
[-1005.4446799009393, -5293.80345765329, -9376780.220908321, 388.9081045154943, 2047.3702105132822, 3626913.5554224667, 0.00010760855239839435, 0.0005664751418060599, 1.0033793111493519]
[-1034.4312231431168, -5307.817403125653, -9371214.972774992, 400.1198981372445, 2052.7901983149104, 3624761.0706290244, 0.00011071040060687127, 0.0005679747396186394, 1.0027837442724434]
[-1039.240213682215, -5325.056903287083, -9368426.761506142, 401.97999450258453, 2059.4580229875633, 3623682.697356924, 0.0001112250161252384, 0.0005698195029695739, 1.0024853731663552]
[-1036.0815932265264, -5307.076857916414, -9370400.219801039, 400.75823820056087, 2052.5037450049194, 3624445.9693577485, 0.00011088700376973177, 0.0005678954941214368, 1.0026965609592777]
[-1042.2627845088887, -5321.1476602715975, -9364326.335573375, 403.14899637625166, 2057.945905849884, 3622096.8644083967, 0.00011154845625354015, 0.0005694011770005682, 1.0020465984097777]
[-877.1248103790819, -5138.267092769287, -9429541.549497968, 339.27569590528026, 1987.2131587102394, 3647319.6633519195, 9.387703887633734e-05, 0.000549831508915265, 1.009025404618084]
[-994.8282320098543, -5269.242085629771, -9384555.087118141, 384.8019917214046, 2037.8704108877585, 3629920.539389066, 0.00010647249291310922, 0.0005638468769484567, 1.0042113000859392]
[-1028.5884567683665, -5310.776455437598, -9370890.682849264, 397.86002064470904, 2053.934699869476, 3624635.67444813, 0.00011008517361007511, 0.0005682913836609392, 1.0027490505731937]
[-1034.9943804779693, -5316.373650593383, -9368200.447452866, 400.3377621884525, 2056.0995386318573, 3623595.1957520186, 0.00011077067075994636, 0.0005688903343287902, 1.002461164457539]
[-927.3368198313223, -5229.830865021067, -9409269.402766436, 358.69723605531334, 2022.6277030210874, 3639479.13909706, 9.925024222103316e-05, 0.0005596295726066334, 1.0068560367887653]
[-1017.3156509824694, -5309.056828514621, -9375166.638827838, 393.4998826912781, 2053.26978539409, 3626289.4439302296, 0.00010887887864867969, 0.0005681073818186544, 1.0032066255148888]
[-1025.5675648177573, -5319.758162495072, -9372804.931417808, 396.69163932700286, 2057.408777916602, 3625376.042016186, 0.00010976191125419642, 0.0005692525092479646, 1.0029539007440673]
[-1021.2000160957365, -5308.578438335499, -9372570.75464416, 395.0022968968622, 2053.084662664287, 3625285.5050591324, 0.00010929453750432538, 0.0005680561902614866, 1.0029288525551379]
[-890.4671863281084, -5218.348346528157, -9422096.621281307, 344.43662720862653, 2018.1869452529668, 3644440.2242345912, 9.530484381713362e-05, 0.0005584008583517981, 1.0082287016048148]
[-1012.4146652133649, -5336.741727745544, -9375307.879650481, 391.60439047368175, 2063.9777895799584, 3626344.092378966, 0.00010835444486419474, 0.0005710698824674195, 1.003221747389521]
[-1031.4715442611382, -5327.211536367002, -9370869.080729837, 398.97538052790577, 2060.2914395755156, 3624627.3362179473, 0.00011039370792567853, 0.0005700500745389398, 1.0027467445608123]
[-1037.1461220638878, -5316.230586643023, -9369623.318962263, 401.17018576412636, 2056.0441921334022, 3624145.545588564, 0.00011100093190501858, 0.000568875029027352, 1.0026134411177976]
[-1035.1619374075558, -5368.019764322468, -9365846.347434316, 400.4028363558078, 2076.0752901880282, 3622684.6988270576, 0.00011078864513698651, 0.000574416895910726, 1.0022092410805357]
[-1049.4672508198948, -5337.75618155632, -9358440.954149796, 405.9357264927594, 2064.369781228528, 3619820.6684061047, 0.00011231942633046814, 0.0005711784516442294, 1.0014168089763948]
[-1025.0233345733877, -5325.482293118149, -9370500.40266552, 396.4812524343109, 2059.6227489730995, 3624484.7948181266, 0.00010970369021320497, 0.0005698650457426009, 1.0027073084441964]
[-910.8352846642001, -5214.307423280128, -9413992.844157588, 352.3147643265305, 2016.6237768592582, 3641306.0768610407, 9.748442515410813e-05, 0.0005579684511035341, 1.0073615312773057]
[-1029.0034757749158, -5331.275700666914, -9372378.498753004, 398.0208717568244, 2061.863496661707, 3625211.1677787174, 0.0001101296049874678, 0.0005704849832717109, 1.002908285719847]
[-1029.374118638811, -5329.053680902664, -9367167.814457282, 398.1641237708885, 2061.004006296851, 3623195.9274712265, 0.00011016926983250148, 0.0005702472151740183, 1.0023506997060632]
[-1024.2338828570157, -5343.175530767765, -9369685.752495214, 396.1760976747157, 2066.4661880468884, 3624169.6820371314, 0.00010961924351467508, 0.0005717583764333544, 1.0026201186757344]
[-1032.8992682148937, -5334.62139100348, -9365994.230409767, 399.5277012085041, 2063.1574177990688, 3622742.0398914567, 0.00011054649794995024, 0.0005708430106699619, 1.002225115855369]
[-1034.318604046613, -5313.803729268844, -9366184.972916588, 400.0766091775081, 2055.105554051752, 3622815.8755876324, 0.00011069836168442143, 0.0005686153511488746, 1.0022455492509244]
[-1038.554495248853, -5297.40527629165, -9365830.024238927, 401.7149874547439, 2048.762890728751, 3622678.6385305086, 0.00011115162934517501, 0.0005668605818622226, 1.0022075804123003]
[-952.6130891550868, -5256.135610755686, -9393284.574584004, 368.4739343889366, 2032.8015491692424, 3633297.053172233, 0.00010195506306676766, 0.0005624444058324242, 1.0051455532022184]
[-1032.0616944910491, -5345.808675172688, -9363050.48159221, 399.2037870834133, 2067.4844326532434, 3621603.5750023453, 0.00011045687711442876, 0.0005720401486160649, 1.0019101223272617]
[-1039.710001253484, -5336.914242638784, -9360639.490716029, 402.16202248580225, 2064.044205383055, 3620671.1130846357, 0.00011127531647047056, 0.000571088370991787, 1.00165212397539]
[-1026.4537139002502, -5332.400915108417, -9362391.53954269, 397.0346480034943, 2062.2986450935186, 3621348.7710840018, 0.00010985676699416805, 0.0005706054108900433, 1.0018396247400867]
[-1013.6432744978777, -5330.491767450362, -9367687.263295542, 392.07978841000084, 2061.5604268883817, 3623396.960058334, 0.00010848592477621027, 0.0005704011237477872, 1.0024063309408136]
[-1021.4587361364554, -5329.489444442733, -9365739.554131886, 395.1027424481003, 2061.1726693377336, 3622643.6428089114, 0.0001093222624276308, 0.0005702938703835392, 1.0021978972343593]
[-1013.4439531025722, -5303.472396179589, -9371742.152830048, 392.0027891673473, 2051.109898667682, 3624965.228577669, 0.00010846459335377139, 0.0005675098376846865, 1.0028402488782775]
[-904.1582553842638, -5253.361525845718, -9404281.04193521, 349.7324082069346, 2031.729257576839, 3637550.100494436, 9.676995672916315e-05, 0.0005621475999873602, 1.0063223153534553]
[-998.7936926618279, -5294.295503771711, -9374880.526620219, 386.33630749610523, 2047.5605869895735, 3626179.032171926, 0.00010689688367414205, 0.0005665278466002793, 1.0031760917545103]
[-994.508084477785, -5313.290879548263, -9375043.567116197, 384.6788077020264, 2054.907673006364, 3626242.0584458015, 0.00010643830137210394, 0.0005685605098206271, 1.003193528248577]
[-1026.418098120615, -5326.111595434618, -9363948.680955257, 397.0211515017486, 2059.8660876517824, 3621951.0225576675, 0.00010985297452757912, 0.0005699324210935629, 1.0020062600337802]
[-998.6932652945692, -5285.3475729295515, -9374684.397029452, 386.29751921412173, 2044.0996502654039, 3626103.268582821, 0.00010688612026588175, 0.0005655703417690774, 1.003155134865268]
[-982.8330385040845, -5278.752017303702, -9378247.321336022, 380.16296802733564, 2041.5488342557826, 3627481.3015133566, 0.00010518892472905517, 0.0005648645644708702, 1.0035364196279315]
[-1010.3482747808298, -5304.893951139701, -9366719.614255002, 390.8055902298834, 2051.659640833058, 3623022.8212673166, 0.00010813333333467238, 0.0005676619612592453, 1.002302818931482]
[-1007.3088476083075, -5340.484384738971, -9362516.781848537, 389.6300378916348, 2065.4253317067846, 3621397.3069277485, 0.00010780811265747168, 0.0005714704318789186, 1.001853060125735]
[-1009.2300327501282, -5294.395150760513, -9368619.507375507, 390.3731574237327, 2047.5990305800142, 3623757.603417274, 0.00010801367711124425, 0.0005665385183793899, 1.0025061215706015]
[-1000.440940648562, -5321.634716525908, -9366767.075741032, 386.97371728428857, 2058.1347189950366, 3623041.20186369, 0.00010707317160893108, 0.0005694533634310396, 1.0023079061415787]
[-996.149733922215, -5318.498575631412, -9366916.801265033, 385.3139218145977, 2056.9218007756213, 3623099.1161008724, 0.00010661396763516902, 0.0005691177796929918, 1.0023239306091636]
[-1000.0773817560669, -5311.763353952173, -9365953.881455192, 386.8332100269722, 2054.316658273132, 3622726.6689409143, 0.00010703427390502344, 0.0005683970581828751, 1.0022208778822628]
[-929.7039751605733, -5264.829764626002, -9385173.593690744, 359.61353853635063, 2036.1645171485106, 3630160.1896863976, 9.950362896656313e-05, 0.0005633747998973251, 1.004277635831113]
[-1042.2792389539536, -5344.113966509761, -9341389.170277148, 403.15612459038573, 2066.8287437982417, 3613226.1113931825, 0.00011155027514287142, 0.0005718588361988727, 0.9995922121890147]
[-1014.0610493875437, -5340.196745360517, -9352011.265755376, 392.2418481446039, 2065.3139945626754, 3617334.285018411, 0.0001085306666506484, 0.0005714396730300596, 1.0007288846062237]
[-950.3873562772022, -5249.688623298195, -9378918.614748728, 367.61368068627183, 2030.3079020176535, 3627741.0803946727, 0.00010171692477027133, 0.0005617545760962442, 1.003608306345795]
[-1030.344086744179, -5335.534805499365, -9346041.796822853, 398.5399680481947, 2063.5106641504785, 3615025.551415322, 0.00011027310117882876, 0.0005709408045576312, 1.0000900914582815]
[-1000.0642000951107, -5306.82660496453, -9355038.652450336, 386.8280894780632, 2052.4071804098307, 3618505.2231900236, 0.00010703285138209342, 0.0005678687962883863, 1.0010528710435307]
[-983.2198227554213, -5294.562593230782, -9358744.970131299, 380.3129228269578, 2047.6638805606299, 3619938.7021866455, 0.00010523033799930291, 0.0005665564607736518, 1.00144949614376]
[-946.8822652363765, -5269.316944693848, -9371740.98316336, 366.25804360688716, 2037.8997388598934, 3624965.14482467, 0.00010134184419061939, 0.0005638549653960149, 1.0028402492211725]
[-893.2702884275523, -5224.107127471374, -9391367.002939794, 345.52179133953183, 2020.414143714895, 3632555.609976136, 9.560487021945608e-05, 0.0005590171781941005, 1.0049404187916093]
[-999.7669754995316, -5311.407304951619, -9352007.044802964, 386.71344474040626, 2054.1789109982738, 3617332.638188797, 0.00010700107265985863, 0.0005683589850700179, 1.0007284280370683]
[-1028.7866053650966, -5379.01717352579, -9336458.3075109, 397.93785549547704, 2080.3287054414373, 3611319.081548594, 0.00011010644960353334, 0.0005755937663474706, 0.999064565648188]
[-985.7947516885371, -5312.186885713135, -9352535.526150795, 381.3092183231507, 2054.480620283566, 3617537.0456321402, 0.00010550590911327553, 0.0005684424249579346, 1.0007849854841289]
[-1009.1292877763, -5356.589978516551, -9339229.51814356, 390.3348316421175, 2071.654520816123, 3612390.748226307, 0.0001080029607843623, 0.0005731939140767458, 0.9993610727490473]