[292.21715280147737, 5951.658162691101, 16159317.024190035, -82.86083391716214, -1687.1570567619358, -4581252.421463728, 1.8091718738992798e-05, 0.00036831267370850964, 1.0]
[291.03671148653325, 5964.956101883842, 16158270.013967719, -82.5262955526098, -1690.927028880854, -4580955.611329593, 1.8018674200351403e-05, 0.00036913560975623426, 0.9999352043980506]
[287.3606814325931, 5949.698436280395, 16152056.618366053, -81.48409287455512, -1686.6014841586557, -4579194.295162097, 1.7791179695443644e-05, 0.0003681913999652014, 0.9995507070063501]
[282.40558743647864, 5963.242723626135, 16150676.170684367, -80.07939633521669, -1690.4413179798119, -4578802.973534964, 1.7484539634008357e-05, 0.0003690295820670526, 0.9994652804301953]
[279.2544051577564, 5931.119831467425, 16150084.010913895, -79.18607256805095, -1681.3345833500246, -4578635.128572046, 1.7289526777940445e-05, 0.00036704168884164613, 0.9994286414841811]
[268.4928251947699, 5928.135538560253, 16150474.080623278, -76.13520764278358, -1680.4885863084332, -4578745.75054331, 1.6623549943425915e-05, 0.00036685699844983495, 0.9994527962312683]
[280.915401479152, 5944.810140675688, 16141206.915152898, -79.65707704430167, -1685.215698257921, -4576118.694159534, 1.739232036876603e-05, 0.00036788890752009794, 0.9988792964383802]
[303.1957868498282, 6028.322808332036, 16131218.997568978, -85.97368229682739, -1708.8912918042756, -4573287.359695028, 1.8771139168704376e-05, 0.0003730570016941059, 0.9982612065969184]
[273.3051035772286, 5948.95824825197, 16135564.69872596, -77.4996584405243, -1686.3917207768664, -4574519.286749404, 1.6921364286608243e-05, 0.00036814561447835595, 0.9985301434556214]
[303.33883803499305, 6052.320993551335, 16125121.594413845, -86.01438815589464, -1715.6947644761728, -4571558.900969176, 1.877999735111973e-05, 0.0003745421148021918, 0.9978838792559569]
[274.5216017770064, 5945.438235195174, 16126024.733462645, -77.84462311787148, -1685.3937291325424, -4571814.956814158, 1.6996649055559574e-05, 0.00036792778340536206, 0.997939781631963]
[265.0658373088794, 5957.410943310126, 16123896.29859484, -75.16394777462935, -1688.7881163049951, -4571211.605325055, 1.6411486893720663e-05, 0.00036866871153225006, 0.9978080690068282]
[266.09399365414754, 5942.856258153452, 16120436.101068083, -75.45547729544712, -1684.6618505748277, -4570230.736868778, 1.6475113574541987e-05, 0.0003677680106077287, 0.9975939438450812]
[294.4791661203765, 6005.40179897664, 16110476.964719184, -83.5028347301337, -1702.3931338045265, -4567407.549365934, 1.82317216181736e-05, 0.0003716385817923428, 0.9969776310915925]
[286.1967152063536, 6015.260696799375, 16108871.320951777, -81.15479963873018, -1705.1882210871784, -4566952.407381856, 1.771916666519375e-05, 0.0003722486950975779, 0.9968782743978818]
[261.65556762733576, 5964.121873343266, 16108320.319530558, -74.19733882738261, -1690.6905178648858, -4566796.248748397, 1.6200446106654873e-05, 0.000369084019851343, 0.9968441888913833]
[264.73608904789296, 5946.051878627476, 16105702.050084388, -75.07072349137843, -1685.5676814191784, -4566054.044506259, 1.6391084837395514e-05, 0.0003679657716985751, 0.9966821646721644]
[251.54438653906314, 5992.047350130974, 16101297.783660984, -71.33091150036758, -1698.6073760663705, -4564805.549522701, 1.5574730156660946e-05, 0.00037081216639099553, 0.9964096150543905]
[251.09962284403124, 5935.561755705163, 16104713.34537385, -71.20486111485816, -1682.593886082847, -4565773.814155203, 1.5547195597589393e-05, 0.0003673166159846948, 0.9966209946901043]
[262.13136726838377, 5943.14886337655, 16099435.287155889, -74.3324452038268, -1684.7447112950556, -4564277.616392175, 1.62298915329795e-05, 0.00036778613648393173, 0.9962943702633279]
[249.71611617685318, 5952.102093634268, 16096873.27883714, -70.81273725949248, -1687.2830125289822, -4563551.361288439, 1.546158395029737e-05, 0.00036834020720527647, 0.9961358278501683]
[251.66896264089172, 5968.269613965693, 16093167.762683876, -71.36643485583144, -1691.8664690738858, -4562500.953963794, 1.558243895605533e-05, 0.000369340715816193, 0.9959065224875623]
[242.89850408631088, 5929.200969099969, 16096155.585157737, -68.88002253379688, -1680.790678339905, -4563347.974859089, 1.5039675621452206e-05, 0.00036692299161366433, 0.9960914354153362]
[267.0961504929055, 6000.248526057143, 16087019.912100082, -75.74020346490693, -1700.9324200431831, -4560758.204872475, 1.653714792489125e-05, 0.0003713197088842422, 0.9955260767455715]
[243.6651289481121, 5970.716603804758, 16090002.352553684, -69.09751384057093, -1692.5602749559544, -4561603.697855954, 1.50871275598346e-05, 0.00036949215752555203, 0.9957106558560559]
[246.48213943411912, 5961.099231117835, 16086907.933522504, -69.89615390943399, -1689.833727410681, -4560726.531169094, 1.526145594073148e-05, 0.0003688969949905759, 0.9955191706250178]
[242.07728583873828, 5974.753736899174, 16084825.076147323, -68.64741843706153, -1693.704826629013, -4560136.103484998, 1.4988867865817801e-05, 0.00036974199656292754, 0.9953902797524478]
[237.93858278495406, 5950.466471950115, 16085725.787683163, -67.47414563553978, -1686.8194312000248, -4560391.463121106, 1.4732744191155591e-05, 0.0003682390044709198, 0.9954460291742665]
[232.1512033898399, 5948.520584603132, 16085797.753193628, -65.83344067929944, -1686.2677747089483, -4560411.899133242, 1.4374592220308624e-05, 0.00036811858730217755, 0.995450494692961]
[230.36078289159337, 5930.289666983637, 16085700.175399866, -65.3258811560006, -1681.0993134992616, -4560384.283327869, 1.4263788950270283e-05, 0.00036699037965841114, 0.9954444714957117]
[231.93211424777425, 5971.731681608078, 16079275.146741927, -65.7714133534414, -1692.847965804959, -4558562.9281818345, 1.4361039030950313e-05, 0.00036955498979912284, 0.9950468618536121]
[222.30559192821823, 5958.760733527401, 16081848.204913758, -63.04232306616948, -1689.170824593751, -4559292.3665405605, 1.3765307045067842e-05, 0.0003687522939401309, 0.9952061052971627]
[234.68423615602632, 5969.327013968339, 16079924.237110123, -66.55174449434797, -1692.1662719822746, -4558746.983693577, 1.4531354736297105e-05, 0.00036940617992930845, 0.995087048280415]
[235.5174881594944, 5973.676657657974, 16079985.184359964, -66.78801437425727, -1693.3994379793478, -4558764.262131471, 1.4582923562398384e-05, 0.0003696753617526626, 0.9950908203847552]
[226.86904542219014, 5977.383594169887, 16078374.10502217, -64.3361674465536, -1694.450376958898, -4558307.58291287, 1.4047718288779953e-05, 0.0003699047689242779, 0.9949911285424661]
[232.18701085356065, 5960.2425344707935, 16080610.057123175, -65.84386394894663, -1689.590939570012, -4558941.444815956, 1.4376817448925376e-05, 0.0003688440112357963, 0.9951295055227003]
[232.90682990957586, 5977.356104320585, 16079646.539242921, -66.04802142470123, -1694.44254426291, -4558668.332960551, 1.4421368648538853e-05, 0.00036990306330364584, 0.9950698869647606]
[213.46300599105737, 6003.387775143683, 16080725.77745777, -60.53568002672773, -1701.8226054083816, -4558974.291093127, 1.3218101877449064e-05, 0.00037151401791474985, 0.9951366810641151]
[213.7424672142717, 5936.626130488758, 16086921.333146412, -60.6149191806079, -1682.8957385172803, -4560730.652513985, 1.3235380710767105e-05, 0.00036738252670517787, 0.995520109128096]
[213.99164512351427, 5933.36543500542, 16088504.55678954, -60.685599357872285, -1681.9713570471306, -4561179.479418587, 1.3250801737252285e-05, 0.0003671807431672699, 0.9956180920839715]
[238.10815880467197, 5963.1618113083205, 16083126.109305695, -67.5227085844229, -1690.4184389709503, -4559654.804766424, 1.4743246611974283e-05, 0.0003690246669011033, 0.9952852487797065]
[213.35375041948086, 5949.920197673107, 16088633.334610857, -60.50480073440788, -1686.664608419995, -4561216.01813005, 1.3211327978705615e-05, 0.00036820522331392646, 0.9956260726087774]
[231.68196089769438, 5937.438904717956, 16087245.342911616, -65.70088059925266, -1683.126127717588, -4560822.553247434, 1.434556260439524e-05, 0.00036743283218504803, 0.9955401775869902]
[214.00593364723633, 5947.522786681391, 16091928.11902283, -60.689727995169164, -1685.984943034932, -4562150.045304596, 1.325168961888882e-05, 0.00036805686510172226, 0.9958299780925205]
[211.91173466336082, 5950.542790739929, 16094226.948941644, -60.096043703917566, -1686.8411247383297, -4562801.735239059, 1.3122090160183141e-05, 0.00036824375403886263, 0.9959722474344619]
[212.9975908201168, 5947.958917338532, 16094868.912973747, -60.40390438946748, -1686.108545113584, -4562983.724558392, 1.3189289743241344e-05, 0.0003680838545662628, 0.9960119772709987]
[207.72058116749957, 5968.081494213157, 16097026.051614577, -58.9078963085805, -1691.8133326070251, -4563595.230555605, 1.2862729151179105e-05, 0.00036932912613341323, 0.9961454721771353]
[214.7956901710594, 5959.074789304593, 16097078.575160641, -60.91371703027676, -1689.2598496438147, -4563610.128977753, 1.3300568183423621e-05, 0.00036877175454478353, 0.9961487256655757]
[214.35875722284402, 5954.313096406532, 16101945.818144204, -60.78984860624492, -1687.9099399664372, -4564989.906240924, 1.3273523043034734e-05, 0.00036847708216541036, 0.9964499394003944]
[204.01906377539763, 5944.618378960562, 16106708.141741801, -57.85853549496468, -1685.1615365405085, -4566339.934621267, 1.2633654826679625e-05, 0.00036787713196332304, 0.9967446580416587]
[206.40306724874773, 5938.259636350714, 16109866.179989148, -58.53442273196949, -1683.3588454975372, -4567235.173741468, 1.2781189306409116e-05, 0.0003674836257139134, 0.9969400931019861]
[218.32162840637577, 5963.05722711539, 16108795.157969331, -61.9133523310307, -1690.388869234932, -4566931.552996836, 1.3518767172683267e-05, 0.0003690182070250754, 0.9968738102589986]
[210.93242185431333, 5952.595602824849, 16113827.601473587, -59.81850659550175, -1687.423076777167, -4568358.1510061035, 1.3061487961782633e-05, 0.00036837079747618266, 0.9971852439631249]
[202.33254342617568, 5942.566296661074, 16120298.791776465, -57.380447554010246, -1684.5798385670969, -4570192.595614208, 1.2529289665702416e-05, 0.000367750140750614, 0.9975857115289666]
[210.0315104670917, 5929.8931535581105, 16122043.801911876, -59.5631185027133, -1680.9869054202236, -4570687.271050041, 1.300573310915006e-05, 0.0003669658775986265, 0.9976937016852337]
[205.46892953298732, 5928.325741256116, 16126021.629462365, -58.269601293800996, -1680.5425756986508, -4571814.904684924, 1.2723379175478747e-05, 0.00036686887848034317, 0.9979398697260276]
[190.01368949554723, 5921.61055138946, 16131006.208821025, -53.88798720282667, -1678.6388799339693, -4573227.922375145, 1.1766939395488546e-05, 0.00036645331586082343, 0.9982483373606074]
[200.81947645683698, 5920.821569023556, 16135493.929486295, -56.95149365364128, -1678.4152011340364, -4574500.085826669, 1.2435650887636502e-05, 0.0003664044874348601, 0.9985260552301428]
[200.33497445990625, 5932.927859526032, 16140120.591589488, -56.81417149879083, -1681.8473115839568, -4575811.635059108, 1.2405668680170155e-05, 0.00036715367813733296, 0.9988123710549712]
[197.9138049059613, 5913.358911679299, 16143132.934992522, -56.12771668023015, -1676.2994744643213, -4576665.576760623, 1.2255831840163151e-05, 0.00036594266563594357, 0.9989987911783861]
[207.95629889779235, 5937.463065990589, 16145073.321201468, -58.97480089812879, -1683.1329149822418, -4577215.6160210725, 1.2877310395689244e-05, 0.0003674343289932443, 0.9991188649690774]
[207.35150484932143, 5927.815182215744, 16150483.636519257, -58.803350471415484, -1680.397813836589, -4578749.304298051, 1.2839884599487997e-05, 0.0003668372804727184, 0.9994536735577779]
[213.80477448913797, 5956.070966992541, 16152075.026486978, -60.63284664167073, -1688.4082685348747, -4579200.402686501, 1.3239246402131864e-05, 0.0003685858671901736, 0.9995521471621095]
[204.5115121851494, 5942.435560698263, 16158769.916332692, -57.99815586824407, -1684.5426946172329, -4581098.264890739, 1.2664132369256584e-05, 0.00036774205024388095, 0.9999664595018826]
[197.8112956452378, 5948.7414773503315, 16164058.410230966, -56.09862326285848, -1686.3304791557905, -4582597.419974483, 1.2249494080778114e-05, 0.00036813228699699916, 1.000293729408317]
[193.65976117814836, 5930.542171426679, 16169490.936415508, -54.92165531558579, -1681.17098009799, -4584137.416203828, 1.1992574494662813e-05, 0.00036700603761111845, 1.0006299164509194]
[220.94273942307032, 5959.86752878513, 16168191.827793052, -62.656391936539016, -1689.4845810690044, -4583769.122882201, 1.3680971312785028e-05, 0.0003688208079679037, 1.0005495135029414]
[211.70307393875726, 5938.092139641003, 16175631.261476763, -60.03693072216837, -1683.3113343519403, -4585878.022681084, 1.3109177334419641e-05, 0.000367473260232055, 1.0010098933343452]
[207.317185213286, 5945.964611100145, 16180584.396697626, -58.793497854845185, -1685.5432057934272, -4587282.108258264, 1.2837760502778944e-05, 0.00036796043895744805, 1.0013164088407285]
[207.61975492372008, 5959.734772214738, 16183175.78134954, -58.879239203943214, -1689.4470014541166, -4588016.693253707, 1.285648516259721e-05, 0.00036881259207541023, 1.0014767699866047]
[210.9362870382542, 5968.13141161505, 16187496.802724753, -59.81948926930306, -1691.8274666301982, -4589241.576384253, 1.3061729768433241e-05, 0.00036933221107555525, 1.0017441633890247]
[215.56300227592334, 5964.049045315426, 16191141.567439983, -61.131154413740305, -1690.6701034404605, -4590274.761348961, 1.334805200673939e-05, 0.0003690795788487204, 1.0019697089577961]
[210.1492246600332, 5967.1464305161635, 16194122.01934346, -59.59631121645559, -1691.548206641966, -4591119.6311642565, 1.3013023858338169e-05, 0.00036927126054503494, 1.0021541448830371]
[222.24938841139732, 5977.383738150916, 16199661.44584773, -63.02672548094985, -1694.4504823991829, -4592689.915105997, 1.3761836160958516e-05, 0.00036990478132441446, 1.0024969419175456]
[215.8471517859855, 5934.345162913634, 16205452.378880793, -61.21161677572654, -1682.2491333017028, -4594331.512085409, 1.3365630674578318e-05, 0.00036724137122053633, 1.0028553088691792]
[228.04134176635003, 5967.764887962071, 16205297.747271057, -64.66868677865777, -1691.7234737730112, -4594287.648162613, 1.4120264732298995e-05, 0.00036930952011872566, 1.0028457296726392]
[214.62922051974223, 5952.920658000395, 16209667.353153024, -60.86627409227877, -1687.5152249052846, -4595526.314451838, 1.3290260593199371e-05, 0.0003683909010545854, 1.0031161332610967]
[202.05793353078275, 5984.454370602172, 16214127.367091168, -57.30222567968287, -1696.4551692916639, -4596790.607549065, 1.2512294410388699e-05, 0.00037034233920546673, 1.0033921310634546]
[232.56827900701333, 5977.614469622935, 16216113.704790851, -65.95200324828109, -1694.515846380391, -4597353.663479703, 1.4400409863483294e-05, 0.0003699190475276671, 1.0035150452987467]
[227.9436259286423, 5940.075039985688, 16219058.777093753, -64.6408038241648, -1683.8735043859704, -4598188.514057965, 1.4114209392028352e-05, 0.00036759595160735164, 1.0036972951960066]
[210.50762856201115, 5982.242025811286, 16220969.067339206, -59.697629446963475, -1695.8279244170424, -4598730.0120269805, 1.3035196409739738e-05, 0.00037020542093614106, 1.003815503215234]
[233.32946197021167, 5956.357474925114, 16221096.890630355, -66.16765256114995, -1688.4894821763696, -4598766.2328216955, 1.444750878711201e-05, 0.0003686035703493643, 1.003823408650067]
[215.96105240648643, 5947.932153006713, 16228126.311313888, -61.24364576918031, -1686.1010790817259, -4600758.890868628, 1.3372676208092454e-05, 0.0003680821754142318, 1.0042584109625827]
[231.0356895609119, 5963.686213537765, 16225538.917799639, -65.51729171283239, -1690.5671790842582, -4600025.406569528, 1.4305559559026604e-05, 0.0003690570953266356, 1.0040982864137897]
[234.68177391028337, 5947.063009058723, 16228264.468319295, -66.55093685551016, -1685.8545262137086, -4600798.004195791, 1.4531195504354329e-05, 0.0003680283854496099, 1.004266943421488]
[230.40329416948086, 5942.424728133677, 16229232.310387013, -65.3379228751329, -1684.5395680071667, -4601072.348350356, 1.4266423276326712e-05, 0.0003677413464567661, 1.0043268317751024]
[241.0096233896514, 5968.473289015038, 16230164.37652573, -68.34480938949285, -1691.924309554353, -4601336.528884171, 1.4922794544354938e-05, 0.00036935333551220564, 1.0043844987317538]
[238.37765741084695, 5960.526552317021, 16231399.446875965, -67.5986162620368, -1689.67133734671, -4601686.637117076, 1.4759911568814672e-05, 0.0003688615551519266, 1.004460927994867]
[241.04821930495248, 5938.263488968876, 16234618.595131235, -68.35563841461872, -1683.359813511402, -4602599.162120246, 1.4925176450439995e-05, 0.0003674838272115313, 1.0046601321351043]
[250.43265990646168, 5945.520671594532, 16236519.051397875, -71.01612617128818, -1685.4171639874849, -4603137.875305064, 1.5505926808392877e-05, 0.0003679329267985954, 1.0047777325765435]
[248.0678584520816, 5951.334071188849, 16239577.922351694, -70.34567334242944, -1687.0653245183125, -4604004.967652893, 1.5359584593949044e-05, 0.00036829268429113346, 1.004967018868258]
[250.6649038207705, 5956.994774142952, 16241464.120561495, -71.08187273228883, -1688.6700972552776, -4604539.649186946, 1.5520301732294532e-05, 0.0003686429818608247, 1.0050837404083528]
[248.10233893901736, 5936.483125452726, 16244213.931663198, -70.35531812253039, -1682.8550610790244, -4605319.142558414, 1.536171227315614e-05, 0.0003673736374174467, 1.0052539049979932]
[252.3172904192631, 5948.748454129602, 16248467.581966393, -71.55023229572234, -1686.3322638403065, -4606524.930171185, 1.5622553795452916e-05, 0.00036813266672680063, 1.005517130092394]
[252.83291882547897, 5930.615954130617, 16252085.919111872, -71.6963624040363, -1681.1917382851386, -4607550.632907326, 1.5654460447376546e-05, 0.000367010550136946, 1.0057410433893144]
[257.71665305365366, 5971.835953856666, 16251466.158986317, -73.08084395321879, -1692.8775597206297, -4607374.917094903, 1.59566932537668e-05, 0.0003695614089602279, 1.005702680584923]
[256.7724060661375, 5956.685926902717, 16253762.724426135, -72.81309370667051, -1688.5825262643823, -4608025.91980037, 1.5898257823165763e-05, 0.0003686238643118546, 1.0058447944583384]
[280.4379535573074, 5974.843216773104, 16252306.642939333, -79.52230100177002, -1693.7299630199768, -4607613.100848464, 1.7362796707848078e-05, 0.00036974751188003654, 1.0057546680990148]
[263.1255274439342, 5957.041065297204, 16263115.814072708, -74.61416991285337, -1688.6831847246126, -4610677.28781996, 1.629141367915586e-05, 0.0003686458348998482, 1.0064235960591275]
[261.06983374161456, 5959.0035038588185, 16266472.991961468, -74.03132324530995, -1689.239607913452, -4611628.95552546, 1.616419750410669e-05, 0.0003687672783062111, 1.0066313469399217]
[254.50982291992844, 5971.604912675959, 16267484.521704504, -72.17148365190339, -1692.8120493285533, -4611915.690099281, 1.575823464735361e-05, 0.0003695471035279931, 1.0066939408864342]
[262.983128781431, 5960.953660876591, 16269759.443178693, -74.57363962201667, -1689.7924079164097, -4612560.55635471, 1.6282600520949714e-05, 0.00036888795808137366, 1.0068347150432542]
[271.2996221020789, 5964.218779654816, 16272173.165725118, -76.93134015611632, -1690.7180510284838, -4613244.762601486, 1.679726432086559e-05, 0.00036909001629858795, 1.0069840764384204]
[267.61000984586025, 5940.811183693982, 16276995.475903226, -75.8852717739345, -1684.0820659506087, -4614611.766240545, 1.6568930687902364e-05, 0.00036764145737691866, 1.0072824972914531]
[268.18288724837475, 5938.046165395666, 16278409.610739773, -76.04759691398776, -1683.2981304895525, -4615012.6348607745, 1.660437894702452e-05, 0.0003674703399117542, 1.0073700077072718]
[273.3673204413222, 5948.150844008504, 16280654.545447214, -77.51736530385891, -1686.1627824261545, -4615648.996855886, 1.6925216843349542e-05, 0.00036809565632774376, 1.0075089249068523]
[279.90237130096256, 5939.299422948643, 16283056.792648485, -79.37003996004819, -1683.6534051672777, -4616329.95708445, 1.7329633598457252e-05, 0.0003675478909148159, 1.0076575785224453]
[276.8912088124666, 5952.969842373677, 16284313.994986491, -78.51633177623673, -1687.5289594880546, -4616686.312208362, 1.7143291181838107e-05, 0.0003683938757926426, 1.007735368258867]
[280.65640676124895, 5960.563447326402, 16289495.41333424, -79.5837600043024, -1689.681728314888, -4618155.098397765, 1.7376299878302512e-05, 0.0003688637965284588, 1.008056006664771]
[289.6776565165825, 5966.775079160736, 16289236.234102663, -82.14122389955024, -1691.4426528087224, -4618081.605134926, 1.7934574870983585e-05, 0.0003692481929008491, 1.0080399601724614]
[295.536663163676, 5996.567777908257, 16290500.795581628, -83.80227345248142, -1699.88886930313, -4618440.03573631, 1.8297162383156314e-05, 0.0003710918902202069, 1.0081182017113477]
[281.16613106824553, 5986.326613199875, 16293431.643009149, -79.7280828677034, -1696.985651007221, -4619270.866051243, 1.74078424550393e-05, 0.0003704581210220932, 1.0082995754312691]
[287.58095490666534, 5971.595322810291, 16294450.111105869, -81.54667815077943, -1692.80924924819, -4619559.55125676, 1.780482209093885e-05, 0.000369546482838416, 1.0083625932575244]
[282.98770547188974, 5950.486751756364, 16300839.146978287, -80.24444878780876, -1686.8250317179227, -4621370.700210626, 1.752056276286658e-05, 0.00036824019416127943, 1.008757974480647]
[276.4518362150275, 5932.686631817974, 16302183.57470825, -78.39146485997257, -1681.7786896086038, -4621751.800371138, 1.711609052549556e-05, 0.00036713864802751233, 1.008841168393257]
[288.5677381339738, 5964.31077061808, 16302248.208996488, -81.82634894876045, -1690.7441077841938, -4621770.081490434, 1.7865883634714796e-05, 0.0003690956751785274, 1.0088451542784713]
[287.26754136442116, 5963.075231183613, 16304492.320896374, -81.45769196662286, -1690.3939036671213, -4622406.207754103, 1.7785421152960542e-05, 0.00036901921786740126, 1.0089840197184285]
[285.2174933370021, 5955.517168148737, 16305251.71400853, -80.87647240770973, -1688.2511221883908, -4622621.476388502, 1.7658550289261474e-05, 0.0003685514852667801, 1.0090310134592566]
[287.40445050947926, 5951.893968227392, 16306766.175252844, -81.49642969128938, -1687.2239963436732, -4623050.763918236, 1.7793887764304107e-05, 0.00036832726926113975, 1.0091247252692983]
[292.46168036889793, 5957.656056921921, 16306623.17001928, -82.93016438992237, -1688.857468966085, -4623010.199238677, 1.8106853409846073e-05, 0.00036868384783744974, 1.0091158667226632]
[289.6109210998458, 5940.492238618842, 16306199.772528602, -82.12193950662328, -1683.9914714278182, -4622890.162306108, 1.7930432835967144e-05, 0.00036762167806990887, 1.0090896605829762]
[288.62036735023764, 5970.495808568797, 16303118.112968968, -81.84100546921069, -1692.4975041655814, -4622016.555413725, 1.7869136008262993e-05, 0.00036947842171258213, 1.00889894559228]
[300.33242944556036, 5949.501375502545, 16305398.992133, -85.1614044407611, -1686.5456323358346, -4622663.110762196, 1.859392890580575e-05, 0.0003681791977060328, 1.009040088511582]
[310.59767851359715, 5976.44103181162, 16303344.918066056, -88.0716038899928, -1694.1828364403293, -4622080.794080433, 1.9229192200339962e-05, 0.00036984633415256316, 1.008912962485099]
[314.13835976134834, 5986.509754882427, 16303458.524568621, -89.07536372484702, -1697.0374266392944, -4622112.967275801, 1.9448307085284506e-05, 0.0003704694336225435, 1.008919982214611]
[313.1886933561215, 5972.865083220316, 16301641.63815831, -88.80608689593141, -1693.1690832513516, -4621597.931649122, 1.9389531781894477e-05, 0.0003696250333063134, 1.0088075491632817]
[310.71364415963404, 5990.401096147464, 16299953.67028868, -88.1043658009192, -1698.1405729424766, -4621119.409401264, 1.9236367358666192e-05, 0.0003707102347104282, 1.008703083268709]
[309.7361967557332, 5973.921633144733, 16296786.010661796, -87.82717896872803, -1693.4686357913042, -4620221.438665803, 1.917587569278728e-05, 0.00036969041767431743, 1.0085070513846057]
[315.8578528690927, 5956.87700057849, 16297680.441791095, -89.5626626205645, -1688.6364401219653, -4620474.994099305, 1.9554705084993503e-05, 0.0003686356171777799, 1.0085624040758725]
[310.7924413909365, 5951.88098610412, 16297725.444357002, -88.1265585050512, -1687.2202048006266, -4620487.738605401, 1.9241234582080988e-05, 0.0003683264457833898, 1.008565184725592]
[306.1976574954339, 5978.36264440373, 16292787.750322692, -86.82387512679547, -1694.7277175598927, -4619087.994224586, 1.89568914497369e-05, 0.0003699652442190787, 1.0082596125898282]
[320.90375216944216, 5978.878448218991, 16287946.512661353, -90.9930346999964, -1694.8738839813639, -4617715.604327989, 1.98669715189896e-05, 0.0003699971560201789, 1.0079600134025846]
[327.9654817636136, 5968.546946721214, 16284135.93593536, -92.9949956798844, -1691.944830593092, -4616635.388999963, 2.030398183404063e-05, 0.00036935779258081804, 1.0077241977452682]
[311.3824663234439, 5946.993340402403, 16286965.509933086, -88.2936318947227, -1685.8344985646356, -4617437.539849456, 1.927774087345954e-05, 0.0003680239602280724, 1.0078993141403148]
[308.09722921295594, 5948.1047556636295, 16285451.44863442, -87.36224724895105, -1686.1496447307604, -4617008.328698493, 1.9074436786216375e-05, 0.0003680927405622814, 1.0078056145581948]
[318.80810545268685, 5965.10134135316, 16277784.389817309, -90.39874712498802, -1690.9680834536484, -4614834.872558066, 1.973727743249362e-05, 0.00036914456020575306, 1.007331138244319]
[309.22824869791805, 5906.425859465944, 16274469.827201147, -87.68269936279371, -1674.3336076963599, -4613895.310666847, 1.9144419315878516e-05, 0.00036551347202833274, 1.0071260331569387]
[319.94524672746167, 5927.85840369603, 16270368.434691977, -90.72098922835693, -1680.4097326921276, -4612732.647793374, 1.9807639384122523e-05, 0.00036683980174613627, 1.0068722179299323]
[329.7488272290061, 5997.896861002164, 16264719.027230011, -93.50036157161647, -1700.2655524025088, -4611131.126299843, 2.041434256611593e-05, 0.00037117407442954195, 1.006522594351082]
[322.42425232266106, 5939.145025687461, 16263089.111733362, -91.42373944016565, -1683.609470669274, -4610669.131108657, 1.9961051064409934e-05, 0.00036753825865594935, 1.0064217448531583]
[326.05531344931904, 5995.5975325061145, 16255657.912737492, -92.45311211333177, -1699.613748727886, -4608562.523264499, 2.0185768688456038e-05, 0.0003710317774048856, 1.0059618602702423]
[334.8351586446338, 5981.67106876965, 16249910.20647794, -94.94217718294145, -1695.66553695782, -4606933.184037929, 2.0729102740931266e-05, 0.00037016994862160477, 1.0056061697082204]
[342.1964357285395, 5964.926725662347, 16243681.895686977, -97.02904936657002, -1690.9184577634371, -4605167.615547958, 2.1184646891214938e-05, 0.00036913373463754926, 1.0052207411091088]
[343.9748446109903, 5953.859589330723, 16240091.531089632, -97.53318098989232, -1687.7809747669266, -4604149.84057394, 2.12947008307478e-05, 0.00036844885260416853, 1.0049985582551186]
[340.14856963549954, 5956.105868579329, 16234920.416359315, -96.44839061014218, -1688.4177957134073, -4602683.964077625, 2.1057911848122632e-05, 0.00036858785877429996, 1.0046785537069551]
[342.3432408705772, 5962.247645897819, 16228939.460598735, -97.07052248129604, -1690.1590053906116, -4600988.508815144, 2.1193728948823146e-05, 0.0003689679347068918, 1.0043084303432488]
[353.1100256126579, 5966.31134759905, 16220202.881811913, -100.12283402572334, -1691.310974223736, -4598511.90005691, 2.186002178075937e-05, 0.00036921941277924764, 1.0037677784670367]
[344.5349889873407, 5945.855676501981, 16217880.214411048, -97.69177852029881, -1685.5118791785658, -4597853.501490511, 2.132935917904725e-05, 0.00036795352719015575, 1.0036240504629566]
[351.3388764339869, 5960.931274604816, 16211614.025423145, -99.62068537430054, -1689.7857512509322, -4596077.179172248, 2.1750416987339508e-05, 0.00036888646957865685, 1.0032362723117465]
[347.40286261566234, 5977.08667541676, 16205421.063150162, -98.50473827224472, -1694.3658749578328, -4594321.632124685, 2.150684062279162e-05, 0.00036988622885814114, 1.0028530315459105]
[357.64842302892936, 5985.980903462367, 16196132.722003073, -101.40934060498185, -1696.887211233117, -4591688.629931014, 2.2140879524221602e-05, 0.0003704366308989862, 1.0022782406106125]
[352.04509777349915, 5971.294424167692, 16192707.481952356, -99.8207501245019, -1692.723733119324, -4590717.6651889635, 2.1794120374884802e-05, 0.00036952777468783583, 1.0020662767552524]
[358.77871204219207, 5980.375866818001, 16182430.821366485, -101.729670641709, -1695.2981908173733, -4587804.486926957, 2.2210825724029102e-05, 0.0003700897684253127, 1.001430321086769]
[340.96221471566145, 5907.407788140194, 16186375.606196072, -96.67866414631128, -1674.6119954445667, -4588922.800848554, 2.1108250625560746e-05, 0.00036557419840140784, 1.0016744602632062]
[351.760197415227, 5952.060955528598, 16176844.355734456, -99.73985765532733, -1687.2710810361136, -4586220.91351395, 2.177648175196472e-05, 0.000368337521675098, 1.0010846283224355]
[359.6511673099547, 5959.987176602417, 16167039.878697017, -101.97689775191995, -1689.5181037103634, -4583441.585731492, 2.2264812032155817e-05, 0.00036882802558035237, 1.0004778923994202]
[355.6941771134822, 5958.3011323321625, 16160094.5268244, -100.85503962189897, -1689.0400494059347, -4581472.770552553, 2.2019933166578065e-05, 0.00036872368301309416, 1.0000480964329483]
[360.2698947916061, 5953.041846760897, 16155659.832776032, -102.1522511849023, -1687.5490933135088, -4580215.655192801, 2.23030991649225e-05, 0.00036839821672802456, 0.9997736655737703]
[362.92779679123595, 5961.3998674313925, 16149098.465332687, -102.90572126356103, -1689.9185841522335, -4578355.68128816, 2.2467582209508767e-05, 0.00036891544403403143, 0.9993676289328365]
[365.5874752705253, 5963.34965391382, 16145203.422200866, -103.65975049197039, -1690.4714050179482, -4577251.551601866, 2.2632175439010216e-05, 0.000369036102222168, 0.9991265962760999]
[354.19375925490476, 5944.136618568847, 16139594.67017635, -100.42953424889147, -1685.024514791689, -4575661.652713192, 2.1927075048978315e-05, 0.0003678471134392563, 0.9987795216995]
[362.4136370489057, 5952.086825089705, 16132554.357733123, -102.75988040668923, -1687.278361041431, -4573665.888328415, 2.2435761095135837e-05, 0.0003683391118141314, 0.998343839005488]
[361.81167260477577, 5942.280666855113, 16126029.528012346, -102.58917504893664, -1684.4982690740433, -4571816.29434719, 2.2398505798272648e-05, 0.0003677322572087709, 0.9979400710234775]
[375.5291278878544, 5959.661946285959, 16120535.790147426, -106.4780975507462, -1689.4258821802996, -4570258.945222322, 2.3247408410540182e-05, 0.00036880788879141516, 0.9976000956825176]
[372.440570403971, 5974.368804374185, 16114291.848039163, -105.60246994789718, -1693.5952259105266, -4568488.966548489, 2.3056275231098123e-05, 0.00036971800416726105, 0.9972137068392234]
[364.7326151565112, 5968.146031870664, 16110567.886408238, -103.41722383269436, -1691.8311445411919, -4567433.343347314, 2.2579271075352054e-05, 0.0003693329124143122, 0.9969832643921606]
[367.3668423607429, 5958.5181530851705, 16106053.137052823, -104.16402529204798, -1689.1016077541196, -4566153.545412045, 2.2742287337722118e-05, 0.00036873709776351994, 0.9967038831937948]
[383.96211376400964, 5990.422712386015, 16095078.516355695, -108.86875212413483, -1698.146439925573, -4563042.49028601, 2.376928332314238e-05, 0.000370711489029877, 0.9960247277015993]
[366.58594875745973, 5958.727327663266, 16096784.539512813, -103.9425962438928, -1689.1609163896528, -4563526.173956524, 2.2693959903877306e-05, 0.0003687500404114615, 0.9961303255413699]
[379.73242531358443, 5966.930660779479, 16091763.524381716, -107.66965795667903, -1691.4865044044343, -4562102.862064261, 2.3507521901310418e-05, 0.00036925769049887515, 0.9958196147892864]
[376.09472230262577, 5937.627057401965, 16089877.103387333, -106.63833638332143, -1683.1790204097024, -4561568.129722304, 2.3282403772980818e-05, 0.0003674442649438584, 0.99570288364129]
[370.3548881924907, 5951.320928973544, 16088976.355417999, -105.01114681272394, -1687.0612736810272, -4561312.801586543, 2.2927198493933352e-05, 0.00036829170489121856, 0.9956471461226027]
[367.63640221792343, 5956.046766592174, 16084816.684910104, -104.24050780504422, -1688.4009382284871, -4560133.646950189, 2.2758967520479117e-05, 0.00036858416051189786, 0.9953897341309306]
[369.6342892640207, 5942.704499200368, 16076534.83426709, -104.80667925662019, -1684.6185172675528, -4557785.994573367, 2.2882600766380872e-05, 0.0003677584789494718, 0.9948772401019905]
[379.1621846735732, 5971.2964764237, 16071857.741664773, -107.50793035335903, -1692.724227412957, -4556460.133348536, 2.3472238766459906e-05, 0.00036952787380574177, 0.9945877979792943]
[378.96833582366685, 5971.251549810575, 16068707.557911007, -107.45298324505204, -1692.7115243242322, -4555567.1479268875, 2.3460244403109627e-05, 0.0003695250929302576, 0.994392858170168]
[376.0085526240927, 5968.810355510348, 16066206.976285433, -106.61388613061585, -1692.0194526792536, -4554858.33070413, 2.3277076442053277e-05, 0.0003693740167367271, 0.9942381254961938]
[370.1788057694422, 5956.216866962226, 16066173.187811973, -104.9611654230839, -1688.4492779289064, -4554848.769878364, 2.2916304388801567e-05, 0.00036859468587582134, 0.9942360404259838]
[376.03045164953085, 5956.269775796763, 16057093.619887684, -106.61997163043324, -1688.4641869965342, -4552274.966196921, 2.327842800054786e-05, 0.00036859795470083387, 0.9936741746867354]
[377.0082586731086, 5972.571517520917, 16053653.250705617, -106.8972417028459, -1693.0856347814165, -4551299.724154304, 2.333893920047612e-05, 0.000369606768396502, 0.9934612784575347]
[366.55715090029963, 5971.038010226437, 16054117.129874725, -103.93437657606468, -1692.6509673229064, -4551431.241724058, 2.2692178176285916e-05, 0.0003695118739684024, 0.9934899914663837]
[386.698799449366, 5990.828795962241, 16048768.014336294, -109.64460344250755, -1698.2615451633621, -4549914.885108187, 2.3938640396490916e-05, 0.00037073660904768537, 0.9931589643941751]
[380.3542114362586, 5951.713932970627, 16051883.493417528, -107.84599373245382, -1687.1725217518601, -4550798.06780949, 2.354600420604315e-05, 0.0003683160260908184, 0.9933517684688136]
[375.82027841431136, 5976.74144969234, 16042768.065765765, -106.56040196436116, -1694.267898431665, -4548214.101397988, 2.3265424319133065e-05, 0.0003698648244552667, 0.9927876844886897]
[376.07136682047917, 5979.865174388369, 16046358.92874919, -106.63177474261077, -1695.1534262663752, -4549232.023250556, 2.328096536786618e-05, 0.0003700581379663771, 0.993009900079481]
[367.9272356636624, 5975.797846308272, 16050772.648461744, -104.32309285185522, -1694.0003436530874, -4550483.19536336, 2.2776972526626935e-05, 0.00036980644731101367, 0.9932830338050188]
[376.0407361839015, 5977.404460415723, 16054177.467070164, -106.62353268581607, -1694.455781870254, -4551448.337241825, 2.3279081272282183e-05, 0.00036990588636226984, 0.9934937224388258]
[383.79407169504617, 5964.550794435675, 16050971.55774491, -108.82161296048288, -1690.8117039429546, -4550539.556272987, 2.3758890268885815e-05, 0.00036911044782333296, 0.993295334566298]
[365.0069384775046, 5951.677138707675, 16038011.470313825, -103.49482909166412, -1687.1622738959268, -4546865.831788868, 2.2596240215152977e-05, 0.00036831373965271516, 0.9924933660135601]
[373.00781695412195, 5968.202893755878, 16043534.469556734, -105.7634396497546, -1691.8471990967491, -4548431.414824299, 2.3091382263846773e-05, 0.0003693364370040094, 0.9928351315161816]
[368.0777898287556, 5980.014095594799, 16052310.455555683, -104.36610751334904, -1695.1956570545428, -4550919.148131847, 2.2786298607153064e-05, 0.0003700673817007507, 0.993378206337337]
[377.04545040963217, 5992.165176494869, 16058920.437766153, -106.90883097067672, -1698.6403356339215, -4552792.852780331, 2.33412669000859e-05, 0.00037081936452140974, 0.9937872343924752]
[361.00200375339807, 5992.421982872942, 16069552.093483098, -102.3608068750893, -1698.7132374451085, -4555806.634565148, 2.2348435021175563e-05, 0.00037083527556426186, 0.9944451486563318]
[373.8046149695086, 5964.276990444927, 16030960.508823019, -105.98909005325854, -1690.7342344312428, -4544867.09631042, 2.31406864111682e-05, 0.0003690934759366803, 0.9920570404465159]
[367.1763432359872, 5960.435796232104, 16039009.45123139, -104.11020700399952, -1689.6452985352453, -4547148.755205445, 2.273050299747026e-05, 0.000368855780823845, 0.9925551315297219]
[367.57935563389555, 5955.804971838262, 16042471.862412414, -104.22463131804228, -1688.332383800589, -4548130.255028502, 2.275544474275009e-05, 0.00036856921311202614, 0.9927693949834977]
[366.2786060942687, 5967.528222172412, 16046688.099970426, -103.85602601804821, -1691.655982026544, -4549325.432227884, 2.2674955111918063e-05, 0.00036929470827529355, 0.9930303032121642]
[349.52568341125834, 5976.802602434899, 16049993.481820984, -99.10661661765113, -1694.2852995308044, -4550262.436691036, 2.163820929982712e-05, 0.0003698686509517877, 0.9932348554238288]
[371.20006678242225, 5960.522817624471, 16033423.671283739, -105.25082748606707, -1689.669985373124, -4545565.394638146, 2.297950518093237e-05, 0.00036886116027010237, 0.9922094874499372]
[371.51004437984705, 5965.710307941428, 16032266.232122755, -105.33871507285822, -1691.1405849733965, -4545237.290409581, 2.2998687995191575e-05, 0.0003691821866606984, 0.9921378614260514]
[354.0988055429627, 5959.014226259511, 16044087.12463754, -100.40284990387988, -1689.242408751409, -4548588.218192804, 2.192120794146478e-05, 0.0003687678123563949, 0.9928693789158392]
[365.27933466799095, 5964.773782017904, 16056584.959069533, -103.57309413226417, -1690.875000729406, -4552130.970503626, 2.261312117198432e-05, 0.00036912425989834614, 0.9936427636658937]
[367.28620900890456, 5972.844423796336, 16078181.721940584, -104.1427819115761, -1693.1629453902913, -4558253.022736796, 2.273733299888361e-05, 0.0003696237371144211, 0.9949792149644998]
[337.51726061974733, 5907.477393122696, 16045851.51030477, -95.70181976730977, -1674.6318829448362, -4549088.446699415, 2.0895056864270632e-05, 0.0003655785047102454, 0.9929785886052298]
[334.7640056291592, 5939.796488321974, 16061083.892798493, -94.9218924063253, -1683.794190179854, -4553406.344183939, 2.0724692016059046e-05, 0.0003675785802177518, 0.9939211861359197]
[350.10642530951407, 5951.748220395245, 16061975.206117256, -99.27155859946276, -1687.1824528695572, -4553659.003137983, 2.1674150768458932e-05, 0.00036831820360081575, 0.9939763416019403]
[333.5818722628541, 5940.315189397592, 16079539.539567681, -94.58729965621231, -1683.941255532778, -4558637.992757578, 2.0651549215384515e-05, 0.0003676107116498456, 0.9950632625907769]
[321.3516282445384, 5935.2184652688475, 16090158.443761628, -91.12032193494606, -1682.4963055941864, -4561648.146654467, 1.9894692044805487e-05, 0.0003672953258497197, 0.9957203832957279]
[343.93426029878634, 5963.171400622028, 16053216.71118123, -97.52129077791051, -1690.4210594417063, -4551176.277482477, 2.129218398393134e-05, 0.0003690250892260641, 0.9934343658992058]
[346.5439111983836, 5952.0659212671735, 16057066.196131153, -98.26127841882209, -1687.2725557632525, -4552267.4963680245, 2.145367975197666e-05, 0.0003683378445115679, 0.9936725805471439]
[334.79906521272875, 5958.012859175691, 16061891.744412772, -94.93169423850405, -1688.958553867246, -4553635.40803652, 2.072685874273425e-05, 0.0003687058746824608, 0.9939711984369749]
[330.2926021821535, 5982.274661326421, 16063655.191812642, -93.65413585376407, -1695.8368121598683, -4554135.296768871, 2.0447981321597488e-05, 0.00037020729978516474, 0.9940803250842187]
[330.1360787839544, 5901.403522116604, 16069667.829178896, -93.60978116822751, -1672.9098455822445, -4555839.770350652, 2.0438281761835045e-05, 0.00036520265482983984, 0.9944524216652206]
[318.99941118799194, 5999.935533947486, 16066090.345928613, -90.45240286083806, -1700.8437542565666, -4554825.636132062, 1.9749108894276002e-05, 0.0003713002200522204, 0.9942310323029545]
[338.23763958685475, 5987.64753585892, 16066252.336794974, -95.90652207231368, -1697.3599733309827, -4554871.539150515, 2.0939658557489944e-05, 0.0003705397847878923, 0.9942410509837555]
[325.8857544681121, 5946.432218502654, 16067125.34991336, -92.404546932243, -1685.6756384530804, -4555119.073398448, 2.0175255855412787e-05, 0.00036798920521043804, 0.9942950952751449]
[328.6824672468187, 5963.665662743338, 16054076.487124154, -93.19702120032089, -1690.5612781976724, -4551420.077514072, 2.0348324690782736e-05, 0.0003690556695337052, 0.9934875971862428]
[336.7447203280639, 5973.837742415138, 16057446.22042323, -95.4827588257422, -1693.4450438783242, -4552375.30331804, 2.0847256080173365e-05, 0.0003696851584530096, 0.9936961246847128]
[327.20098506687754, 5963.775743881514, 16085390.660452224, -92.77785958432627, -1690.5923732713827, -4560296.783703603, 2.025666218416874e-05, 0.0003690625097520066, 0.9954253989245623]
[339.0686168556847, 5944.354943160757, 16072199.607055549, -96.14186781967074, -1685.0865982461614, -4556557.515349559, 2.0991070772209883e-05, 0.00036786064512162573, 0.9946091134437814]
[317.3514951636623, 5942.08056423855, 16066396.639267623, -89.98468752234236, -1684.4419244087867, -4554912.603040613, 1.9647106251616277e-05, 0.0003677198743000084, 0.9942500343089691]
[329.71768370785276, 5943.295864104075, 16056112.177010588, -93.49018463283166, -1684.7864021287887, -4551997.242910203, 2.0412374976779157e-05, 0.0003677950665168587, 0.9936136059024449]
[312.37637581752074, 5910.836889571386, 16054934.136000285, -88.57360286986818, -1675.5844897546804, -4551663.373977253, 1.933920531761752e-05, 0.0003657863525934891, 0.9935407304879289]
[319.1293332627766, 5929.36118137494, 16103670.725961545, -90.4897353473496, -1680.8358118929318, -4565478.727018355, 1.9757145455239197e-05, 0.00036693280311702686, 0.9965566327023904]
[325.8426025956219, 5973.150491522689, 16096302.680588372, -92.39280515940656, -1693.2499616047157, -4563390.052793289, 2.0172598535848426e-05, 0.00036964266180769106, 0.9961006668244233]
[321.59322964650653, 5969.858408592392, 16094698.085042983, -91.18794470680878, -1692.3167567861376, -4562935.213455242, 1.990962514124085e-05, 0.00036943892315222755, 0.996001376860328]
[325.703745588182, 5978.125661772006, 16095190.28493364, -92.35324464533915, -1694.6605279606024, -4563074.745599859, 2.0164002007730664e-05, 0.0003699505302624736, 0.9960318378352782]
[319.3216848692846, 5962.769452574938, 16098023.750164656, -90.54387086105986, -1690.3070899305271, -4563877.970978432, 1.9769050195478945e-05, 0.00036900022267595507, 0.9962071853737576]
[314.5496612144729, 5978.66827022934, 16120729.913476497, -89.19166660300903, -1694.8143637318672, -4570314.50042025, 1.9473749922687027e-05, 0.0003699841475568931, 0.997612286766638]
[311.23602449942643, 5964.387189438452, 16124988.506044528, -88.25225977275282, -1690.7657076589167, -4571521.697660566, 1.9268686611383932e-05, 0.00036910037980281943, 0.9978758206226535]
[308.25163811201566, 5957.378189291815, 16129582.124156237, -87.40620014774828, -1688.7786905421635, -4572823.87611808, 1.9083998126524127e-05, 0.0003686666326183057, 0.9981600903434207]
[308.2414460893743, 5992.1702983393725, 16130403.422150224, -87.4033588280263, -1698.6421833503734, -4573056.668699925, 1.9083373504364092e-05, 0.0003708197124730378, 0.9982109066650159]
[301.72190486028194, 5976.975748055446, 16138913.688579794, -85.55515586749593, -1694.3346221402614, -4575469.119081128, 1.8679916435909068e-05, 0.0003698794135026206, 0.9987375520390143]
[298.02663420986283, 5979.8012383498535, 16141582.497727552, -84.50755998850256, -1695.1356705161006, -4576225.645248492, 1.8451236294747824e-05, 0.0003700542730968739, 0.9989027021980931]
[295.24195827470555, 5977.230936064288, 16143924.150211386, -83.7181094720033, -1694.4069183555637, -4576889.445880064, 1.827890441458296e-05, 0.00036989521437547616, 0.9990476119246953]
[298.2403729065376, 5958.35155964206, 16148191.393852124, -84.56820405615984, -1689.0546296837351, -4578099.090638439, 1.8464460386660925e-05, 0.0003687268805102733, 0.9993116794989526]
[299.6883600570752, 5958.457740482385, 16151339.38309557, -84.97877362630639, -1689.0846837934384, -4578991.45712292, 1.855407008492883e-05, 0.00036873345144700846, 0.9995064845709959]
[297.9711784359394, 5980.044070095915, 16153320.483865827, -84.49198181802363, -1695.2043993890888, -4579553.023889287, 1.8447806318090694e-05, 0.0003700693096043426, 0.9996290731614473]
[285.4624554809367, 5956.64244058561, 16160085.68821954, -80.94577513385174, -1688.5701013575767, -4581470.815974229, 1.7673705021055447e-05, 0.0003686211163185615, 1.0000477359498225]
[282.44827165000646, 5970.401243722934, 16163028.379772972, -80.09130310768596, -1692.4707241521644, -4582304.972687058, 1.7487177558528753e-05, 0.00036947257280550873, 1.000229832093079]
[278.5024127579849, 5929.497585279826, 16170113.70401546, -78.97268270906473, -1680.8746829268703, -4584313.513285125, 1.7242982678087833e-05, 0.0003669412822859963, 1.000668305854304]
[293.88320824670643, 5974.494827256837, 16166826.810469376, -83.33319931530903, -1693.631244123169, -4583381.705020729, 1.819482495234629e-05, 0.0003697259018533828, 1.0004648826077969]
[287.39893895919846, 5965.477537458017, 16170873.59238798, -81.4949533321414, -1691.074812679674, -4584528.862938961, 1.779354858004054e-05, 0.0003691678795664317, 1.0007153101468789]
[276.6691746149032, 5951.3869492605045, 16177413.603096776, -78.45310499929876, -1687.0802213339102, -4586382.801050533, 1.7129542532209497e-05, 0.00036829589494694287, 1.0011200313562991]
[294.0276350033182, 5968.017956386987, 16177503.20992059, -83.37431898947877, -1691.795033517792, -4586408.170216969, 1.820376453808757e-05, 0.00036932509502902674, 1.001125565659628]
[273.18335648900114, 5943.228150969786, 16181242.428595139, -77.46488022870675, -1684.7672719844627, -4587468.159312874, 1.6913821824080236e-05, 0.00036779100285612155, 1.0013569661099069]
[271.1707234705101, 5946.002157368845, 16184868.306226855, -76.89436907254067, -1685.5537283114897, -4588495.987967063, 1.6789275621813904e-05, 0.0003679626722347455, 1.0015813421045008]
[272.1397690113684, 5953.60321180439, 16185444.140184976, -77.16912588713865, -1687.7085586208827, -4588659.210737957, 1.6849245273623488e-05, 0.0003684330582989438, 1.0016169727054074]
[274.26042366874157, 5963.044832325609, 16186714.955316106, -77.77037560047111, -1690.3852504173074, -4589019.439996742, 1.698048306933516e-05, 0.0003690173500727739, 1.0016956100093364]
[278.7145999618536, 5959.228418206345, 16187068.097709253, -79.03317366202329, -1689.30324728379, -4589119.537438364, 1.7256126583793837e-05, 0.00036878117444156026, 1.0017174604237833]
[269.4594940482031, 5955.424122663491, 16191755.519674448, -76.40938420490282, -1688.2248389739457, -4590448.321476438, 1.6683377831895463e-05, 0.0003685457458224236, 1.0020075399680153]
[267.61865768657685, 5951.202744604098, 16192360.080161022, -75.88755169759962, -1687.0280625013231, -4590619.693892988, 1.6569458254743288e-05, 0.0003682845118442309, 1.0020449504289453]
[276.00778833652623, 5971.861800072431, 16190088.65366959, -78.26589822582079, -1692.8848573547746, -4589975.766120565, 1.708862122762211e-05, 0.00036956298449570494, 1.0019043748659897]
[261.77688464812087, 6002.5269172319895, 16190941.420864202, -74.23143698233481, -1701.5784645266808, -4590217.493372958, 1.620795358503166e-05, 0.0003714606745659593, 1.0019571433276575]
[272.1704457135233, 5961.660783318768, 16191350.895345382, -77.17806679703322, -1689.9928451450016, -4590333.570547741, 1.6851150120495443e-05, 0.00036893170639191607, 1.0019824834863764]
[270.3747220573447, 5957.663949550523, 16192437.139662722, -76.6689910515748, -1688.8597750500633, -4590641.498070299, 1.6740021612411204e-05, 0.00036868436604040164, 1.0020497055067705]
[258.732455205253, 5973.819036151468, 16194443.29017402, -73.36841703097855, -1693.4398273681786, -4591210.197394864, 1.6019547122709348e-05, 0.0003696841125089002, 1.0021738549511077]
[265.6235553433177, 5964.362878224059, 16194634.01714007, -75.32211198869062, -1690.7589503963975, -4591264.25318496, 1.644600098638011e-05, 0.0003690989289382724, 1.0021856542239487]
[245.0116051609691, 5948.372450922597, 16202206.504913433, -69.47862930626141, -1686.225883338343, -4593410.9079942275, 1.5170436864664614e-05, 0.0003681093738283207, 1.0026542805925591]
[262.1876139444579, 5963.219449741399, 16197405.47874992, -74.34806646213366, -1690.4348391442336, -4592049.903245615, 1.6233369931794553e-05, 0.00036902817251429986, 1.002357165157718]
[267.3697626702819, 5990.36766629858, 16195793.235031316, -75.81724433936341, -1698.131323700313, -4591592.838247488, 1.6554072167813495e-05, 0.00037070822427071775, 1.0022573824043424]
[243.26443234910144, 5952.342786567003, 16202971.109326517, -68.98334004068028, -1687.3514434419358, -4593627.660974677, 1.5062313537523571e-05, 0.0003683550791773104, 1.0027015992204296]
[265.51437021431013, 5969.5529342139125, 16198362.413313942, -75.29127254513224, -1692.2303332905833, -4592321.1627614, 1.6439247228909216e-05, 0.00036942011776268624, 1.002416381010706]
[268.3243247539988, 5977.30110077957, 16199456.929539459, -76.0879353398013, -1694.4269256360585, -4592631.4269855805, 1.661314207046921e-05, 0.00036989960815341985, 1.0024841121572863]
[263.7125408741876, 5965.736543481008, 16202223.17661537, -74.78052684464366, -1691.1483860597336, -4593415.5995936, 1.6327742674891334e-05, 0.00036918394628492616, 1.0026553006473813]
[255.29659258163122, 5989.307732741411, 16202552.016355703, -72.39458366709069, -1697.8308809286673, -4593508.814657401, 1.5806927313454767e-05, 0.0003706426350344253, 1.0026756494375344]
[263.19315999152894, 5975.237014909605, 16205240.599307511, -74.63333862295025, -1693.8418159529685, -4594270.964289814, 1.6295601727043998e-05, 0.00036977187683032457, 1.0028420293890723]
[256.3308033455684, 5976.598806683619, 16205506.084055962, -72.68785053447569, -1694.227829750204, -4594346.222511587, 1.587092793235565e-05, 0.0003698561551803782, 1.0028584584736213]
[257.30850925367713, 5969.759122215929, 16207628.75032376, -72.96505427506044, -1692.2887916332918, -4594947.948737132, 1.593143348549858e-05, 0.0003694328838485145, 1.0029898174994483]
[259.58435150492994, 5983.913168230704, 16205546.194220785, -73.6102641444332, -1696.3013665174024, -4594357.5762810325, 1.6072275019202955e-05, 0.0003703087983363209, 1.0028609350571651]
[258.82743922919, 5976.54292444635, 16207721.51282092, -73.39568610703371, -1694.2119508291232, -4594974.227896733, 1.6025433338157912e-05, 0.0003698526978794008, 1.002995552312244]
[254.59867116914236, 5959.998762464324, 16212113.94000256, -72.19685165033263, -1689.521747583406, -4596219.391339845, 1.5763735176908068e-05, 0.00036882887308321876, 1.003267377599689]
[260.03885969115237, 5975.32295746881, 16212190.450328002, -73.73915831913371, -1693.8661379585915, -4596241.063864519, 1.6100401795150172e-05, 0.0003697772002064423, 1.0032721068244517]
[225.41836730723537, 5967.144975307194, 16218488.070519809, -63.92416255357163, -1691.5479306312147, -4598026.317372359, 1.3957925194184477e-05, 0.00036927111662248, 1.0036618372318855]
[251.93427878045276, 5976.784351600953, 16213917.280749464, -71.44149239452379, -1694.2804460153975, -4596730.568201925, 1.5598854301845305e-05, 0.00036986764159412853, 1.0033789659991463]
[255.886705669279, 5986.670884033619, 16214325.822306722, -72.56203831074032, -1697.083234897018, -4596846.371315355, 1.5843450545113974e-05, 0.00037047945988189136, 1.003404245175739]
[253.59820894307765, 5992.154541256091, 16215861.924212463, -71.91325564796642, -1698.6378867767708, -4597281.8187700715, 1.570182850819275e-05, 0.00037081880891756653, 1.0034993047605691]
[232.02942132105898, 5945.428733154397, 16222451.668057647, -65.7984289220655, -1685.3912906931446, -4599149.895070575, 1.436704381623359e-05, 0.0003679272222855556, 1.0039071171958813]
[261.9328297510131, 5965.532281096591, 16218459.6762022, -74.2761643581005, -1691.090455795402, -4598018.210123551, 1.62176100282954e-05, 0.00036917131572877673, 1.0036600604052202]
[252.55945829048963, 5981.15101120568, 16220163.100958416, -71.61880466337317, -1695.5183630729498, -4598501.085171779, 1.563754440986904e-05, 0.0003701378705981321, 1.0037654730632306]
[265.16050126753066, 5949.255953992949, 16222431.401752304, -75.19124124251066, -1686.4761075964927, -4599144.095999848, 1.6417350083275295e-05, 0.00036816406866472894, 1.0039058447427973]
[251.54501749849928, 5934.0684547521805, 16225104.467769558, -71.33120822055021, -1682.1705022288868, -4599901.859796061, 1.5574759574807386e-05, 0.00036722420171629263, 1.004071268794707]
[272.8355401594365, 5997.089247676316, 16220954.235497287, -77.36714825436151, -1700.0367225429002, -4598725.3174751215, 1.6892323871892643e-05, 0.00037112419178098147, 1.0038144194858676]
[238.258138424395, 5953.551223400247, 16228221.317057138, -67.56436143137739, -1687.6939102688416, -4600785.415929029, 1.475250681557747e-05, 0.0003684298764738786, 1.004264152589526]
[250.87643825373888, 5960.8425311023075, 16227460.86604868, -71.14169180988578, -1689.7609177168263, -4600569.815489457, 1.5533388256217444e-05, 0.000368881097612481, 1.0042170825790566]
[249.083483043974, 5954.977432349026, 16229617.532107152, -70.6333856468166, -1688.0982078584143, -4601181.18100172, 1.5422432228380632e-05, 0.0003685181370450413, 1.0043505460334436]
[235.36636473450554, 5982.239484428418, 16231288.968333924, -66.74453431592119, -1695.827144037825, -4601654.984236781, 1.4573557273994914e-05, 0.00037020523265086225, 1.004453977823349]
[242.81266741267007, 5950.311545586977, 16232823.07522705, -68.8555793250442, -1686.7755218019488, -4602089.870016908, 1.5034364789998923e-05, 0.0003682293959562797, 1.004548915257004]
[283.39498274298035, 6006.783612866857, 16223576.858030485, -80.3607443201866, -1702.7849907600653, -4599468.738024414, 1.7545786613007765e-05, 0.00037172411891242497, 1.0039767071034296]
[253.35680951064663, 5967.789240735354, 16229934.147364482, -71.84484488969545, -1691.7303000004122, -4601270.892969233, 1.5686886841361888e-05, 0.00036931099269037286, 1.0043701255495678]
[249.56640602620936, 5964.107342010178, 16232363.598285664, -70.77026578151059, -1690.686549590586, -4601959.584336771, 1.5452320673790145e-05, 0.0003690831398334481, 1.0045204692467526]
[258.2791829498601, 5975.484585829978, 16231459.75407314, -73.24035269928692, -1693.91192837788, -4601703.347077693, 1.5991509169714315e-05, 0.0003697872114763071, 1.004464529488518]
[254.96969546047595, 5974.0588926747205, 16232631.768698972, -72.3020936314225, -1693.507802250729, -4602035.5848568855, 1.578670288046557e-05, 0.0003696989830818467, 1.0045370580915327]
[263.72786485236264, 5995.932589706026, 16229171.913424907, -74.78502264193683, -1699.7088596720741, -4601054.785626511, 1.63286989934455e-05, 0.00037105261413766767, 1.0043229447019772]
[257.37659566004874, 5955.281804601541, 16233054.390309334, -72.98440859935724, -1688.184428026131, -4602155.411777781, 1.593564344389869e-05, 0.0003685369678279422, 1.0045632195784582]
[258.90158172154645, 6003.451238701325, 16231390.634277796, -73.41676175195718, -1701.8404152785856, -4601683.743938308, 1.6030024916181224e-05, 0.0003715178948877218, 1.0044602489349024]
[260.5456606191373, 5985.75184716332, 16233408.86378715, -73.88284198854474, -1696.822691050257, -4602255.877576596, 1.6131762774004148e-05, 0.0003704225816224838, 1.0045851493282014]
[259.07876536326927, 5979.64132027486, 16233839.03823805, -73.46696682693462, -1695.090364823566, -4602377.811858307, 1.6040985561045547e-05, 0.0003700444392592001, 1.0046117668108263]
[253.17765244115336, 5972.842389597719, 16234322.19729624, -71.79396742722108, -1693.1629083586229, -4602514.7746629985, 1.567579726839393e-05, 0.00036962369435341436, 1.0046416661113668]
[255.20649073075583, 5976.116671920187, 16235668.184131455, -72.36914952058791, -1694.0911892643228, -4602896.328097633, 1.5801352020695298e-05, 0.00036982631852935574, 1.0047249603337938]