[803.2238690250449, -11114.381244016879, -13615810.58270084, -356.80842261345646, 4938.180918065651, 6049241.0017376635, -5.8995710597916135e-05, 0.0008162970906401318, 0.9999999999999997]
[759.195063189335, -11126.630834005775, -13610736.72683867, -337.24668490231244, 4943.623681876846, 6046986.244753423, -5.5762071271486155e-05, 0.0008171967747806183, 0.9996273672365207]
[765.8572080791254, -11163.922224932663, -13604276.362332568, -340.2066002889939, 4960.19199456719, 6044115.862904618, -5.62513551579233e-05, 0.0008199356109610668, 0.9991528852338828]
[783.319512004205, -11105.921766136105, -13607937.51941986, -347.96495045825395, 4934.422574529586, 6045742.624669282, -5.7533849997987787e-05, 0.0008156757844347703, 0.9994217756543224]
[769.8455204413777, -11155.737675379045, -13596242.162071543, -341.9785563179926, 4956.555715401395, 6040546.345727079, -5.654426679877741e-05, 0.0008193344997480982, 0.9985628073398188]
[786.7673231016436, -11122.848681017353, -13614929.177911066, -349.4968645676737, 4941.943199711766, 6048849.199627792, -5.778707525878352e-05, 0.0008169189758104746, 0.9999352729585204]
[791.9713108955568, -11125.733890290872, -13613045.216954013, -351.808974203739, 4943.22498760174, 6048012.227063618, -5.8169278882775514e-05, 0.0008171308801779108, 0.999796901828302]
[796.9678971636604, -11124.375757579468, -13611498.742088607, -354.028884208717, 4942.621481096992, 6047325.145335357, -5.853624507429001e-05, 0.0008170311282125883, 0.9996833197315108]
[778.0118247736659, -11122.674767060367, -13597232.87139028, -345.6067993831374, 4941.865732468195, 6040986.718306221, -5.714403013154241e-05, 0.000816906210207591, 0.9986355620226515]
[758.915755476318, -11169.28556484379, -13589134.741196727, -337.12247345025355, 4962.574932076812, 6037388.425227842, -5.5741537916349004e-05, 0.0008203295277445832, 0.9980408041906849]
[764.7622242431353, -11140.049272912434, -13600722.290178698, -339.72004551571564, 4949.585239122857, 6042536.860343618, -5.617092448576211e-05, 0.0008181822693906516, 0.9988918521833592]
[762.945824046168, -11141.709462366076, -13594448.724606564, -338.9129981464677, 4950.3229713641995, 6039749.485215706, -5.603751767907147e-05, 0.0008183042077181465, 0.9984310891983214]
[771.5046697392729, -11140.847654665435, -13604622.505267458, -342.71568131258385, 4949.94000972683, 6044269.817224197, -5.666611735033813e-05, 0.0008182409046082948, 0.9991783010637493]
[796.498771238532, -11088.121053904248, -13607527.66786918, -353.82041451165105, 4926.51372098478, 6045560.78782606, -5.850177992051939e-05, 0.000814368421782395, 0.9993916631737135]
[790.773701025601, -11145.029399438965, -13601900.72842513, -351.2767534772779, 4951.797750717036, 6043060.702880455, -5.808131265397497e-05, 0.0008185480206173334, 0.9989783921125158]
[788.9153494739381, -11138.06471179549, -13595181.578562181, -350.45109014417346, 4948.703499153471, 6040075.412769353, -5.794482531968671e-05, 0.0008180365101131364, 0.9984849006228519]
[808.5047977121129, -11085.94344041956, -13613462.098454045, -359.15467060369804, 4925.546199223648, 6048197.805723301, -5.9383549158838877e-05, 0.0008142084840602775, 0.999827504982913]
[809.2538125662097, -11110.238187620233, -13615820.78387416, -359.48742602406, 4936.3401548852935, 6049245.721090033, -5.9438568508794934e-05, 0.000815992797723399, 1.0000007414757817]
[817.9415855800686, -11125.11216359638, -13616905.820484418, -363.34738959560144, 4942.9486761829285, 6049727.822819551, -6.007663795655431e-05, 0.0008170852008080531, 1.0000804315428715]
[829.8668867054135, -11123.449065399453, -13623812.741062425, -368.64580338584346, 4942.209746753318, 6052796.735574849, -6.0952487866334064e-05, 0.000816963055927822, 1.0005877057864878]
[851.1418653463705, -11083.51643550177, -13635832.15370259, -378.09816336079393, 4924.467748399112, 6058137.237209041, -6.25150033978917e-05, 0.0008140302148951625, 1.0014704642995715]
[831.9363107111703, -11086.179274923721, -13634370.289326647, -369.5653076164853, 4925.650913348418, 6057487.805577392, -6.110446582329224e-05, 0.0008142257991743047, 1.001363094059114]
[841.7873337002654, -11093.757628945828, -13636609.212039594, -373.9419622955718, 4929.017725744002, 6058482.4519820325, -6.182796818896581e-05, 0.0008147823784321144, 1.001527536959158]
[836.6399718689388, -11084.105363902087, -13630376.28714299, -371.6550059685573, 4924.729415606538, 6055713.126723153, -6.144992004111937e-05, 0.0008140734792643668, 1.0010697591240771]
[843.9773424283433, -11104.202551593085, -13638840.71065009, -374.9149084929374, 4933.658471490502, 6059473.934493128, -6.198880547074219e-05, 0.000815549499413623, 1.0016914290105847]
[839.8647271232784, -11052.94212551088, -13647418.263105476, -373.0877824167006, 4910.883848755713, 6063285.110943683, -6.168676076139112e-05, 0.0008117847146329288, 1.0023214033182102]
[860.6340172722777, -11061.560164671793, -13660535.488913052, -382.3154600922408, 4914.712572015931, 6069113.318058671, -6.321214227925011e-05, 0.0008124176469258028, 1.0032847932988782]
[872.1417101850487, -11052.089927985384, -13661567.621828975, -387.4282934917876, 4910.50494321744, 6069572.007597196, -6.405731468119384e-05, 0.0008117221134630556, 1.003360593982504]
[890.77659039585, -11037.499565948732, -13671736.618739206, -395.70760749842833, 4904.022373126206, 6074090.289502243, -6.542592490039473e-05, 0.0008106505163423192, 1.0041074513805777]
[877.6922024738135, -11044.261420983192, -13658786.204593835, -389.8942973598587, 4907.026609764052, 6068336.3690361325, -6.446495851232147e-05, 0.0008111471402700891, 1.003156305799414]
[875.7556352926384, -11049.964281026012, -13655884.861284388, -389.03380975609366, 4909.560549721193, 6067047.37059524, -6.43227187841443e-05, 0.0008115659940450632, 1.0029432127851716]
[888.8117171948721, -11036.906092453459, -13672099.568878021, -394.8345995619547, 4903.7584584619835, 6074251.720956128, -6.528161816871354e-05, 0.0008106069244901107, 1.0041341012194827]
[875.2925040843796, -11060.655014429245, -13652950.731391769, -388.82807862982025, 4914.310283846677, 6065743.686053465, -6.428871459554936e-05, 0.0008123511649842941, 1.0027277166841997]
[866.8630419618485, -11076.767835852748, -13658085.09283257, -385.0829732956601, 4921.469049718491, 6068024.93377738, -6.366962607867461e-05, 0.0008135345554358132, 1.003104809551286]
[885.8340723359884, -11040.466651630615, -13653977.202450411, -393.51163896101764, 4905.340736370394, 6066199.884603777, -6.506292981212261e-05, 0.00081086843791059, 1.0028031005116989]
[913.3456755490172, -11028.059026396415, -13673802.509672873, -405.734906291833, 4899.827788110436, 6075008.579460199, -6.708349145835532e-05, 0.0008099571544220797, 1.004259164273192]
[882.9391885760699, -11053.15904591387, -13656028.509711329, -392.22547058864944, 4910.979672341871, 6067111.328012164, -6.485031853701986e-05, 0.0008118006213416584, 1.002953757520419]
[903.8211188349446, -11033.595975352067, -13661868.389483713, -401.50315431443215, 4902.287984958256, 6069706.126552336, -6.638396450309628e-05, 0.0008103638216884243, 1.0033826637377623]
[904.1275685071819, -11010.621628657123, -13667915.869081756, -401.6392604562527, 4892.080544614832, 6072393.145054954, -6.640646374802247e-05, 0.0008086764784596728, 1.003826817887211]
[892.3486221480692, -11055.174432239059, -13682121.390094075, -396.4060144909315, 4911.875108969643, 6078704.761692472, -6.554138325979291e-05, 0.0008119486355214071, 1.0048701430688716]
[889.4801911384552, -11035.105608572732, -13689231.544525895, -395.131648960784, 4902.958504911288, 6081863.898071842, -6.533071189490884e-05, 0.0008104746990519334, 1.0053923469286343]
[901.9929088551995, -11024.431334363197, -13690667.882920967, -400.69090267881194, 4898.216061957549, 6082501.999968589, -6.624969267236561e-05, 0.0008096907314218038, 1.005497841929326]
[899.8457701545012, -10992.997912769068, -13698288.472074201, -399.7369425802166, 4884.250381095474, 6085887.863554804, -6.609199325422298e-05, 0.0008073821212190832, 1.006057537290478]
[908.9560935864041, -11015.609856633908, -13704195.76741076, -403.78454440769787, 4894.296609648821, 6088512.53958694, -6.676109053000636e-05, 0.0008090428292721287, 1.0064913979876562]
[896.1038574819497, -10979.119784166083, -13713624.769849246, -398.0744413882776, 4878.084255355186, 6092701.917137861, -6.581717279063428e-05, 0.0008063628471166058, 1.007183911407275]
[896.8881503286161, -11011.204358275432, -13702035.028502325, -398.4228687936826, 4892.339415482981, 6087552.401661812, -6.58747776220156e-05, 0.0008087192808373643, 1.0063327068031316]
[905.1096662766734, -10996.63348744684, -13702409.344051424, -402.07561808850795, 4885.865546723914, 6087718.79981477, -6.647859491518333e-05, 0.0008076491284573427, 1.0063601948183185]
[879.016021480216, -10997.926385897374, -13688932.273311332, -390.4823121921459, 4886.440056895789, 6081730.787595566, -6.456216870625873e-05, 0.0008077440907306886, 1.0053703728317367]
[887.6082914836988, -11031.115208505571, -13687204.187902717, -394.2998041313037, 4901.185514122171, 6080962.996156904, -6.519322021954029e-05, 0.0008101816186396802, 1.005243453120198]
[868.4165875120641, -11061.967880118886, -13681215.92097928, -385.7730804244215, 4914.893423619771, 6078302.19886926, -6.378371265510996e-05, 0.0008124475897372073, 1.004803651473008]
[876.0049951555868, -11011.642470865947, -13687974.474591553, -389.14457183159607, 4892.53409105657, 6081305.145640968, -6.43410293881246e-05, 0.0008087514682045923, 1.0053000307825855]
[853.7012699723962, -11017.21577470121, -13682220.335570382, -379.2351238029116, 4895.010353310834, 6078748.430966621, -6.270295161989981e-05, 0.000809160803820198, 1.0048774222705856]
[860.5669461824574, -11010.757762863712, -13682600.900968459, -382.2854767845791, 4892.141056460928, 6078917.507717818, -6.320718750231641e-05, 0.000808686498915591, 1.0049053733805047]
[859.508392187124, -10993.144219548214, -13684978.638837922, -381.8150780742674, 4884.315380461827, 6079973.834289993, -6.312943826189494e-05, 0.0008073928760763167, 1.0050800114179963]
[836.1607215085577, -11031.397911042031, -13674750.972448902, -371.4419157102128, 4901.311441104209, 6075429.524768951, -6.141469395408254e-05, 0.0008102024105392205, 1.0043288433925883]
[834.7924205799088, -11027.849265485946, -13682897.4070431, -370.8339946625463, 4899.734973857993, 6079048.874732805, -6.131420638987992e-05, 0.0008099417834684462, 1.004927165742063]
[845.2957313722766, -11007.461089435963, -13690435.284410011, -375.50054157872364, 4890.676503994505, 6082398.102263821, -6.208560810500186e-05, 0.0008084443750664771, 1.0054807816299898]
[842.0991845840413, -11006.22959436478, -13693493.654820127, -374.08038294694353, 4890.129376477708, 6083756.997611394, -6.18508451057749e-05, 0.0008083539350708099, 1.005705402173895]
[847.67305207076, -11010.709062777556, -13698648.64438089, -376.55685518752557, 4892.119552255413, 6086047.41238524, -6.226021607532201e-05, 0.0008086829235518993, 1.0060840099985495]
[850.9592707201782, -10997.628838705106, -13701885.38289985, -378.0169538279675, 4886.308183024221, 6087485.510963508, -6.250157372187307e-05, 0.000807722256547619, 1.0063217327466873]
[867.0068028521815, -10997.652827593369, -13708881.797398176, -385.14676355692546, 4886.318774372383, 6090594.208112446, -6.368016347504196e-05, 0.0008077240132227954, 1.006835578980303]
[856.0318724182843, -10986.977681262153, -13709893.42890477, -380.27056561886894, 4881.57569150693, 6091043.686223156, -6.287411251670992e-05, 0.0008069399801358434, 1.006909878187292]
[842.5291938887908, -11021.465372993285, -13704681.928776326, -374.2714213974032, 4896.898505801966, 6088728.116450519, -6.188242394094915e-05, 0.0008094729168568717, 1.0065271218877192]
[856.4056549279277, -11010.948750395992, -13710632.279714843, -380.4366672900181, 4892.225989286001, 6091371.959616669, -6.290156809473842e-05, 0.000808700518985377, 1.0069641432624763]
[874.6286007817824, -10996.082647020758, -13719240.188139835, -388.5330338332805, 4885.621013155031, 6095196.609007302, -6.423993812222718e-05, 0.0008076086808338372, 1.007596347664484]
[885.667334939752, -10963.831744556563, -13725613.402978629, -393.4375135686276, 4871.292109773671, 6098028.451293909, -6.505066418238133e-05, 0.0008052400272094255, 1.0080644214223708]
[900.7149572445346, -10956.623764945187, -13731809.320576087, -400.1230270990246, 4868.089394951047, 6100781.54816998, -6.615581741085548e-05, 0.0008047106330811732, 1.0085194723712576]
[899.7650909193833, -10933.931002105383, -13724099.956480863, -399.70102961130226, 4858.007091338827, 6097356.336189222, -6.608605199877474e-05, 0.000803043975698605, 1.0079532529925477]
[897.9198876617314, -10947.449306802782, -13722306.371686399, -398.88117305360737, 4864.013248873533, 6096559.445218697, -6.595053492638589e-05, 0.00080403682334546, 1.0078215225790959]
[915.7075029103821, -10933.87393459235, -13724691.304884726, -406.7841404613595, 4857.981651257425, 6097619.212034501, -6.72569295647434e-05, 0.0008030397775693519, 1.0079966789888748]
[903.1378612102078, -10951.901240275989, -13718526.615045408, -401.1994443005555, 4865.991198607516, 6094880.23110235, -6.633375909089694e-05, 0.000804363795211203, 1.0075439115616025]
[913.510386826418, -10944.350617251488, -13729417.009223709, -405.8079117540989, 4862.636213720217, 6099718.938961227, -6.709556297755934e-05, 0.000803809225357762, 1.0083437560026833]
[923.6132170241375, -10901.613626954724, -13707056.474430973, -410.29642927254935, 4843.648542619474, 6089784.164875958, -6.783753973009935e-05, 0.0008006704466170302, 1.0067014781940322]
[920.1086832524842, -10942.549807660413, -13727878.706250815, -408.7394814971218, 4861.836235621855, 6099035.5406957045, -6.758016380615389e-05, 0.0008036769725273336, 1.0082307719085177]
[928.5539407104197, -10960.603569693278, -13719070.023955435, -412.4916672207134, 4869.8573768589695, 6095121.904637701, -6.820042038450991e-05, 0.0008050029046759121, 1.0075838125941583]
[972.341465031171, -10942.454083092209, -13746775.89182505, -431.94636824292866, 4861.793714856296, 6107432.14832182, -7.141636585052172e-05, 0.0008036699156708716, 1.0096186579544313]
[1006.5971115333991, -10888.105789314799, -13752910.964405645, -447.1659855058185, 4837.646585056884, 6110158.38308908, -7.393223775661891e-05, 0.00079967832829499, 1.0100692330151955]
[988.878252819081, -10919.701366259635, -13739623.249019045, -439.293506676395, 4851.684310348414, 6104254.4897663975, -7.263088870444386e-05, 0.0008019988562901877, 1.009093318783669]
[1010.6528579888508, -10863.886271673922, -13725968.26845448, -448.9678344441047, 4826.885890189251, 6098187.562294636, -7.423009230863056e-05, 0.0007978995452364788, 1.0080904247535252]
[978.4043793415386, -10955.237217643415, -13721785.809978122, -434.6399796391003, 4867.473117227536, 6096329.081996169, -7.186164296634795e-05, 0.0008046087755105748, 1.0077832514955123]
[984.0624908878871, -10903.69611594706, -13741552.196144134, -437.1538833405406, 4844.573385954411, 6105111.664036757, -7.227719234041162e-05, 0.0008008233523617973, 1.0092349850504512]
[1019.3433744632454, -10881.975769568151, -13747351.202180851, -452.82894491472075, 4834.923105060567, 6107688.426277899, -7.486836310970679e-05, 0.0007992281064176678, 1.0096608841441927]
[1023.5420152348337, -10907.737126227428, -13754211.310522508, -454.69444785494807, 4846.3687086758455, 6110736.622843815, -7.517673274537467e-05, 0.0008011201352333336, 1.0101647168262398]
[1042.0071414026008, -10891.00308047649, -13765766.924968492, -462.8983699227027, 4838.933630210682, 6115871.031779542, -7.6532887190261e-05, 0.000799891102878402, 1.0110134126443209]
[1053.1235765265073, -10864.361508445996, -13761295.920990609, -467.8373150718612, 4827.096642292228, 6113884.717798942, -7.734931621808714e-05, 0.0007979344222098309, 1.0106850318390337]
[1041.3119307196944, -10871.033890898145, -13750065.504976202, -462.58946780643885, 4830.061383085226, 6108894.830955757, -7.648182508912737e-05, 0.0007984244837267835, 1.0098602188233814]
[1032.3625620916116, -10867.62477957985, -13750322.089066153, -458.6133184096601, 4828.546814529022, 6109008.823822615, -7.582454457879235e-05, 0.0007981741096390679, 1.0098790640406667]
[1033.0916028525573, -10873.90984902072, -13751189.720126087, -458.9371469638719, 4831.339134780759, 6109394.287126092, -7.587808470309128e-05, 0.0007986357066079527, 1.0099427885525452]
[1050.9902438142603, -10882.953941887328, -13757506.925571376, -466.8894420186808, 4835.357339361509, 6112201.100132728, -7.719263583511064e-05, 0.0007992999426430029, 1.0104067546646918]
[1039.607073622956, -10908.083967899742, -13759485.512599785, -461.83199947495046, 4846.522603774262, 6113080.130935974, -7.635661291048167e-05, 0.0008011456045280333, 1.0105520749816543]
[1046.3823801873796, -10856.295098188833, -13765859.937690651, -464.84222240792366, 4823.512995319721, 6115912.448310632, -7.685421372162123e-05, 0.0007973419919233577, 1.0110202402238295]
[1062.3833774224245, -10877.201293321386, -13766497.238586131, -471.9513995159149, 4832.801526928332, 6116195.702509387, -7.802939809216803e-05, 0.000798877431751304, 1.011067042806795]
[1080.7388871832209, -10845.16247780825, -13776106.69476376, -480.10671438158226, 4818.566812189112, 6120465.436276775, -7.937750228414361e-05, 0.0007965243525135313, 1.011772802225032]
[1077.288206637337, -10852.56764257987, -13780220.572505722, -478.5736874433841, 4821.856913158108, 6122293.333902517, -7.912407703000145e-05, 0.0007970682240317094, 1.012074943201601]
[1116.1811735869444, -10837.4653308465, -13792295.109009933, -495.8536051148309, 4815.146742065804, 6127658.314930078, -8.198053335090772e-05, 0.0007959590273141724, 1.0129617508096145]
[1099.9367449793635, -10847.753703148743, -13786653.721418109, -488.63627608829216, 4819.717825039004, 6125151.693278638, -8.078747943515206e-05, 0.0007967146595147309, 1.0125474234670007]
[1089.6806174058559, -10858.288972791115, -13783934.987504039, -484.0795675414286, 4824.398688721343, 6123943.622826542, -8.003423219021558e-05, 0.0007974884211656188, 1.0123477507796588]
[1080.9013339250034, -10863.418581664973, -13774841.386781432, -480.1789377191757, 4826.677794240394, 6119903.195294933, -7.938944016460306e-05, 0.0007978651714932526, 1.0116798739164894]
[1052.194856540944, -10886.218081860787, -13772787.127548615, -467.4248787586339, 4836.807663380707, 6118990.24411345, -7.728112706700199e-05, 0.0007995396808647056, 1.0115290082353172]
[1052.5047212353086, -10887.704830238805, -13775914.463307282, -467.56245946855364, 4837.4681462364715, 6120379.562222638, -7.730388242680914e-05, 0.000799648867296587, 1.0117587030255992]
[1053.6184222642382, -10908.532778672961, -13772176.280395973, -468.0572447951864, 4846.721986847006, 6118718.569345368, -7.738567580360982e-05, 0.0008011785670774838, 1.011484155770543]
[1027.198647744321, -10916.591031931393, -13778763.123713497, -456.3191833608938, 4850.302386887805, 6121645.04515537, -7.544530421568192e-05, 0.0008017704156918586, 1.011967931224354]
[1014.1070131808694, -10868.189138665175, -13787100.047574604, -450.5026122812841, 4828.797716811855, 6125349.097779957, -7.448379361284392e-05, 0.00079821555997317, 1.0125802412936489]
[1018.519265194989, -10912.020336390255, -13787723.171587538, -452.4629885006537, 4848.271592730337, 6125625.879943, -7.480785562006281e-05, 0.0008014347152100223, 1.0126260098343791]
[1019.4002034788682, -10872.530431685382, -13790384.451096423, -452.8544334721937, 4830.726680107355, 6126808.306096256, -7.487255271033598e-05, 0.0007985344028989842, 1.0128214676270113]
[1040.5977828364312, -10873.228337401402, -13810504.933624992, -462.27237585065865, 4831.036737046588, 6135748.108358716, -7.642938964442626e-05, 0.0007985856577721014, 1.0142992122589802]
[1036.1529712518402, -10863.611598849255, -13827362.942081735, -460.297653315338, 4826.763899368366, 6143238.223183015, -7.610295577211388e-05, 0.0007978793537598987, 1.0155373503948462]
[1055.3583098985096, -10870.06212941945, -13829367.085194003, -468.8305504932519, 4829.629873744743, 6144128.766903295, -7.751347595398057e-05, 0.0007983531100415521, 1.0156845411212363]
[1068.346805946429, -10823.80349191183, -13837974.652406152, -474.60128165237353, 4809.0773497311775, 6147953.27386586, -7.846739651798944e-05, 0.0007949556668636496, 1.0163167200823862]
[1055.1441671379323, -10860.422177218072, -13844660.641365925, -468.735388010566, 4825.346704604936, 6150923.7449423205, -7.749774522476497e-05, 0.0007976451090167654, 1.016807779609256]
[1015.6219661245082, -10850.733725113163, -13830287.76509405, -451.17593174614717, 4821.042370841178, 6144537.463698677, -7.459507278494735e-05, 0.0007969335684220764, 1.0157521757609114]
[983.2672020310777, -10903.199861684188, -13817761.504023992, -436.8007920438332, 4844.353036689978, 6138971.577755743, -7.221880731126109e-05, 0.0008007869250201257, 1.014832199529792]
[974.7510861583745, -10873.00169194426, -13820392.480619712, -433.017157221748, 4830.936370699644, 6140140.344010599, -7.159334840117105e-05, 0.0007985690500347323, 1.0150254398547187]
[965.1549644502525, -10915.912336960671, -13826105.33559834, -428.7536652185841, 4850.001372446618, 6142678.511709956, -7.088857019167346e-05, 0.000801720591210101, 1.0154450247245068]
[968.7866898733577, -10890.721624491634, -13832531.75829093, -430.3671581969464, 4838.809000954809, 6145533.750832069, -7.115529719647185e-05, 0.0007998704613384192, 1.0159170164453475]
[959.9933880465435, -10890.163873605536, -13818209.53825645, -426.4604020443219, 4838.561505711749, 6139170.200522696, -7.050948363151075e-05, 0.0007998295123781759, 1.0148651237584656]
[956.9434956089741, -10905.155754439811, -13823950.781316577, -425.1053885785441, 4845.2222932969535, 6141721.003310615, -7.02854923278028e-05, 0.0008009305782464137, 1.0152867926776683]
[953.7864812439125, -10904.166949978135, -13819339.19719005, -423.7027478978267, 4844.783102113638, 6139672.038479239, -7.00536281345989e-05, 0.0008008579600000419, 1.0149480948377947]
[963.1225713701348, -10877.63348667463, -13827648.536563853, -427.85072853250983, 4832.994225229677, 6143364.024657525, -7.073930512718051e-05, 0.0007989092113565608, 1.0155583711034677]
[952.9704642545125, -10885.565193025212, -13811209.890581105, -423.34016791892077, 4836.5183045137455, 6136060.167767486, -6.999369360135961e-05, 0.0007994917659765175, 1.0143510358793284]
[959.249385745664, -10900.662631716063, -13818384.618119769, -426.12985710920594, 4843.226045926944, 6139247.891480194, -7.045484448988397e-05, 0.000800600582081028, 1.0148779865838027]
[951.426575368696, -10896.476307690402, -13810863.699795233, -422.6542270235089, 4841.366040865859, 6135906.247603091, -6.988030579425206e-05, 0.000800293125148864, 1.0143256142371657]
[930.81004604724, -10926.038452290468, -13806711.30783151, -413.49439805061957, 4854.500591681368, 6134061.151846548, -6.836614610134561e-05, 0.0008024643113886265, 1.014020648147012]
[939.1397286565845, -10893.900142518281, -13811952.045044366, -417.1952256505217, 4840.2215181675965, 6136389.669138311, -6.897790832288547e-05, 0.0008001039220158644, 1.0144055535375547]
[938.6524959427105, -10892.638433687562, -13802824.103476996, -416.9787206838646, 4839.66101877035, 6132333.993622743, -6.894212188086054e-05, 0.0008000112615916486, 1.013735154098693]
[927.8932744118392, -10920.976039672209, -13797214.941443475, -412.19842764154083, 4852.251339517847, 6129841.756971818, -6.815192063977768e-05, 0.0008020924994251327, 1.0133231907876228]
[940.504106991662, -10904.017344472031, -13804845.500720397, -417.801485053811, 4844.716951209139, 6133232.093224064, -6.907812059136256e-05, 0.000800846980971596, 1.0138836166274499]
[961.4017739332882, -10912.7913605591, -13824366.317761594, -427.08618790184966, 4848.614970148523, 6141905.5295156315, -7.061292957681026e-05, 0.0008014913634895112, 1.015317315904996]
[970.3791235389301, -10893.314617667165, -13835243.695878448, -431.07492310106454, 4839.961516264759, 6146738.564958428, -7.127227192627561e-05, 0.0008000609122349346, 1.0161161997898833]
[995.3688302917926, -10882.675852058275, -13847497.183587506, -442.17770910813636, 4835.234638413425, 6152182.92893505, -7.310761668984596e-05, 0.0007992795403295428, 1.017016155718211]
[991.2448805595825, -10901.890416105589, -13849196.834594237, -440.3454879788445, 4843.771567580167, 6152938.082883562, -7.28047429134418e-05, 0.0008006907479420754, 1.0171409872245225]
[996.0042209983478, -10871.354573123253, -13863650.97056833, -442.4600557166917, 4830.204797049109, 6159360.172000398, -7.315428649991873e-05, 0.0007984480630201391, 1.0182025714864484]
[1001.4539381716371, -10828.835181669903, -13880663.089616982, -444.8813166059979, 4811.313429673235, 6166918.838656966, -7.355453249372287e-05, 0.000795325245205261, 1.0194520249909875]
[981.5136062992989, -10849.187629581327, -13877310.23983995, -436.02188817907, 4820.356027413112, 6165429.024576311, -7.209002823686362e-05, 0.0007968200294408025, 1.0192057796881406]
[964.0319104911136, -10845.647770099547, -13878423.032374289, -428.2548962573269, 4818.783261454593, 6165923.363750661, -7.080610007599063e-05, 0.0007965600451310424, 1.0192875122178835]
[971.7775262641253, -10844.623904157119, -13879525.215297356, -431.69623586129364, 4818.32857281961, 6166413.053550368, -7.13749699640161e-05, 0.0007964848468345558, 1.0193684628474422]
[1000.3865620409683, -10833.488519974551, -13895931.803558333, -444.4071334035656, 4813.380999969936, 6173702.805087032, -7.347613825189532e-05, 0.0007956670002798068, 1.0205734378630766]
[1010.3566507104034, -10826.202681140843, -13892919.84877382, -448.83677207598424, 4810.14386592098, 6172364.7160607325, -7.420838224988179e-05, 0.0007951318925066485, 1.0203522187071727]
[1021.0281514380963, -10835.394973304166, -13896945.71933308, -453.578142292078, 4814.227838693873, 6174153.553578336, -7.499214697610189e-05, 0.0007958070116588074, 1.0206478942451531]
[1028.0882651553816, -10840.7685248977, -13897132.303448712, -456.7149325670075, 4816.615338661263, 6174236.445641108, -7.551067640358686e-05, 0.0007962016677024469, 1.02066159828209]
[1036.044187249698, -10808.185401663713, -13899310.54694269, -460.24963499251913, 4802.13866853403, 6175204.393770571, -7.60949823171846e-05, 0.0007938086165143186, 1.020821573732106]
[1030.848792158682, -10795.020959082804, -13895408.636972899, -457.94137131493153, 4796.289746309648, 6173470.674278609, -7.571341338754537e-05, 0.0007928417629514041, 1.0205350007676528]
[1013.9476477046585, -10850.27604284452, -13876491.839124467, -450.4323096875134, 4820.839415384422, 6165065.755701454, -7.447212777577991e-05, 0.0007968999446906023, 1.019145657589527]
[1019.1317651119377, -10851.352909675174, -13880431.679878324, -452.73558801099756, 4821.317979828114, 6166816.215128232, -7.485287412912833e-05, 0.0007969790397818423, 1.0194350210674956]
[1023.1341893668287, -10865.935667004233, -13882213.068139791, -454.51387807106534, 4827.797014366935, 6167607.741624901, -7.514683147786726e-05, 0.0007980500544764627, 1.019565853444641]
[1039.5665495874352, -10836.25975612245, -13890647.595251726, -461.81468902629047, 4814.61215343543, 6171355.378634649, -7.635368898827643e-05, 0.0007958705228635863, 1.0201853229270632]
[1047.6961789615368, -10848.751607083785, -13895983.654135434, -465.42661405764017, 4820.161976438539, 6173726.294166243, -7.695076387748e-05, 0.000796787957919334, 1.0205772273096911]
[1051.813572133107, -10808.24215836028, -13889431.392661268, -467.25597562332166, 4802.163967839915, 6170815.2764937645, -7.725315497300843e-05, 0.0007938127856224784, 1.0200959878575528]
[1070.8484215442113, -10810.788061994564, -13899437.920142286, -475.71296459058436, 4803.294887774127, 6175261.244489449, -7.865115273532003e-05, 0.0007939997492511569, 1.0208309179697759]
[1073.4106797921334, -10794.804539892964, -13895446.79966886, -476.85138358731837, 4796.193677449165, 6173488.107922841, -7.883933096928424e-05, 0.0007928258596003608, 1.020537783821152]
[1115.1416111750843, -10753.287689980953, -13924738.538545463, -495.3922182821273, 4777.747630767074, 6186502.840724245, -8.190421689727447e-05, 0.0007897766564206869, 1.0226891087355552]
[1088.748444858184, -10785.386317455042, -13918330.10104274, -483.66594008473027, 4792.008968666604, 6183655.535056629, -7.996580104795507e-05, 0.0007921341302372958, 1.022218440322023]
[1100.0617871402644, -10797.40306203783, -13925586.352830965, -488.69240546879456, 4797.348086256425, 6186879.587493119, -8.079670311974811e-05, 0.0007930166897372203, 1.0227513741460357]
[1100.0146137031254, -10778.870530540376, -13943793.857830228, -488.6715680828702, 4789.11412071535, 6194969.444359611, -8.079325125143284e-05, 0.0007916555827620472, 1.0240886198646175]
[1130.6925611091885, -10763.56144835259, -13951903.697655885, -502.30154347448024, 4782.31221371413, 6198572.927743922, -8.304635327087969e-05, 0.0007905312012022557, 1.0246842382239807]
[1133.726777071603, -10732.858978027194, -13958284.964564927, -503.649656375495, 4768.670953551925, 6201408.276696023, -8.326919560786697e-05, 0.0007882762710787239, 1.0251529063076745]
[1128.1446056342297, -10734.249764889344, -13941987.820134686, -501.1694042502946, 4769.289019683346, 6194167.185170895, -8.2859215110625e-05, 0.0007883784218172369, 1.0239559680179011]
[1122.5269628340952, -10736.36385242821, -13942511.55008954, -498.67358911896554, 4770.228458999878, 6194399.927002453, -8.24466315804405e-05, 0.0007885336952444482, 1.0239944315325888]
[1123.6659546808385, -10765.47236905669, -13943538.155546555, -499.1795331660857, 4783.1610997231055, 6194856.098439386, -8.253027845261203e-05, 0.0007906715505191432, 1.02406982883139]
[1104.2020800425828, -10762.58955217384, -13948779.062070264, -490.5320420605571, 4781.880282766394, 6197184.6504826695, -8.110078447537521e-05, 0.0007904598336973965, 1.0244547483353004]
[1114.163997294221, -10775.690714760834, -13932601.17346117, -494.95787535334546, 4787.701112361685, 6189996.64467451, -8.183241648057773e-05, 0.0007914220436579529, 1.0232665646698291]
[1100.3396811377556, -10777.91075322133, -13942670.375240132, -488.815896040556, 4788.687483002351, 6194470.419447826, -8.081710365978732e-05, 0.0007915850892587138, 1.0240060995521798]
[1097.9647607277548, -10752.197866288912, -13938658.0113637, -487.7606677456201, 4777.263399067914, 6192687.646207286, -8.064267948377791e-05, 0.0007896966265246643, 1.023711413394201]
[1109.4983124797668, -10776.736180143413, -13940846.49783438, -492.88489520348065, 4788.165465792564, 6193659.94971812, -8.148974662513313e-05, 0.0007914988163650168, 1.0238721492529104]
[1085.8900177196101, -10762.314266737692, -13936881.728482269, -482.39592600185654, 4781.758095699595, 6191898.257032692, -7.975585865918054e-05, 0.0007904396299501409, 1.023580961415483]
[1072.9998173164058, -10771.376959377549, -13941854.965211902, -476.668810086345, 4785.784693669241, 6194107.742409889, -7.880914546382262e-05, 0.000791105233722613, 1.0239462276631222]
[1094.4796749162988, -10703.611822397583, -13949093.054588657, -486.21213100669803, 4755.676726624481, 6197323.713161891, -8.038670578465319e-05, 0.000786128247185319, 1.0244778280452265]
[1058.9644712069412, -10754.64647428947, -13941866.604018888, -470.43301923160465, 4778.3515945778645, 6194112.778019249, -7.777833430885466e-05, 0.0007898764765818466, 1.0239470880985775]
[1069.109886115846, -10756.936463771533, -13957836.721657306, -474.9406312845499, 4779.368925782323, 6201208.49909672, -7.85234588352868e-05, 0.0007900446585367981, 1.0251200107947522]
[1039.3174948763085, -10752.858712375382, -13958530.842534881, -461.70404946806116, 4777.55738362553, 6201516.888711532, -7.633538303417639e-05, 0.000789745182234637, 1.0251709910901798]
[1081.1799253996194, -10737.044419539006, -13976702.520876877, -480.30337399796525, 4770.531037287597, 6209590.854817097, -7.94099350001203e-05, 0.0007885836917367428, 1.0265056043868]
[1136.2271089174187, -10682.73358588767, -13994208.668958973, -504.7605268502325, 4746.4006209353765, 6217369.380744076, -8.345281014786448e-05, 0.0007845948439418461, 1.0277913270093615]
[1106.9887082947757, -10728.47632701305, -13995873.715533994, -491.77003878826105, 4766.7240645622205, 6218109.0340164155, -8.130543500551044e-05, 0.0007879544091974176, 1.0279136222027514]
[1109.8258760109438, -10707.368368951531, -13996324.456146661, -493.03058605971756, 4757.345727363961, 6218309.311775328, -8.151380347192299e-05, 0.000786404139522627, 1.0279467264370665]
[1097.4345142160394, -10744.556453842331, -13992869.699678749, -487.5252138765767, 4773.868434748857, 6216774.107369136, -8.060374333186657e-05, 0.000789135410345998, 1.0276930012547756]
[1102.8630334858885, -10706.723124206586, -14000656.748111458, -489.9370758759542, 4757.05920356961, 6220233.909485747, -8.100243603813955e-05, 0.0007863567545304905, 1.0282649230776055]
[1095.8215932018227, -10738.006512608168, -14000074.562641533, -486.8085856985307, 4770.958538675459, 6219975.252795175, -8.048527811511247e-05, 0.0007886543627625104, 1.0282221639165663]
[1095.7127480686756, -10699.369677111667, -14032494.38364036, -486.7603199770121, 4753.792410888125, 6234379.548513635, -8.047728914665547e-05, 0.0007858166969645787, 1.03060324203751]
[1110.3588499803636, -10678.908672583366, -14058521.079967795, -493.26757086762177, 4744.701540301087, 6245943.449266709, -8.155296214718395e-05, 0.0007843139345058015, 1.0325147719555543]
[1123.3377628803846, -10698.97567823953, -14065301.771384541, -499.0340801496982, 4753.61718471478, 6248956.261769168, -8.25061921148028e-05, 0.0007857877409248761, 1.0330127759439423]
[1126.9822536244892, -10644.379124104637, -14069484.07226203, -500.6533032847988, 4729.360162683742, 6250814.610477058, -8.277385233191765e-05, 0.0007817779285999953, 1.0333199401800983]
[1124.1766734478622, -10666.360590280545, -14061154.238948198, -499.4067408757712, 4739.1262171622475, 6247113.546741597, -8.256779860880057e-05, 0.000783392343487842, 1.0327081575728803]
[1114.2356520698409, -10686.675835878892, -14049584.289256735, -494.9899498100336, 4748.152295953721, 6241972.81242938, -8.183768793752904e-05, 0.000784884391487039, 1.0318584070825583]
[1101.220224223948, -10708.267725037214, -14041241.89744118, -489.2072978919183, 4757.745451859634, 6238266.12541544, -8.088178555242808e-05, 0.0007864701955188843, 1.031245703917049]
[1099.0475783245224, -10712.80528649738, -14035610.61269806, -488.2419730839198, 4759.761695624714, 6235764.018139862, -8.072221586624214e-05, 0.0007868034676472864, 1.0308321175168473]
[1080.0963051812907, -10701.868411239253, -14043214.515454847, -479.82208140935586, 4754.902373876215, 6239142.355315333, -7.933036032371584e-05, 0.0007860002102870985, 1.0313905920107016]
[1066.9491404928488, -10700.694428028608, -14022184.944283595, -473.98078998961245, 4754.380933343921, 6229798.657425117, -7.836477366489719e-05, 0.0007859139962454026, 1.0298460785275902]
[1051.0932685444934, -10710.909456498093, -14019380.565524159, -466.9361439757182, 4758.9196034675915, 6228552.569501996, -7.72002483295453e-05, 0.0007866642426763685, 1.0296401141925184]
[1044.9898478551263, -10723.359206004807, -14020404.857904946, -464.22443162704405, 4764.450924693633, 6229007.563806569, -7.675199317216578e-05, 0.0007875786031917052, 1.029715347803022]
[1052.7023421639155, -10698.964571790666, -14023431.285401883, -467.6510007712674, 4753.612617863751, 6230352.22897111, -7.731842670998025e-05, 0.0007857869587177689, 1.029937623861955]
[1060.1535185895225, -10718.201510688477, -14033207.22392938, -470.9615276219522, 4762.159379619425, 6234695.765473846, -7.786567266659165e-05, 0.0007871997923306946, 1.0306556174922201]
[1070.563565175995, -10696.6133492966, -14036669.30731044, -475.58667548895045, 4752.567924209726, 6236234.113659629, -7.863023046547724e-05, 0.0007856142636410532, 1.0309098854285157]
[1081.1153859515111, -10684.66110434417, -14044915.24584843, -480.27477290612376, 4747.257455151606, 6239898.014618401, -7.940519389707288e-05, 0.0007847364281636317, 1.0315155017238382]
[1104.6653385595382, -10668.114029912767, -14050893.643734438, -490.7379548236529, 4739.905568118019, 6242554.381799474, -8.113480239250992e-05, 0.0007835211300588622, 1.0319545804142458]
[1108.6973367319572, -10697.763048589573, -14051876.958069427, -492.5293502364714, 4753.0785479509095, 6242991.353123741, -8.143093356532853e-05, 0.0007856986854776277, 1.0320267967660273]
[1139.2816909612409, -10655.788141346824, -14070003.293504065, -506.11787657979926, 4734.429093948796, 6251045.208692854, -8.367717522647121e-05, 0.0007826158509637817, 1.0333580783724194]
[1144.133575355038, -10641.03009239309, -14071472.278614534, -508.2735461853953, 4727.872054494046, 6251697.942290937, -8.403351793868814e-05, 0.0007815319518509001, 1.0334659658661005]
[1126.4588474610212, -10663.211094471731, -14060279.592953397, -500.4207292215133, 4737.727199354569, 6246724.824280138, -8.27354162579565e-05, 0.0007831610357111906, 1.0326439237523601]
[1132.396619823611, -10657.98500269031, -14071189.042562382, -503.0589231813813, 4735.405156777326, 6251571.9892538525, -8.317151157455146e-05, 0.0007827772013234357, 1.0334451681082684]
[1130.164080607421, -10644.461505966256, -14070258.076483645, -502.06701467718517, 4729.396732491118, 6251158.291454562, -8.300754478732631e-05, 0.0007817839874014837, 1.0333767958624849]
[1098.9530966585419, -10674.533797100225, -14064520.649321664, -488.2000726103287, 4742.757746404174, 6248608.847692685, -8.071528087585432e-05, 0.0007839926270195743, 1.0329554211515508]
[1087.2253338187086, -10664.979842079048, -14051945.31178041, -482.9895430599495, 4738.513239074501, 6243021.502572752, -7.985394723269699e-05, 0.0007832909531850876, 1.03203182615524]
[1110.9072016045748, -10693.83216658875, -14066838.742767774, -493.5112819685017, 4751.332148508207, 6249638.8167170165, -8.159324480611069e-05, 0.0007854099822385905, 1.0331256726757587]
[1127.946436028344, -10661.23162859312, -14076474.774788119, -501.08175582881836, 4736.8477274488105, 6253920.386904071, -8.284467467520436e-05, 0.0007830156550617281, 1.0338333827730017]
[1112.0370925581308, -10678.768568041185, -14075613.262734748, -494.0132461343743, 4744.639171972382, 6253537.49982667, -8.16762259102462e-05, 0.0007843036433835185, 1.0337701135805057]
[1112.1435160882531, -10683.429858957748, -14054327.517904177, -494.0604301114016, 4746.710213125175, 6244080.168985194, -8.168403482912733e-05, 0.0007846459920106904, 1.0322067776615438]
[1109.3659393143182, -10692.669232074866, -14057655.9267573, -492.8262727523806, 4750.8152201702, 6245559.128398191, -8.148002955635523e-05, 0.0007853245708107856, 1.032451227708255]
[1133.214185083673, -10641.769589922626, -14058023.404082926, -503.4219094207511, 4728.200455934796, 6245722.701402644, -8.323153460184125e-05, 0.0007815862556116414, 1.0324782046523453]
[1138.2034373730776, -10695.953293900426, -14055273.83393895, -505.6386752229622, 4752.27406448772, 6244501.105035989, -8.35979748626189e-05, 0.0007855657498606838, 1.0322762599463455]
[1150.6115198548748, -10628.144020632059, -14036142.160135552, -511.15142213632924, 4722.146594857477, 6236001.067699034, -8.450925955575006e-05, 0.0007805855237348077, 1.0308711205890824]
[1152.6473342060715, -10666.899321762012, -14024886.111752864, -512.0558848648702, 4739.365342499323, 6231000.033644234, -8.465878282434325e-05, 0.0007834318963893895, 1.0300444149914405]
[1154.332278513894, -10654.273061266857, -14018609.62709078, -512.8044544035432, 4733.755596333246, 6228211.4636773225, -8.478252429133738e-05, 0.0007825045689880788, 1.029583433378594]
[1152.7551717358015, -10645.70340379354, -14017858.908398002, -512.1036720366108, 4729.948056387918, 6227878.02655367, -8.466668624233559e-05, 0.0007818751739335042, 1.0295282921357285]
[1160.8095088838809, -10647.226583799034, -14003981.833000155, -515.6820287074828, 4730.624464787306, 6221712.478354614, -8.525822032078956e-05, 0.000781987027452486, 1.028509083950153]
[1155.7250363737, -10639.224185586965, -13982798.390481142, -513.4229353796184, 4727.06900631562, 6212300.591899912, -8.488479138515264e-05, 0.0007813993022681746, 1.0269532620141089]
[1149.1104270454402, -10706.946477930911, -13963237.545273881, -510.48403125280413, 4757.157779543431, 6203609.628848707, -8.439898366894973e-05, 0.0007863731326754123, 1.0255166121657528]
[1186.638503955692, -10651.428511220716, -13970335.790045174, -527.1575324247823, 4732.491215040243, 6206763.7136962535, -8.715518853586368e-05, 0.0007822956322964163, 1.0260379313673211]
[1166.051990072593, -10673.815195709147, -13962365.349798828, -518.0110664729041, 4742.437620745657, 6203222.3432491645, -8.564323606257164e-05, 0.000783939827068348, 1.025452543890306]
[1147.7391811385526, -10665.14268195836, -13961718.206407482, -509.8748204043643, 4738.584237914259, 6202934.698270357, -8.429827114074652e-05, 0.0007833028752382564, 1.0254050191581787]
[1134.4698995011115, -10697.39030773682, -13932398.760113798, -503.9792906735369, 4752.911915393694, 6189907.632348054, -8.332372385591789e-05, 0.0007856712978944632, 1.023251660204722]
[1112.1127316369682, -10719.272485053561, -13918218.615836885, -494.04611771838427, 4762.63425978618, 6183607.152360413, -8.168171808101702e-05, 0.0007872784329702213, 1.022210204558327]
[1095.52068489403, -10733.258606140605, -13918032.9109328, -486.67435189924277, 4768.8482559536005, 6183524.456456323, -8.046313267275957e-05, 0.0007883056423835639, 1.0221965731595262]
[1091.759683047303, -10740.464180491252, -13913237.067235516, -485.00329120376966, 4772.049823856173, 6181393.541236887, -8.01869037660871e-05, 0.0007888348484775699, 1.0218443457881523]
[1098.9031072642567, -10713.646769883891, -13923614.520861259, -488.17710544503836, 4760.134880029456, 6186004.42591133, -8.071154318364376e-05, 0.0007868652536545259, 1.0226065139662102]
[1105.0750604811599, -10723.615362529712, -13924593.481283763, -490.9192413106173, 4764.563828194611, 6186439.404867113, -8.116483791937418e-05, 0.0007875973882385159, 1.0226784129452953]
[1095.8916476247764, -10711.370588921412, -13930128.05641201, -486.83916296105855, 4759.123568700442, 6188898.502609533, -8.049037129546952e-05, 0.0007866980841019706, 1.0230848981926939]
[1101.4837747597455, -10710.600703936765, -13934668.91981663, -489.3237429382867, 4758.78147887065, 6190915.976631537, -8.090108425453301e-05, 0.0007866415416698062, 1.0234184048100503]
[1074.607672013093, -10728.045490680217, -13933620.803822981, -477.38289687076576, 4766.532105760843, 6190450.092796046, -7.892720023402913e-05, 0.0007879227765192578, 1.0233414341006661]
[1035.2851404602834, -10765.454679286417, -13903735.462905103, -459.91199102042816, 4783.15295130603, 6177171.434376813, -7.603918792065212e-05, 0.0007906702878648282, 1.021146519681085]
[1041.715281846385, -10778.349653858599, -13905227.888483513, -462.76889115844233, 4788.882263228047, 6177834.294241749, -7.651144666655379e-05, 0.0007916173482677809, 1.0212561407242358]
[1009.7818916424565, -10755.90058560097, -13898106.702474471, -448.58109078618384, 4778.908507582728, 6174670.092902962, -7.41661272562251e-05, 0.0007899686052893547, 1.020733133431506]
[1021.1228362085456, -10800.312669580198, -13900952.378292754, -453.61973502056577, 4798.640556164966, 6175934.391351531, -7.499904626938343e-05, 0.0007932304117363151, 1.0209421365558573]
[1033.4946216723724, -10807.14650028969, -13904648.072339356, -459.11637720563976, 4801.676503058851, 6177576.443876785, -7.590767945303355e-05, 0.0007937323012341208, 1.021213565795009]
[1016.841154182881, -10793.60622177235, -13911515.755856156, -451.71748903285965, 4795.660927096772, 6180627.762970415, -7.46845924257869e-05, 0.0007927378640907756, 1.0217179649198198]
[1012.8651633914842, -10774.859585439699, -13907682.914109368, -449.9509308113688, 4787.331839326577, 6178924.744891234, -7.439257727566735e-05, 0.0007913610290283074, 1.0214364640980946]
[993.2159129973309, -10795.543078255927, -13899129.381788107, -441.22093035957806, 4796.521605753366, 6175124.249352179, -7.294945814575326e-05, 0.0007928801242116593, 1.020808253594167]
[994.3365128005323, -10778.17940075616, -13898588.601236675, -441.7187820843183, 4788.807061790089, 6174883.974828636, -7.303176028484178e-05, 0.0007916048588651679, 1.0207685360140206]
[1024.50716370182, -10774.276575643093, -13916526.477317024, -455.1235186931898, 4787.073077833755, 6182854.006472177, -7.524762021809609e-05, 0.0007913182049853394, 1.0220859799483883]
[1043.548986962922, -10772.269027901211, -13930553.857159648, -463.5837603370599, 4786.181131742976, 6189086.639704499, -7.664613570856584e-05, 0.0007911707517561706, 1.0231162146591142]
[1073.8050841757695, -10743.865798297375, -13955348.622296078, -477.0264480883746, 4773.561526678732, 6200103.438701189, -7.886826947759706e-05, 0.0007890846772663194, 1.0249372547877005]
[1098.8954337823493, -10695.223927864778, -13958928.84614668, -488.17400872028946, 4751.949896337401, 6201694.379782296, -8.071101157393141e-05, 0.000785512194894469, 1.0252001953177434]
[1092.2891333026168, -10732.939025838745, -13953940.87221179, -485.2388343392731, 4768.70659552852, 6199478.151590386, -8.022581859018771e-05, 0.0007882821629666346, 1.0248338547798788]
[1105.4437243491186, -10718.104359172788, -13953488.938656243, -491.0834109439273, 4762.115595878856, 6199277.457017367, -8.119194758834513e-05, 0.0007871926383919668, 1.024800658235052]
[1092.4827718527113, -10723.47681647265, -13946245.82097973, -485.3248536846693, 4764.502602411667, 6196059.26536867, -8.02400364147909e-05, 0.0007875872276285645, 1.0242686880013108]
[1084.5272847822312, -10717.43205934761, -13944598.003609583, -481.7902867135054, 4761.816816827226, 6195327.04227244, -7.965575233097923e-05, 0.000787143267658154, 1.0241476675328458]
[1067.7909957651555, -10757.18151515248, -13927893.024595618, -474.35441541347814, 4779.477532666425, 6187904.694856854, -7.842657590120652e-05, 0.0007900626594617217, 1.022920777968854]
[1068.2984149277615, -10778.639472181978, -13935620.83070867, -474.579889158888, 4789.01114441699, 6191338.11019312, -7.846384592149268e-05, 0.0007916386181668261, 1.0234883514313335]
[1075.361741876764, -10773.50531365151, -13928705.298798343, -477.7180158042564, 4786.730000380743, 6188265.53656423, -7.898259744646156e-05, 0.000791261542915168, 1.0229804378776102]
[1073.0833127482233, -10757.308207394088, -13930572.086063059, -476.70570797076596, 4779.533678507833, 6189094.8721117135, -7.881526019618203e-05, 0.0007900719603271736, 1.0231175479596606]
[1033.8113898552401, -10763.881765252892, -13912440.692436168, -459.2574428761826, 4782.454575096777, 6181038.770036576, -7.593097089183366e-05, 0.0007905547707730515, 1.0217858948173657]
[1031.7758379444535, -10801.644893703462, -13911470.442741796, -458.3530181808258, 4799.232492906317, 6180607.5724473735, -7.578147111724477e-05, 0.0007933282546161606, 1.0217146392833758]
[1034.9201065431444, -10789.195302098646, -13916563.999427328, -459.7499792314933, 4793.701184004706, 6182870.63909742, -7.601239756330612e-05, 0.0007924139018434657, 1.0220887373672638]
[1019.1344671266493, -10795.081982577642, -13907696.729151534, -452.7364326764487, 4796.316693218652, 6178930.826999998, -7.48530303863055e-05, 0.0007928462473155827, 1.0214374810672775]
[1023.7388770073578, -10802.354348761866, -13915721.020021008, -454.78222104669516, 4799.547753280449, 6182496.100787769, -7.519120454586533e-05, 0.0007933803604399511, 1.0220268245548434]
[1025.2233242166371, -10797.018511280507, -13918093.930931998, -455.44175229756183, 4797.177051059804, 6183550.464421301, -7.530022708334399e-05, 0.0007929884657839954, 1.0222011005411407]
[1065.0897967223232, -10745.957667086932, -13927135.121827548, -473.1541966201482, 4774.490782057329, 6187567.726600045, -7.822817797822078e-05, 0.000789238317977793, 1.0228651231563939]
[1058.4472519724636, -10761.871327203897, -13924437.407937987, -470.2029746732919, 4781.561203975929, 6186369.178819482, -7.774032496314182e-05, 0.0007904070932377114, 1.0226669866841422]
[1065.6943649873276, -10736.372353263163, -13927322.115192752, -473.42281927149133, 4770.232052522562, 6187650.988727143, -7.827258197949864e-05, 0.0007885343324822363, 1.0228788494454344]
[1058.3284438993755, -10752.580900220555, -13917845.116514169, -470.1502044333745, 4777.433545543143, 6183440.305444447, -7.773159801043469e-05, 0.0007897247694404237, 1.0221828101373434]
[1070.0044036384825, -10765.646529209194, -13928278.339280711, -475.33777330860556, 4783.238451434902, 6188075.88039948, -7.858913333789582e-05, 0.0007906843587688542, 1.0229490779464283]
[1081.4907415505459, -10754.360822062927, -13927468.01266126, -480.4410634137177, 4778.2241803001025, 6187715.996734399, -7.943273095956307e-05, 0.0007898554781898932, 1.0228895572334078]
[1085.7959025840707, -10756.03691010071, -13922027.52953198, -482.35382201017165, 4778.968836468752, 6185298.893638608, -7.974891908610424e-05, 0.0007899785822027778, 1.022489974745113]
[1096.8172608939317, -10744.868641977822, -13926261.9122674, -487.250512188313, 4774.006786785423, 6187180.26513514, -8.055837228326461e-05, 0.0007891583276281593, 1.0228009690106574]
[1135.016461853612, -10717.918662345399, -13939928.968155969, -504.22229449606044, 4762.032946594895, 6193252.822544133, -8.33638791370464e-05, 0.0007871789868687282, 1.023804738934035]
[1130.4669515803216, -10702.553478624974, -13945884.993232768, -502.2009320496038, 4755.206263515979, 6195899.184215079, -8.302974497828073e-05, 0.0007860505084113968, 1.0242421771521517]
[1117.097027961402, -10741.403415688272, -13947804.901229119, -496.2608141789194, 4772.467050929465, 6196752.13457064, -8.204781121786837e-05, 0.0007889038128868986, 1.0243831881548606]
[1129.2549662500114, -10740.26794942497, -13944056.645806866, -501.6625606558039, 4771.962624868587, 6195086.853189004, -8.294074089887197e-05, 0.0007888204253954542, 1.0241078933784573]
[1115.75100313767, -10740.440787390658, -13952089.824211903, -495.66282611694487, 4772.039480412636, 6198656.011885701, -8.194895348059863e-05, 0.0007888331224183121, 1.0246978922606949]
[1124.4859678086023, -10701.29511329178, -13950063.997826178, -499.5436662718602, 4754.6471145680125, 6197755.954037201, -8.259047959933378e-05, 0.0007859580872267422, 1.0245491040330883]
[1121.0224459231406, -10741.21962460464, -13946122.173544569, -498.0048464625738, 4772.385413516238, 6196004.46169115, -8.233610693275825e-05, 0.0007888903239239213, 1.024259601162071]
[1090.7450737035592, -10744.306948632771, -13932314.247558901, -484.55277452285077, 4773.757332146474, 6189869.368807931, -8.011241145459944e-05, 0.000789117086614471, 1.0232454827826738]
[1094.4244415618969, -10734.011837556996, -13945730.553090733, -486.1875093406761, 4769.183223066518, 6195830.243034315, -8.038263899905516e-05, 0.0007883609580242582, 1.0242308476529063]
[1087.7821084261893, -10733.207903538936, -13941853.952190764, -483.2363959832453, 4768.826035754661, 6194107.847767698, -7.989479902116373e-05, 0.0007883019163006624, 1.0239461302293271]
[1093.8601927709387, -10732.436447812237, -13943914.419841558, -485.936831653411, 4768.483346722244, 6195023.2942772815, -8.034119999849004e-05, 0.0007882452600252705, 1.0240974627985282]
[1089.4181359116258, -10704.437186713389, -13944815.750892611, -483.9632778050028, 4756.043313272245, 6195423.756052037, -8.001495816619994e-05, 0.0007861888641815181, 1.0241636613579979]
[1081.7348051073484, -10733.386911962369, -13934832.125641119, -480.54954651025446, 4768.90572105513, 6190987.940107531, -7.945065955172702e-05, 0.000788315072397911, 1.0234304142787638]
[1091.6416466673534, -10747.25776364377, -13952069.819825517, -484.95111111451735, 4775.068341194483, 6198646.790050067, -8.0178263133446e-05, 0.0007893338001196488, 1.0246964368765188]
[1087.3710207352376, -10710.03275420062, -13947689.356399814, -483.0536775846117, 4758.529383461473, 6196700.567505471, -7.986460493045353e-05, 0.0007865998266454248, 1.0243747114821435]
[1084.9692334591318, -10759.969344425377, -13936985.904340092, -481.9865182962849, 4780.715939429322, 6191944.92328408, -7.96882062263998e-05, 0.0007902673929684129, 1.023588596852744]
[1088.687889269654, -10736.427185654225, -13943104.669209378, -483.6387091657812, 4770.256338542626, 6194663.549592239, -7.996131792683875e-05, 0.0007885383517848408, 1.024037989237781]
[1079.612058933256, -10729.631246100727, -13943545.587268153, -479.60643695686, 4767.236986885446, 6194859.489317794, -7.929475730226562e-05, 0.0007880392330519925, 1.024070370967775]
[1101.3797578658405, -10718.972746622345, -13951858.824589323, -489.2777284586796, 4762.50157630339, 6198553.213060835, -8.089346694456908e-05, 0.0007872564228893271, 1.0246809332829248]
[1111.6763768651388, -10733.705975264078, -13973245.39428632, -493.8525404055357, 4769.047486456684, 6208055.532411814, -8.164969894748618e-05, 0.0007883384922762076, 1.0262516663572194]
[1101.8014010042443, -10672.243572483983, -13989878.600352792, -489.46515735536434, 4741.739941029444, 6215445.88236736, -8.092443441979304e-05, 0.0007838244187864179, 1.0274732890408862]
[1116.4374596395774, -10683.246905435177, -14000626.961848117, -495.96792639388184, 4746.628572621746, 6220221.520818878, -8.199937136275505e-05, 0.0007846325469491084, 1.028262700360774]
[1141.0330976161827, -10676.708091753144, -14005551.74176706, -506.89564438571836, 4743.723258644247, 6222409.6947768545, -8.380577841488854e-05, 0.0007841522966790059, 1.028624398643722]
[1146.0045390864625, -10648.806683636387, -14003134.831210855, -509.10443638089396, 4731.326954110728, 6221335.870381136, -8.417090134902439e-05, 0.0007821030929208143, 1.0284468874273878]
[1165.0027572270264, -10655.065340644587, -14001954.352108186, -517.5452758281025, 4734.107380076179, 6220811.489901874, -8.556621263835404e-05, 0.0007825627474425699, 1.0283601823136872]
[1130.1243977283345, -10688.611924037386, -13982404.806639986, -502.04899066409087, 4749.012356669317, 6212125.358160483, -8.300460805594085e-05, 0.0007850265776157024, 1.0269243702225532]
[1154.146892762869, -10667.13270790129, -13991950.367074957, -512.722094010145, 4739.468889690481, 6216366.602327631, -8.476891786207692e-05, 0.0007834490371531905, 1.0276254409720778]
[1135.1009271396008, -10711.42284317278, -13976247.963590154, -504.260116553584, 4759.147101981685, 6209389.764880969, -8.337010978582898e-05, 0.00078670191596601, 1.0264721831972043]
[1143.981646930863, -10689.267852866586, -13987461.492162602, -508.2057762989825, 4749.303580430988, 6214372.053842245, -8.402234233668888e-05, 0.0007850747422489672, 1.0272957598393901]
[1116.2786055440972, -10717.240622320993, -13982132.124817347, -495.89740781599255, 4761.731891483604, 6212004.0456582215, -8.198771877278576e-05, 0.000787129207546666, 1.0269043496436048]
[1112.1339959596532, -10704.990164966215, -13980009.67071216, -494.055897529532, 4756.2889606679, 6211060.911535053, -8.168331288144456e-05, 0.0007862294718339634, 1.0267484705543417]
[1104.2334423429395, -10714.194708786219, -13973365.284301482, -490.5456749001509, 4760.378545246348, 6208108.684357259, -8.110306325999536e-05, 0.0007869054975017735, 1.0262604764979062]
[1112.7655316799514, -10701.312318694889, -13969102.451090647, -494.33638466511974, 4754.654820225663, 6206214.730871796, -8.172968508493532e-05, 0.0007859593478982025, 1.0259473902490563]
[1113.7690728863927, -10739.678636646606, -13953935.153279131, -494.78228889041384, 4771.700912921915, 6199475.784488169, -8.180339564525198e-05, 0.0007887771481672529, 1.0248334275432283]
[1108.7093042776487, -10736.713791183447, -13958672.571143964, -492.5342138336618, 4770.383741798354, 6201580.670673649, -8.143178162077268e-05, 0.0007885593971810068, 1.025181366729555]
[1132.8462863497857, -10705.930386449234, -13970317.479201948, -503.2581890896005, 4756.70657511974, 6206754.735227491, -8.32045019295622e-05, 0.0007862985118935192, 1.0260366214753847]
[1125.795878545449, -10736.5122708098, -13957420.003609687, -500.12573999101835, 4770.294016619979, 6201024.369217766, -8.268669282421946e-05, 0.0007885445913983187, 1.0250893625809157]