[-13.850652732535547, 29.50240088129386, 305800.81383272586, -264.77003299554946, 560.3738098684477, 5817371.102532522, -4.551925278451332e-05, 9.63405684910593e-05, 1.0]
[-13.7500528504024, 30.061235289284127, 305767.33116211864, -262.8601380375611, 570.9979214681497, 5816739.631680987, -4.519095421759886e-05, 9.816686652895452e-05, 0.9998914348672976]
[-12.358432485961798, 30.945435283872857, 305824.971675319, -236.40704820452174, 587.806985631239, 5817851.509475581, -4.064375991981457e-05, 0.00010105639712441456, 1.0000825857108697]
[-14.63008887946619, 28.7701347807425, 305792.32359780796, -279.5852296494301, 546.4500937769978, 5817199.656819365, -4.8065984381521684e-05, 9.394703476659039e-05, 0.9999705279265074]
[-13.803588176766416, 29.542678347669984, 305698.81474720716, -263.87365630555746, 561.1374278391559, 5815430.019115901, -4.5365180346394364e-05, 9.647182986741752e-05, 0.9996662862833222]
[-13.870894971338513, 29.397233341486054, 305681.4927596305, -265.15335791194013, 558.3718808936405, 5815099.855064795, -4.5585164288330734e-05, 9.599642494472385e-05, 0.9996095241915431]
[-13.911530084471256, 29.338013266532908, 305663.0640077499, -265.9256888093795, 557.2447107422782, 5814748.894588618, -4.571793481888813e-05, 9.580266540169955e-05, 0.9995491866662569]
[-13.823752227416499, 29.42147365031091, 305631.20177063165, -264.2580684355573, 558.8311284197805, 5814145.185677442, -4.54312760646721e-05, 9.607537092677452e-05, 0.9994453953725123]
[-14.091355541772124, 29.469739620443505, 305600.67253401276, -269.34395967802453, 559.7501673560621, 5813559.8876093635, -4.630553453087645e-05, 9.623334377785242e-05, 0.9993447714860751]
[-13.904295855387728, 29.237746872637004, 305593.9493460963, -265.78838630956784, 555.3365974045681, 5813434.573284699, -4.5694346004449125e-05, 9.547465151467478e-05, 0.9993232264478045]
[-13.946940332384855, 29.077861031155447, 305548.30869053, -266.5976881009873, 552.2960608899375, 5812564.094549529, -4.583346397953229e-05, 9.495198817989762e-05, 0.9991735731567477]
[-13.91243114293586, 29.253975276232303, 305516.7001041412, -265.942410479099, 555.645053683065, 5811963.958921472, -4.572082675853804e-05, 9.552767780959635e-05, 0.9990703965814206]
[-13.936824111691436, 29.085942271832455, 305500.29248625744, -266.40559089068995, 552.4486597409888, 5811651.113009721, -4.580045320069898e-05, 9.497821628251266e-05, 0.9990166118738815]
[-13.909543644963636, 28.91829780995707, 305476.29038318765, -265.8869166507472, 549.2592477473764, 5811194.704060084, -4.5711298853915156e-05, 9.442995640677871e-05, 0.9989381453092826]
[-14.825288825244778, 28.33679060032365, 305397.1385995877, -283.29961250561195, 538.2008030105167, 5809686.187910771, -4.870448702569228e-05, 9.252897251896662e-05, 0.9986787998497743]
[-13.707305226223644, 29.764510533435516, 305444.49797927437, -262.044132766404, 565.3501347741415, 5810593.690286943, -4.5050754977429204e-05, 9.71959865750572e-05, 0.9988348169372799]
[-14.237081266783084, 29.44170054461862, 305390.17100210325, -272.11463987962236, 559.2123526191518, 5809554.416831279, -4.678184629262001e-05, 9.614087652113955e-05, 0.9986561453257666]
[-14.135983316989966, 28.897219775269555, 305364.33275449765, -270.1903072798334, 548.858010635071, 5809060.144643388, -4.6451059357820755e-05, 9.436096994751952e-05, 0.9985711701808754]
[-13.572331932625165, 29.187131799249155, 305385.7510717975, -259.47612031595764, 554.3681565772289, 5809473.846392634, -4.460933585648554e-05, 9.530818306400802e-05, 0.9986422924305068]
[-14.148783632523745, 29.007455346204775, 305285.3153527502, -270.4329873723543, 550.9536499129484, 5807555.746754578, -4.649277640359067e-05, 9.472120750931349e-05, 0.998312532246968]
[-14.211886886720029, 29.09330380747077, 305293.1665591806, -271.6323120269425, 552.585910574586, 5807703.651955931, -4.669895226506876e-05, 9.500178590504567e-05, 0.998337960785757]
[-13.93633606586835, 29.545565067436613, 305271.6092605321, -266.39363631094716, 561.1858158776486, 5807294.8676628815, -4.579844522223052e-05, 9.648012220345016e-05, 0.9982676815712942]
[-14.715929055614016, 29.56633496172827, 305277.60113013355, -281.21575740355945, 561.5804872975732, 5807403.879272726, -4.8346346513016774e-05, 9.654791676268836e-05, 0.998286424575466]
[-14.021658018090873, 29.15322617013916, 305203.0791042538, -268.0158632561575, 553.7235905114759, 5805990.115474075, -4.607730236524925e-05, 9.519736064048523e-05, 0.9980433669774852]
[-14.3371693858167, 29.04188078605831, 305182.604867368, -274.0144532938173, 551.6058494674025, 5805597.989095101, -4.710845157229085e-05, 9.483330210982192e-05, 0.9979759528588675]
[-14.466597301033069, 28.49464622639139, 305161.9060125348, -276.47267615876393, 541.2000279642268, 5805199.305998768, -4.753101593618693e-05, 9.304453275287614e-05, 0.9979074122188535]
[-14.204242387491037, 29.44675436399375, 305166.0798461804, -271.4880471411976, 559.3038786207142, 5805284.096900308, -4.667418808257013e-05, 9.615659365261843e-05, 0.9979219878989487]
[-13.979447714883957, 29.367943743594626, 305137.99312573136, -267.2141136873631, 557.804071878776, 5804750.257796806, -4.5939509181456806e-05, 9.589878586291148e-05, 0.9978302093413705]
[-13.70791162449503, 29.442044205985376, 305151.32416939264, -262.0498463455555, 559.2126702271481, 5805002.514044727, -4.505179869394772e-05, 9.614093366563947e-05, 0.9978735780335881]
[-14.161203097282554, 29.33617339319274, 305078.9749575106, -270.6689146421735, 557.1997058717275, 5803623.760184388, -4.6533385018852375e-05, 9.579488965345191e-05, 0.9976365413878078]
[-14.29391266300555, 29.50807690602095, 305078.6255914921, -273.19207580231654, 560.4689316939699, 5803615.346850393, -4.696712263156776e-05, 9.635686220121559e-05, 0.9976350955114648]
[-14.213152408063984, 29.309247085804042, 305059.724580693, -271.65620496320014, 556.6867094122779, 5803254.93750394, -4.670310842045697e-05, 9.570669194945975e-05, 0.9975731336687836]
[-14.268581878667737, 28.825783484076663, 305036.39971192717, -272.7088857713596, 547.4927165633359, 5802808.370471567, -4.688406116925832e-05, 9.412624374828959e-05, 0.9974963600989886]
[-14.238265807767814, 29.135617517183327, 305041.0668948539, -272.13312959553144, 553.3844599323937, 5802897.119307469, -4.678510076984358e-05, 9.5139033274025e-05, 0.9975116179421645]
[-13.81932891649373, 29.889235915867292, 305073.8971193156, -264.1715298866268, 567.7128478622113, 5803527.788608478, -4.541654185613767e-05, 9.760209620701793e-05, 0.9976200416148648]
[-14.24551767075834, 29.21954126528259, 304998.7642986593, -272.2707252056132, 554.9797534705206, 5802089.9143565595, -4.680875893065515e-05, 9.541326531010707e-05, 0.9973728428456246]
[-14.17460504967364, 28.81099498853534, 304986.1113202015, -270.9216372088457, 547.2096536202437, 5801847.771533246, -4.657685443721779e-05, 9.40775904578659e-05, 0.9973312137456317]
[-14.191717405909124, 29.57985533312825, 304989.0117774821, -271.2481526448898, 561.8313107999693, 5801902.876867165, -4.6632993718644944e-05, 9.65910495920167e-05, 0.9973406875588448]
[-14.263322030607036, 29.06455694732063, 304959.48216363665, -272.6088642165759, 552.0310450630062, 5801339.051825783, -4.6866890035337316e-05, 9.490638330686729e-05, 0.9972437545733344]
[-14.408013874785544, 29.16412318017849, 304984.7874386466, -275.3605511031419, 553.9238253160947, 5801819.6035327, -4.733991188412662e-05, 9.52317404365522e-05, 0.9973263720006598]
[-14.115224550824587, 29.129750543202615, 304934.43074178166, -269.7927802116822, 553.2697673955396, 5800861.144636745, -4.638281467306409e-05, 9.511932639421398e-05, 0.9971615924834247]
[-14.239136771231221, 29.258108515315584, 304949.1588969786, -272.1487148831765, 555.7110919473957, 5801139.42766145, -4.67878031290121e-05, 9.553897921964842e-05, 0.9972094359112608]
[-14.491812443444234, 29.500232711007538, 304922.7715308109, -276.95186774550524, 560.3162273352418, 5800633.729026859, -4.761344962923917e-05, 9.633058859187359e-05, 0.9971224966234234]
[-14.279153443060629, 29.392676464672263, 304942.44768616755, -272.9092330787062, 558.270554503855, 5801008.795676084, -4.691853861508727e-05, 9.597894127410481e-05, 0.9971869783992445]
[-13.93652418647287, 29.19627717192153, 304974.3140583953, -266.3960177923443, 554.5332811833532, 5801617.610224247, -4.5798944532222236e-05, 9.533652415973417e-05, 0.9972916458785978]
[-14.020777817024513, 28.962422135109474, 304938.7473287872, -267.99684050278967, 550.0867259830503, 5800938.195643502, -4.607411144841927e-05, 9.457216099377001e-05, 0.9971748408019522]
[-14.206451678675126, 29.037898106904827, 304929.7429406888, -271.5268875753774, 551.5221245624922, 5800764.803300753, -4.668091789930338e-05, 9.481889880584399e-05, 0.9971450315938539]
[-14.303885986423355, 28.645223741938988, 304941.2618950397, -273.37790082078914, 544.0553809690006, 5800980.521760697, -4.699910360471292e-05, 9.353535833901392e-05, 0.9971821193058609]
[-14.705513384139916, 29.823088666453938, 304961.8794253309, -281.01542039608256, 566.4553934089682, 5801371.137166247, -4.831198577635392e-05, 9.738589161498057e-05, 0.9972492749899572]
[-14.656394442457202, 28.889291724460183, 304946.5118177744, -280.07987212623635, 548.6977344328695, 5801076.268452432, -4.8151157649968275e-05, 9.433335799445412e-05, 0.9971985815181253]
[-14.619691454092836, 28.919853072853172, 304961.47441145434, -279.38202074178156, 549.2783349832354, 5801360.175074164, -4.803120052819452e-05, 9.443316299534981e-05, 0.9972473913966136]
[-14.927227413864141, 27.78379702018393, 304928.9421769707, -285.2262946225018, 527.6756306847509, 5800735.346459678, -4.903579832636435e-05, 9.071964594161309e-05, 0.9971399718092725]
[-14.414658680506287, 29.26546554779629, 304996.5388565915, -275.48566379992354, 555.8492699702305, 5802029.422151302, -4.7361434694855614e-05, 9.556271547640657e-05, 0.9973624486537885]
[-14.347143723011948, 29.51196844472661, 305001.7575358817, -274.2023307339979, 560.5368073847696, 5802128.578717321, -4.7140831915443474e-05, 9.636850253372397e-05, 0.9973794958357]
[-14.279892524502444, 28.93990008022805, 305005.7595899425, -272.9226315214267, 549.658113522176, 5802202.902857594, -4.692084945800371e-05, 9.449846550324254e-05, 0.9973922743217302]
[-14.705189679115902, 29.808175769382782, 305009.4533822101, -281.01006887890895, 566.1701707753093, 5802271.953980507, -4.831106210519604e-05, 9.73368662884617e-05, 0.9974041460766212]
[-14.27037319315258, 29.520180925681682, 305068.9488480267, -272.7422549450644, 560.6931733498402, 5803404.213398986, -4.688985405920609e-05, 9.639538172591576e-05, 0.9975988056533318]
[-14.22000180003608, 29.19039817822783, 305067.7957938355, -271.78406551447455, 554.4207098976229, 5803381.837048568, -4.672513732005687e-05, 9.531715449450966e-05, 0.9975949588169469]
[-14.517462868439761, 29.54490448437587, 305113.19959234085, -277.44183755596384, 561.1627564803347, 5804245.569171532, -4.769770386771647e-05, 9.64760904948727e-05, 0.9977434529260827]
[-14.264968872714824, 29.51596845382425, 305113.81758352224, -272.6395603299364, 560.612579641458, 5804256.388627542, -4.687219961037855e-05, 9.638153551018349e-05, 0.9977453133180418]
[-14.510591387747489, 28.977078130555704, 305122.1125627276, -277.30871815998046, 550.3656803681499, 5804411.383133808, -4.767480685456939e-05, 9.462008227539536e-05, 0.9977719610866598]
[-16.034520115301984, 28.817123104582627, 305141.66281419795, -306.28278080179007, 547.3277213378631, 5804773.202504143, -5.265537983473022e-05, 9.409778152608661e-05, 0.9978341687881634]
[-14.991889795860196, 30.449144173348053, 305213.5936153467, -286.4614224690219, 578.3603410787819, 5806150.193263526, -4.924815685328307e-05, 9.943233634317215e-05, 0.9980709003676302]
[-14.396186034938445, 28.843480751880275, 305201.0275212462, -275.1332566012115, 547.8250813904488, 5805911.62989839, -4.7300849757031136e-05, 9.41833628310227e-05, 0.998029886046673]
[-14.439175923077649, 29.066089062529283, 305222.0376626238, -275.9507135926716, 552.0589533402036, 5806310.767061662, -4.744136688906364e-05, 9.491116274393767e-05, 0.998098506472408]
[-14.431259299158521, 29.359201806595788, 305263.9969776658, -275.80134723596984, 557.6323239111357, 5807110.346918311, -4.741569720743307e-05, 9.586922741925464e-05, 0.9982359709961729]
[-14.366145863691127, 29.48119364983908, 305277.6574445409, -274.56356039021546, 559.9521625937791, 5807370.797565472, -4.720291837435237e-05, 9.626800647177237e-05, 0.9982807478746188]
[-14.274796799795865, 29.153491680375794, 305313.7993215471, -272.8259052838864, 553.7204680623603, 5808057.3888674425, -4.690421970988842e-05, 9.51967859651693e-05, 0.9983987879693443]
[-14.560841165768782, 28.75428071753103, 305333.6525106191, -278.26383996690026, 546.1309921653339, 5808432.073780077, -4.7838981376239975e-05, 9.389214404800623e-05, 0.9984632052972313]
[-14.440859375374952, 29.442781540165402, 305394.3155309356, -275.98290302320623, 559.2228444478789, 5809587.341806839, -4.744690365948093e-05, 9.614262704840506e-05, 0.998661820296797]
[-14.567343502004034, 29.329448706131796, 305380.870861522, -278.3878888130417, 557.0685940609968, 5809331.191636842, -4.7860302929382655e-05, 9.577232127450571e-05, 0.9986177827012712]
[-14.34466123693238, 29.89404730160814, 305437.21060280903, -274.15585610870244, 567.8046556189662, 5810406.568711514, -4.7132832398400074e-05, 9.761785097475076e-05, 0.9988026619889497]
[-13.650890663608957, 29.610371158629846, 305425.07237066183, -260.9623511918236, 562.4105459249109, 5810175.9126036465, -4.486488526830886e-05, 9.669064822276587e-05, 0.9987630071684986]
[-13.97743158634168, 29.629043088182076, 305507.67907004984, -267.1748521562889, 562.7641635728494, 5811750.739108265, -4.593280945298558e-05, 9.6751405868582e-05, 0.999033752618119]
[-14.281960131045452, 30.35582770593277, 305570.2183094551, -272.96498672721003, 576.5856846639393, 5812939.428974553, -4.692813446551978e-05, 9.912730434873526e-05, 0.9992381142648664]
[-14.093449360957065, 29.51249320923676, 305529.27400007704, -269.379896238861, 560.5485293056222, 5812160.891895785, -4.6311839738491834e-05, 9.637055026436093e-05, 0.9991042669006617]
[-14.213294305752958, 29.591548863830653, 305561.44206752337, -271.6582983971975, 562.0531393239725, 5812771.943728502, -4.6703488162490265e-05, 9.662918068491228e-05, 0.9992093201201296]
[-14.235704307289264, 29.6334936850502, 305602.4213225139, -272.08473450989226, 562.8513921524112, 5813552.122078943, -4.677679356556869e-05, 9.676640050273497e-05, 0.9993434493466835]
[-13.999667045178654, 29.631598467554387, 305650.1516234561, -267.5976519682577, 562.8148559430424, 5814462.640771966, -4.600547794101143e-05, 9.676012975709907e-05, 0.9994999862760808]
[-14.586276980210334, 30.063351806514834, 305655.6386773667, -278.7502284114426, 571.0282993580389, 5814563.429195793, -4.7922569566372025e-05, 9.817197952699376e-05, 0.9995173151032848]
[-13.949347279704806, 29.520078227657102, 305630.99959211564, -266.63957677569516, 560.6950807926962, 5814098.287927725, -4.584075665990468e-05, 9.639574925534989e-05, 0.9994373461994707]
[-14.288497878207032, 30.965701977245782, 305756.5061895356, -273.0930411326545, 588.18557625084, 5816490.763358599, -4.695012925307196e-05, 0.0001011213392846144, 0.9998486625786966]
[-13.849352775191376, 29.358830270920116, 305706.8092859183, -264.7381784821063, 557.6294413137152, 5815541.538493314, -4.5513912084390154e-05, 9.586877192415545e-05, 0.9996854716344484]
[-14.055487737873271, 30.037221072930436, 305752.45043309213, -268.6594519276643, 570.530008653184, 5816412.056071874, -4.6187975751419676e-05, 9.808635955306067e-05, 0.9998351315942311]
[-13.993919668944708, 29.99393978221059, 305770.59242679505, -267.48818660898667, 569.70820300427, 5816757.263045435, -4.598663468250064e-05, 9.794509618433019e-05, 0.9998944800627764]
[-14.279237429535772, 29.56490356374182, 305788.2280523734, -272.9132077933466, 561.5496750486896, 5817092.397304385, -4.691917465828792e-05, 9.654263683201003e-05, 0.999952096953801]
[-13.909286706157449, 30.02736141637886, 305819.4270783524, -265.88048403901166, 570.3441302062253, 5817689.630352689, -4.571026921387191e-05, 9.805442052005658e-05, 1.0000547729737905]
[-14.361915404006126, 29.9745363139418, 305823.2412923082, -274.4847197269702, 569.3416950610418, 5817758.3927834, -4.718930611866472e-05, 9.788208292281451e-05, 1.000066595908625]
[-14.278913539561621, 28.881060776891484, 305868.2462424631, -272.9052111612905, 548.5477481296223, 5818613.368420131, -4.691779244158651e-05, 9.430761501429446e-05, 1.0002135849578018]
[-14.039808920812318, 29.272464360907442, 305860.55046808114, -268.36091337885944, 555.9898468510949, 5818471.54681898, -4.613662391128439e-05, 9.558692355467934e-05, 1.0001892013359195]
[-14.042875457666941, 28.9601678320595, 305895.09030321485, -268.41848281971346, 550.0519942477913, 5819128.012037344, -4.614651696323663e-05, 9.456620847478896e-05, 1.0003020619993608]
[-13.175715258666358, 30.06020494012144, 305903.9903119065, -251.93344186365056, 570.969945293319, 5819305.415192265, -4.331277155159145e-05, 9.816205056361097e-05, 1.000332558863852]
[-14.121330578136256, 29.740166160567327, 305965.5737462894, -269.91185059603924, 564.8864526152086, 5820470.834215929, -4.640322517532182e-05, 9.711624446487446e-05, 1.0005329213551561]
[-14.088982067889116, 29.3324890196406, 305975.50552068086, -269.295573102314, 557.1341257193499, 5820658.7780436305, -4.629727711117748e-05, 9.578362564088598e-05, 1.00056523324941]
[-13.955054797675901, 29.507793012653625, 306005.41897265683, -266.75095548198675, 560.4671689887355, 5821231.0353586, -4.5859862533779916e-05, 9.63565873460356e-05, 1.0006636155679371]
[-15.76973498395147, 29.089477778615784, 306083.78326933226, -301.2496062811647, 552.5188005389609, 5822705.73769137, -5.1790115743614675e-05, 9.499016781239316e-05, 1.0009171536367996]
[-14.02860215070488, 29.212566097625785, 306045.86337984464, -268.14910719089784, 554.8547490449619, 5821999.752657794, -4.6100186837940893e-05, 9.539181196694475e-05, 1.0007957747986704]
[-13.959399749298099, 29.211937157666394, 306066.9436182163, -266.833039762806, 554.8430558278955, 5822400.847134656, -4.5873953734827434e-05, 9.538980301387857e-05, 1.0008647315322077]
[-13.791264983810152, 29.277223931156286, 306080.7900306708, -263.6367137116196, 556.0847248095969, 5822665.810932329, -4.5324504532662944e-05, 9.560325878356032e-05, 1.0009102840108808]
[-14.30334910788803, 29.673541614709976, 306135.0330447401, -273.37298208979695, 563.6229294851889, 5823694.366760522, -4.699815526182356e-05, 9.689904430700575e-05, 1.0010871159041315]
[-14.159353111409674, 29.135110891274376, 306143.08887987334, -270.6349135962387, 553.3845633297921, 5823848.055565761, -4.652747569867844e-05, 9.513908397110824e-05, 1.0011135381732164]
[-14.204069117301211, 29.947671741534897, 306196.0739662099, -271.487189116925, 568.8361939749648, 5824858.660834801, -4.6673988863594076e-05, 9.779521298202668e-05, 1.0012872820966523]
[-12.841498403170013, 31.02371136724743, 306279.7931328183, -245.5851497538382, 589.2952375926839, 5826464.721113865, -4.2221504596504006e-05, 0.00010131218105628338, 1.0015633941316398]
[-14.101735101658658, 29.700750091457873, 306262.3204364817, -269.5412707034583, 564.1418738908135, 5826119.066692232, -4.6339482516479434e-05, 9.698825813637178e-05, 1.001503972887687]
[-14.549659472873044, 29.022412794269822, 306208.07902500586, -278.0543431633078, 551.2442363588254, 5825080.963222536, -4.780283154705899e-05, 9.47711451050993e-05, 1.0013255025660552]
[-13.77438413962471, 29.472618867085323, 306260.0507500854, -263.317445793729, 559.8040227737353, 5826078.529308565, -4.526959549699057e-05, 9.624260852648284e-05, 1.0014970028092223]
[-14.069694715871965, 29.946625404609687, 306298.1997814216, -268.9332924644423, 568.81843376598, 5826804.5699220365, -4.623495033643745e-05, 9.779217086832356e-05, 1.001621824689309]
[-13.956458239216163, 29.461493412011453, 306312.4877603051, -266.77879661596756, 559.5933112059589, 5827075.531618787, -4.5864591530788816e-05, 9.620639002434073e-05, 1.0016684090921844]
[-14.046493396113256, 29.417103253069513, 306326.7493938908, -268.4910684240625, 558.7500003179749, 5827347.289612019, -4.615891796369451e-05, 9.606141920128146e-05, 1.0017151299869358]
[-13.908518591374639, 29.33644199763512, 306333.64832209324, -265.8682894682232, 557.2149366049149, 5827481.0902909, -4.570805449383739e-05, 9.57975492710561e-05, 1.0017381323921442]
[-14.260590624827984, 29.832143396593338, 306372.571618334, -272.5608162991139, 566.6444548518482, 5828217.6968141245, -4.68584925510293e-05, 9.741847055245907e-05, 1.0018647720901903]
[-14.045893655261947, 29.743196971840653, 306397.7232707894, -268.4811349800023, 564.9519231386362, 5828701.393106807, -4.61571998407297e-05, 9.712753293474513e-05, 1.001947928228763]
[-13.790345197996595, 29.65328966254624, 306443.0307836145, -263.62192449519114, 563.242647729516, 5829564.138349036, -4.5321914889619774e-05, 9.683371640595871e-05, 1.0020962524058563]
[-13.80740029034193, 29.37044095226815, 306455.4792353749, -263.9465533352499, 557.8633325748208, 5829802.390980856, -4.53777101584983e-05, 9.590901823867994e-05, 1.0021372126981654]
[-14.297125703215782, 29.249461338595484, 306458.39550709794, -273.25655249352525, 555.5649064803857, 5829854.219248765, -4.6978067696043205e-05, 9.551389312641571e-05, 1.0021461242400713]
[-14.861613212059162, 29.523445345227966, 306418.22158061655, -283.9860617889421, 560.7789614637182, 5829083.754419327, -4.8822426383778126e-05, 9.641016482634286e-05, 1.0020136667420652]
[-13.771803319167228, 29.530602653066538, 306528.3583491934, -263.2697648832757, 560.9106069771558, 5831190.980956237, -4.5261365011631474e-05, 9.643284483501991e-05, 1.0023759404604127]
[-13.94837027404667, 29.35757224795796, 306537.1758828777, -266.62606134471497, 557.6213452520707, 5831357.358048369, -4.583829802060239e-05, 9.58674151200487e-05, 1.0024045446860297]
[-13.973994252991297, 29.51744020682613, 306560.07769482036, -267.11401336794415, 560.6610525476985, 5831794.833081188, -4.5922175320564664e-05, 9.638993901567108e-05, 1.0024797554745486]
[-13.283239361856648, 30.02259781142894, 306622.8696003828, -253.98431361278153, 570.2655105890495, 5832998.580322786, -4.3665222408970136e-05, 9.80409739334241e-05, 1.0026867025794521]
[-14.08292999015038, 29.196417060479707, 306584.1721025202, -269.1850179434806, 554.5578982483402, 5832253.883680822, -4.627816619873167e-05, 9.534080327772247e-05, 1.0025586759166127]
[-15.134474118257696, 28.946144722528658, 306504.4007499605, -289.174026696749, 549.802611519188, 5830726.017324336, -4.9714200529906176e-05, 9.452333124987965e-05, 1.0022960061227713]
[-14.797173729412876, 29.28823189261996, 306597.6083914633, -282.76491819048977, 556.3058990050937, 5832506.824747495, -4.8612513968147815e-05, 9.564125314594166e-05, 1.0026021627587278]
[-15.144843041719405, 28.966462624201828, 306577.8504783998, -289.37420274164776, 550.1880876341651, 5832128.748023996, -4.974862013571936e-05, 9.45895868250664e-05, 1.0025371639446006]
[-13.731888175581155, 30.1409666114081, 306619.27932837413, -262.51303364168825, 572.5195926176694, 5832930.075526094, -4.5131258537346925e-05, 9.842844370535158e-05, 1.0026749251978964]
[-13.909458442197675, 29.588869662914483, 306622.49444689974, -265.8901403196897, 562.0207122431358, 5832992.382809922, -4.5711767268779514e-05, 9.66236805591694e-05, 1.0026856367980792]
[-13.978051550221773, 29.501125965775884, 306616.2672164315, -267.1911341954854, 560.3545950631512, 5832869.80596119, -4.5935397892499635e-05, 9.633726344263236e-05, 1.0026645644998327]
[-14.565720149076386, 29.20197946702031, 306575.15188876836, -278.36121344078487, 554.6690804467285, 5832080.415381018, -4.78554937584667e-05, 9.53599061647725e-05, 1.0025288535789767]
[-14.335316426562935, 29.013914949285564, 306574.1607114184, -273.98193721842006, 551.092180364846, 5832065.600971376, -4.7102702986066214e-05, 9.474505352203228e-05, 1.002526305391059]
[-13.932094700953401, 29.671199974425633, 306610.4548226582, -266.31768095034084, 563.5892089183477, 5832761.894254924, -4.578524384587006e-05, 9.689330439954766e-05, 1.0026460113215403]
[-14.705671107086436, 29.44681958791738, 306562.6224996519, -281.0221981184524, 559.3266188566454, 5831843.590125081, -4.8312901184285576e-05, 9.616053525569148e-05, 1.0024881377488644]
[-14.01934098029752, 29.487657144849717, 306621.7360607755, -267.9796939559939, 560.0996201970465, 5832981.150584149, -4.607093868745592e-05, 9.629344161061942e-05, 1.0026837047310413]
[-13.675484649734134, 29.263717738440718, 306589.67924245464, -261.43957387892607, 555.8412862478148, 5832370.931602024, -4.494669630152527e-05, 9.556145838055126e-05, 1.0025787951006744]
[-13.766464842903112, 29.29992659222961, 306593.43768296274, -263.1690008971867, 556.5302784280406, 5832441.780451387, -4.524398110520299e-05, 9.567988947299445e-05, 1.0025909757445244]
[-13.758768106452413, 30.123153054269434, 306587.2628136434, -263.0247775057022, 572.1850224068535, 5832327.8250445295, -4.5219190728928875e-05, 9.837094025163378e-05, 1.002571383256006]
[-13.71175940119929, 30.522172763833424, 306573.2319318232, -262.13254844092626, 579.7737958702875, 5832063.527412893, -4.5065815946999795e-05, 9.967545061610838e-05, 1.0025259439906822]
[-14.730029776064871, 29.706443792309045, 306591.468509665, -281.4913584446491, 564.2640845139074, 5832402.342826987, -4.839355824418045e-05, 9.70092813894684e-05, 1.0025841961922828]
[-18.03102128237504, 27.86484359487094, 306503.86960594275, -344.24532421057756, 529.2534610899488, 5830706.787295167, -5.91807962404618e-05, 9.099079115263442e-05, 1.0022927029415083]
[-13.222934141173987, 29.61530642936855, 306546.1157335004, -252.8388382090462, 562.5280586343363, 5831551.566829713, -4.346824043980096e-05, 9.671093326248226e-05, 1.0024379257450637]
[-13.513306887688772, 29.147396679088434, 306494.7008848688, -258.3585021116125, 553.6309510223191, 5830570.772034766, -4.441704376808513e-05, 9.51815119396812e-05, 1.0022693069017148]
[-13.677201489213871, 28.949335984085792, 306433.5424028595, -261.47374544275755, 549.8663390946765, 5829405.350927589, -4.4952533742655636e-05, 9.453437708945063e-05, 1.0020689465986667]
[-13.827326662524769, 30.61214936642703, 306416.2144204376, -264.32923155308276, 581.4892547477444, 5829076.279942351, -4.544339003518728e-05, 9.997034023103895e-05, 1.0020123720482548]
[-16.183294512704165, 28.291024145918954, 306369.9114985083, -309.1188864778878, 537.3544419388334, 5828176.254929582, -5.314261589981096e-05, 9.23834520770787e-05, 1.0018576444544303]
[-13.391516091651782, 29.248071305839673, 306388.4587047461, -256.04378444589054, 555.5472354994952, 5828551.995782805, -4.401913443249166e-05, 9.551093437978559e-05, 1.0019222351647874]
[-14.78537165510715, 27.92205865744963, 306374.93428553344, -282.5427938034868, 530.3351539361362, 5828283.07729449, -4.857425677184411e-05, 9.117690877005149e-05, 1.0018760059642235]
[-13.777585736921692, 29.928195841841873, 306304.8701403946, -263.3841034617788, 568.4832747632387, 5826959.769323882, -4.528090670867483e-05, 9.773461280190576e-05, 1.0016484978865945]
[-13.2245191254682, 29.332536341279653, 306265.67761842563, -252.8694628880678, 557.1542525128281, 5826218.317143617, -4.3473456054226496e-05, 9.578719069063949e-05, 1.0015210250291036]
[-13.548696489824056, 29.52620212998926, 306221.314837773, -259.0326201297271, 560.8388300408405, 5825371.93399151, -4.453288614769876e-05, 9.642055752506099e-05, 1.0013755143538188]
[-13.468475831208277, 29.403227673531582, 306198.79244717065, -257.50669867595354, 558.5011037153711, 5824942.540656511, -4.427058204082145e-05, 9.601870009216084e-05, 1.0013016927107523]
[-13.69083792665972, 29.338584163332776, 306131.7384903675, -261.734586053884, 557.2728806701112, 5823665.782411112, -4.499733572013859e-05, 9.58075682051743e-05, 1.0010821909050722]
[-13.583506928553634, 29.465772052943173, 306110.81961244554, -259.6950697085073, 559.6909258795229, 5823270.047360277, -4.464674600017313e-05, 9.622322139565035e-05, 1.0010141548509137]
[-13.604393230530764, 29.51995331792432, 306063.9136753576, -260.09204600750076, 560.7221368616144, 5822377.062074255, -4.471498195850612e-05, 9.640048817957436e-05, 1.000860631707892]
[-13.305568616468909, 29.89103542104654, 306009.9941193049, -254.41211734782354, 567.7778814254946, 5821354.826936675, -4.373861112621687e-05, 9.761339570195573e-05, 1.0006848864244282]
[-13.34781484706729, 29.52166372263324, 305974.123055823, -255.21394428073856, 560.7544903679911, 5820669.845463041, -4.387644163811449e-05, 9.6406075137161e-05, 1.000567124209204]
[-13.679438757858113, 29.33118794909207, 305905.59276426386, -261.5180763947291, 557.1346155767179, 5819362.408436122, -4.4960097143941915e-05, 9.578380757833372e-05, 1.000342348878733]
[-14.073436862468073, 29.36273818282431, 305852.3256054024, -269.0079691246464, 557.7355322428533, 5818345.239588838, -4.624758398727402e-05, 9.588707768573809e-05, 1.0001674769123297]
[-13.944344401565232, 29.22266292046433, 305825.9847708363, -266.55405846227774, 555.0722793342887, 5817844.68127333, -4.5825763465143437e-05, 9.54292752140578e-05, 1.000081420015765]
[-13.256038477625603, 29.890546128176933, 305826.0709891228, -253.47066820012782, 567.7706254368092, 5817854.164437697, -4.3576772293068754e-05, 9.761214916398761e-05, 1.0000830479055627]
[-13.890829614794441, 29.232151259880617, 305716.9963455267, -265.5372189776048, 555.2529327542751, 5815771.701871701, -4.5650960447096866e-05, 9.546033630046295e-05, 0.9997250302102189]
[-13.505455124785897, 29.19249514205813, 305698.0546645824, -258.21143968910576, 554.4973127105538, 5815414.786998418, -4.439168044704434e-05, 9.53304664349063e-05, 0.9996636677984362]
[-13.045477790903549, 29.435434455922206, 305669.9299739452, -249.46839970931865, 559.1161485633702, 5814884.665971973, -4.2888775958579414e-05, 9.612446381474219e-05, 0.999572527059826]
[-13.321505281917258, 29.563113776223542, 305617.49286764703, -254.71517970281667, 561.5456351356671, 5813883.11290859, -4.379068212398582e-05, 9.654208363973943e-05, 0.999400339837161]
[-15.72247761826202, 28.440706475299894, 305485.7749698353, -300.358354628256, 540.2084277364635, 5811354.727187843, -5.1636606809334814e-05, 9.287410238697981e-05, 0.9989656631490607]
[-13.459772295467422, 29.387356347232103, 305515.76563329116, -257.3440132213041, 558.2037143276966, 5811945.830099748, -4.4242559138157826e-05, 9.596759233550279e-05, 0.9990672799583404]
[-14.00686252719869, 29.534000633371743, 305495.32344714546, -267.746146907194, 560.9942379551075, 5811553.074199651, -4.603067083379324e-05, 9.644725405128377e-05, 0.9989997580017733]
[-13.199200914292032, 30.870715380903626, 305500.06661725877, -252.39311134877167, 586.4118122016731, 5811651.17747293, -4.339153564825642e-05, 0.00010081656419630977, 0.9990166215830576]
[-14.715507709486642, 28.42412528080594, 305351.65393691865, -281.21640974315363, 539.8905971674077, 5808810.50063149, -4.834615212814908e-05, 9.281951171279149e-05, 0.9985282536728638]
[-13.659054937722992, 29.6004186445111, 305350.29788836313, -261.1333718612698, 562.2569529879187, 5808794.186495725, -4.4893938366099876e-05, 9.666434101202735e-05, 0.9985254459362276]
[-13.756607657119439, 29.512590634685665, 305290.2549539475, -262.98703891191104, 560.5874128550644, 5807649.164975557, -4.521257253514823e-05, 9.637734327276976e-05, 0.9983285930192879]
[-12.8865162040167, 29.763077822272727, 305265.60794803256, -246.44737667203415, 565.3481344705693, 5807188.715062027, -4.236944646069315e-05, 9.719575972123546e-05, 0.9982494291352699]
[-14.95308124116867, 28.827695789424208, 305213.0350760223, -285.7338969122636, 547.5671263934953, 5806168.729933383, -4.912269878590989e-05, 9.413909603205892e-05, 0.9980740780358174]
[-13.239730877081628, 29.888044743223997, 305189.05726299237, -253.16297601580698, 567.7255726984866, 5805728.6885953145, -4.352383687715467e-05, 9.760441667505139e-05, 0.9979984204063677]
[-14.009891255917815, 29.425868819994196, 305124.84630678606, -267.80220399997523, 558.9400920792544, 5804496.73687197, -4.604027662131634e-05, 9.609415893139618e-05, 0.9977866247259405]
[-13.281633720334861, 29.879677138265162, 305128.26998977107, -253.95898832046655, 567.56760472312, 5804569.095150248, -4.366067551818003e-05, 9.75772682795657e-05, 0.9977990623922426]
[-14.186926166192807, 29.31299819878319, 305057.88654711476, -271.1675844527475, 556.7948705681147, 5803219.16614219, -4.6618778243030044e-05, 9.572538411746968e-05, 0.9975669840569201]
[-13.679030379928589, 29.613700685982995, 305064.2770458792, -261.5137062903368, 562.510418958521, 5803346.615075169, -4.495930804517e-05, 9.67079069966651e-05, 0.9975888934149248]
[-13.301628320149792, 30.328389892981885, 305016.37314817344, -254.33983736555356, 576.1009351264245, 5802438.585777676, -4.3726134262292074e-05, 9.904413636908057e-05, 0.9974327826421667]
[-15.956473197061978, 28.200345683264757, 304911.2100776733, -304.80815613889547, 535.6402745094177, 5800411.680010436, -5.24014947609983e-05, 9.208882961484109e-05, 0.99708432229175]
[-13.51796575407712, 29.5288677825072, 304956.7220356695, -258.45103777525327, 560.897626272629, 5801298.442441847, -4.4432838714810985e-05, 9.643068078452909e-05, 0.9972367692010179]
[-13.59318609817084, 29.623390558955762, 304941.39304775046, -259.881354275984, 562.6956061298417, 5801005.771055319, -4.4678710230734625e-05, 9.673975099186437e-05, 0.9971864530363407]
[-13.49307554582381, 29.61469619946339, 304908.37854736747, -257.9793206629691, 562.5291952423194, 5800379.689571816, -4.4351752989973464e-05, 9.671114666232508e-05, 0.9970788155592945]
[-14.156864554580592, 29.15852520172952, 304848.5990794506, -270.5971940747377, 553.856687751011, 5799234.609364354, -4.652072469234494e-05, 9.522031214778364e-05, 0.9968819541496022]
[-13.840795396084905, 29.694479080360633, 304818.5061317933, -264.5890551436295, 564.0476851026938, 5798665.088684439, -4.5487938207165955e-05, 9.697215197771595e-05, 0.996784040380301]
[-13.621410941663637, 29.26533237050403, 304775.28457861533, -260.41620170529023, 555.8867417418933, 5797841.292635631, -4.4770625759816814e-05, 9.556930779618157e-05, 0.9966424126371282]
[-24.450786407168096, 24.138874862717557, 304928.9026903173, -466.28274164570723, 458.43391222106817, 5800656.138477548, -8.015867431880475e-05, 7.88166192019679e-05, 0.9971263789628177]
[-13.211047605344184, 30.006917555332368, 304793.9132071866, -252.61709562802545, 569.986928650299, 5798200.70342501, -4.343000362093964e-05, 9.7993144937247e-05, 0.9967042014890729]
[-13.38599809004353, 30.03720905859563, 304751.02918032155, -255.9440164645971, 570.5634369154525, 5797383.990004158, -4.4001887469078295e-05, 9.809224099628937e-05, 0.9965637911934188]
[-13.176731524645252, 29.78106767058772, 304751.3765086591, -251.96517551319866, 565.6913992506414, 5797391.372991536, -4.331793924025723e-05, 9.725474353886896e-05, 0.9965650602433087]
[-14.47048120288331, 28.160112474300064, 304631.9309164034, -276.55416763444856, 534.8723513469058, 5795099.456746086, -4.754469499815547e-05, 9.195689681613242e-05, 0.9961710367908929]
[-14.35929363352156, 29.189228561153325, 304659.60797679995, -274.4420004269654, 554.4417936214754, 5795628.29409274, -4.7181633991444176e-05, 9.532087858112588e-05, 0.9962619545599618]
[-14.034123507970046, 29.106207169338305, 304649.9166830609, -268.26250275594634, 552.8609673746296, 5795449.241978538, -4.61193930614587e-05, 9.504915114423168e-05, 0.9962311699828063]
[-13.730998076714066, 29.709938000897484, 304685.5979760235, -262.5003014972291, 564.3412662783807, 5796130.364879179, -4.512890593108851e-05, 9.702262810596513e-05, 0.9963482689046897]
[-15.04726780513031, 29.372548962842536, 304640.2536465485, -287.52567840265027, 557.9280260820302, 5795258.683103409, -4.943070345354109e-05, 9.592013074971145e-05, 0.996198410939193]
[-13.536141741548017, 29.31985258416327, 304652.4107460153, -258.7957714782071, 556.9219871496764, 5795499.52134155, -4.449210433501027e-05, 9.574726600244189e-05, 0.996239813193096]
[-13.765507405507329, 29.335331282496398, 304640.43917443894, -263.15582583492323, 557.2167208536058, 5795269.276010336, -4.524158844563867e-05, 9.579792019767719e-05, 0.9962002298630449]
[-13.596397933415082, 29.77559869311669, 304665.7843573362, -259.942227504192, 565.587990979737, 5795754.100151899, -4.468919117154759e-05, 9.723694118567164e-05, 0.9962835807072927]
[-13.569924556809024, 29.94670322922403, 304636.561076417, -259.4390872548118, 568.8411820860431, 5795198.6332743885, -4.460269948380341e-05, 9.779617178331388e-05, 0.9961880838727677]
[-14.408238795418082, 28.81795525561554, 304581.7073967716, -275.37243709229364, 547.380594279176, 5794142.512456913, -4.734158753820481e-05, 9.410706591269417e-05, 0.9960065179879651]
[-13.776250507341327, 29.42720418941344, 304670.36621230067, -263.3602214585542, 558.9629597177233, 5795836.986696605, -4.527674806726613e-05, 9.609808986170265e-05, 0.9962978320316191]
[-13.495686612776742, 29.88223059608052, 304636.9531806634, -258.02779765770083, 567.6146873691351, 5795205.423312771, -4.436011100635948e-05, 9.758534405108967e-05, 0.9961892514369592]
[-13.442554404112744, 29.742704707614042, 304663.83371825836, -257.017111453703, 564.9603716108029, 5795716.269257266, -4.418638513074002e-05, 9.712906105481477e-05, 0.9962770769914654]
[-13.68746008821389, 29.54310338195677, 304657.91024574573, -261.6720685072424, 561.1654514787793, 5795600.069026328, -4.498656003124575e-05, 9.647670056825617e-05, 0.9962571007824583]
[-13.583596200174137, 29.400129294637818, 304645.63626741694, -259.6964712015093, 558.4464623932579, 5795365.951133534, -4.464695756714663e-05, 9.600931568459642e-05, 0.9962168510837534]
[-13.348258799232893, 28.7726655469598, 304646.2661645466, -255.22279983610312, 546.5127690502529, 5795380.300700042, -4.387794014974961e-05, 9.395792412822996e-05, 0.9962193173371825]
[-13.407328395263551, 28.886783689006023, 304658.99740892707, -256.34498101183016, 548.6827921396057, 5795620.9340204755, -4.407084735228222e-05, 9.433094754317512e-05, 0.9962606878654429]
[-13.515266984580549, 29.02378851817024, 304653.59313510655, -258.3972635870691, 551.28789361481, 5795517.654587661, -4.44236291669788e-05, 9.477875829721891e-05, 0.9962429320606563]
[-13.093806000843495, 30.09829600633803, 304655.02484091895, -250.38460443783086, 571.7207207519076, 5795547.812674856, -4.304627835051222e-05, 9.82911836749395e-05, 0.9962481159635188]
[-15.329377917350905, 26.940653827098206, 304727.0238835172, -292.8834065703151, 511.67763424118857, 5796896.374278229, -5.0351730969049354e-05, 8.796965649840658e-05, 0.9964799693219378]
[-14.036282024177085, 29.233995982899618, 304670.7491139853, -268.3009494097314, 555.2868879065954, 5795837.469471072, -4.612605712527613e-05, 9.546615943883858e-05, 0.9962979171727718]
[-14.157056120142785, 29.11392237207734, 304674.1817570687, -270.5965813560729, 553.0034469226622, 5795901.365431942, -4.652067227611381e-05, 9.507363149305213e-05, 0.9963089027035121]
[-13.903768140535417, 29.544608683922792, 304720.3661078133, -265.7830024399728, 561.1914195805136, 5796784.54794078, -4.5693244169298236e-05, 9.648115319952803e-05, 0.996460739302721]
[-15.17943846899373, 29.27888880610727, 304683.14010114537, -290.0339184687876, 556.142395678771, 5796064.7594799, -4.986190784966268e-05, 9.56131688990156e-05, 0.9963369958627246]
[-13.687760027170116, 30.55651963164076, 304779.9342359059, -261.6792891707049, 580.4323739037088, 5797923.232867473, -4.4987843820024584e-05, 9.97886728755975e-05, 0.9966565019741422]
[-14.463961943481298, 29.51262603492723, 304873.27646899223, -276.43206471931745, 560.5840707670337, 5799687.206558616, -4.752383560823698e-05, 9.637669815737048e-05, 0.9969597706374463]
[-14.084035823537356, 29.595038279273886, 304814.57888681063, -269.210952388908, 562.147924561744, 5798576.976906618, -4.628252184775165e-05, 9.664555091336779e-05, 0.9967688962932888]
[-13.63779554930428, 30.41341267332696, 304861.5039613099, -260.7290975405836, 577.7088923222627, 5799475.763235138, -4.482452697178428e-05, 9.93204997402231e-05, 0.9969234150479471]
[-13.43935416058793, 29.92044669887638, 304863.50030553987, -256.9546785855287, 568.333839565566, 5799513.259707961, -4.417570686189098e-05, 9.77089409474629e-05, 0.9969298616486056]
[-13.252919710590625, 29.38380317841325, 304927.4994695107, -253.4095208882634, 558.1282203025683, 5800731.020063727, -4.356631600301219e-05, 9.595459534076137e-05, 0.9971392207283575]
[-13.575617413971068, 29.461572748421847, 304901.9263674067, -259.54415868581003, 559.6078315090116, 5800242.224076755, -4.462083757550412e-05, 9.620893635563873e-05, 0.997055186923938]
[-13.117171259758317, 30.11385439431014, 304884.4025789323, -250.82904526827676, 572.009663826718, 5799914.006568712, -4.312272290037053e-05, 9.834084147324626e-05, 0.9969987576627845]
[-13.395606031026425, 29.80310153336529, 304959.2478089212, -256.12086538828817, 566.1009616545301, 5801333.469358253, -4.4032394088430896e-05, 9.732510995415752e-05, 0.9972427951812758]
[-15.11278427730904, 28.669768282070095, 304979.75926998607, -288.76763469147653, 544.5521300617538, 5801711.6419056, -4.964429612487545e-05, 9.362078178808703e-05, 0.9973078149537525]
[-13.552054276191223, 29.63618049750283, 305008.59200413525, -259.0957640215093, 562.9262631338203, 5802272.3337083105, -4.4543778046756786e-05, 9.67793671226518e-05, 0.9974042060800706]
[-13.648246214914497, 29.773475177492625, 305023.0484805431, -260.9243869704825, 565.5368681512157, 5802546.923715959, -4.485811696012587e-05, 9.722813320178312e-05, 0.9974514141343568]
[-13.431093950839651, 29.599408431140663, 305055.0593214315, -256.79419882018277, 562.2272616615918, 5803155.257217172, -4.414814949871525e-05, 9.665921552270207e-05, 0.9975559999283756]
[-13.589858290280121, 29.525089610108836, 305095.6716356362, -259.8138854894668, 560.813544903889, 5803928.740911024, -4.466723538345373e-05, 9.641618756731683e-05, 0.9976889781096294]
[-13.925991417786722, 29.461384450624525, 305108.0674422246, -266.2032231560793, 559.601588509899, 5804161.4836135935, -4.576554765423545e-05, 9.620784185874265e-05, 0.9977289925465085]
[-14.201512179567189, 29.692500021162203, 305136.56432875805, -271.4409563549483, 563.9974228469989, 5804701.478959773, -4.666590726623148e-05, 9.696346915475666e-05, 0.997821830012978]
[-15.560126043731515, 28.652785420951844, 305249.8522942012, -297.27194674832384, 544.2270273310875, 5806848.632599215, -5.110622339175734e-05, 9.356485993231112e-05, 0.9981909743624842]
[-13.798613361858166, 29.25297590807658, 305224.0172226639, -263.78080779390535, 555.6365729520438, 5806368.587714728, -4.53491614326813e-05, 9.552625381825636e-05, 0.9981084407353162]
[-13.615334281381317, 29.773214059232117, 305244.6138137369, -260.29715999712244, 565.5285126359812, 5806763.360092138, -4.475033337401685e-05, 9.722668584679527e-05, 0.9981763096576403]
[-13.57031587008835, 30.023003631700195, 305293.9740382452, -259.4429232142871, 570.2775252358502, 5807705.441157011, -4.460350235775648e-05, 9.804303849598706e-05, 0.9983382726618499]
[-13.442318914018617, 30.549989098277724, 305360.84487599315, -257.00966458268823, 580.2983687498065, 5808978.944839561, -4.418524910586042e-05, 9.976561900617518e-05, 0.9985572148661445]
[-14.200371447083278, 29.70059885982216, 305323.71662432124, -271.4180961532933, 564.1482551470488, 5808263.6755880425, -4.6662004492629415e-05, 9.698938364446437e-05, 0.9984342475377823]
[-13.430853369351073, 29.798787403278684, 305397.0052994163, -256.7897349220037, 566.0124598573109, 5809665.657353491, -4.4147442261322056e-05, 9.730987502628358e-05, 0.9986752758727457]
[-13.30586477879707, 29.098434742128447, 305395.3394820101, -254.41409455737437, 552.6922358192211, 5809636.467215699, -4.37390668057471e-05, 9.502014275445395e-05, 0.9986702566738439]
[-14.940288072769295, 28.63658924967612, 305457.88817546755, -285.48438694820067, 543.9147825456722, 5810810.565588687, -4.907999505100463e-05, 9.351121238756021e-05, 0.9988721143811548]
[-12.097710772373988, 30.56526256381184, 305455.960658159, -231.44391971131978, 580.5830079359705, 5810798.743260518, -3.97905597498364e-05, 9.981462258872889e-05, 0.9988700740446507]
[-13.551247683865881, 29.41932633204428, 305478.2702472715, -259.07752704503, 558.7949948318101, 5811211.568565826, -4.4540713029080905e-05, 9.606919204649652e-05, 0.9989410512301692]
[-13.74583244061476, 29.699150023463826, 305505.6204236953, -262.777427633901, 564.1159822746814, 5811731.9054283565, -4.517672138057397e-05, 9.698385661850398e-05, 0.9990305083020458]
[-13.789868865609561, 29.555882600259118, 305526.33544272307, -263.61377623482286, 561.392086222434, 5812125.063754547, -4.5320490211126635e-05, 9.651561357913064e-05, 0.999098100952058]
[-13.936630257095743, 29.502865336705693, 305564.6140629482, -266.40427672973124, 560.383637953036, 5812852.988790736, -4.5800178471851456e-05, 9.634225110650892e-05, 0.9992232469877977]
[-13.989662791737357, 29.322031587683384, 305581.7169900264, -267.4116267156342, 556.9449893982529, 5813177.415025846, -4.597333967726912e-05, 9.57511454023334e-05, 0.999279023120326]
[-14.288281329488319, 30.40212927846849, 305604.19056992506, -273.08950792309116, 577.4852715025247, 5813604.296759118, -4.694936555724129e-05, 9.928200649365269e-05, 0.9993524134636272]
[-13.651734593136602, 29.447545752850946, 305614.28219829383, -260.986344184063, 559.3295480003911, 5813799.797196208, -4.486885324909146e-05, 9.616107175252335e-05, 0.9993860230793283]
[-13.668175188386934, 29.983861970226688, 305682.6979431645, -261.30112983063543, 569.5270615027871, 5815104.679930272, -4.492298167597514e-05, 9.791401022288365e-05, 0.9996103593901461]
[-13.865682472697276, 29.692446260499427, 305667.11004377034, -265.05443755201196, 563.9870471995733, 5814804.811105354, -4.5568161387581835e-05, 9.696167970667691e-05, 0.9995588065466906]
[-14.340039310814005, 28.912474399917198, 305708.21444163827, -274.07092548168526, 549.1560036606511, 5815580.896074188, -4.7118082893667155e-05, 9.441219580979408e-05, 0.999692234071784]
[-14.118189757986867, 28.866280820261306, 305675.32764269586, -269.852609582737, 548.2762791414358, 5814957.335526377, -4.63929515332236e-05, 9.426099315774067e-05, 0.9995850299688904]
[-14.128336730399033, 28.98554632152608, 305683.715980755, -270.04592025107297, 550.5436925640814, 5815117.862766641, -4.642618196766199e-05, 9.465075522526972e-05, 0.9996126277502896]
[-13.892128706436633, 29.454667422690157, 305725.08275468036, -265.5567447193582, 559.4634457280132, 5815909.020584038, -4.565451611562606e-05, 9.618406796531903e-05, 0.999748643447021]
[-13.664339037123263, 28.988227574309203, 305734.74176385754, -261.22536529974843, 550.5932598394858, 5816093.665529493, -4.4909962833460916e-05, 9.465930064239354e-05, 0.9997803875973379]
[-13.907054389927328, 29.73070318292442, 305750.26151947345, -265.84009501206947, 564.7127932857677, 5816388.104397162, -4.570323327521157e-05, 9.708642964597963e-05, 0.9998310082162354]
[-13.79707167429569, 29.551526602873366, 305740.870376998, -263.74950259932115, 561.3040637422523, 5816211.497970794, -4.534386336232857e-05, 9.650047706850047e-05, 0.9998006451333166]
[-15.906488250669847, 28.32820619843409, 305713.67980760406, -303.8487268226759, 538.0478196479818, 5815672.834902329, -5.223681693412389e-05, 9.250262787947513e-05, 0.9997080441203244]
[-14.123387503636327, 29.67938109799113, 305752.20354244875, -269.9524101308157, 563.737050376801, 5816423.761584611, -4.641013414010055e-05, 9.691868521677938e-05, 0.9998371388580177]
[-13.749666488839532, 29.589865185024642, 305746.98756591487, -262.8470023916891, 562.0331377034184, 5816327.296247991, -4.518873014729726e-05, 9.662580389199299e-05, 0.9998205535249364]
[-14.028573730310075, 29.33537060326506, 305740.68342505366, -268.14896189735936, 557.1938430060961, 5816204.876463153, -4.610012253653628e-05, 9.579391743017638e-05, 0.9997995077191315]
[-13.731529763830167, 29.206102754034507, 305795.094513075, -262.503182293108, 554.7324900184818, 5817244.395398524, -4.512964245216503e-05, 9.537081587420584e-05, 0.9999782219604653]
[-14.63676148669972, 29.5855023716861, 305744.53063967807, -279.7117967155673, 561.9511646257756, 5816273.705334007, -4.8087752049026924e-05, 9.661166431717966e-05, 0.9998113422532309]
[-13.849278886468504, 29.46656024406636, 305798.1046778456, -264.7410049980764, 559.6860614825999, 5817299.4375495305, -4.5514323738965945e-05, 9.62223285091418e-05, 0.9999876855883103]
[-11.607056652935299, 30.926449447099067, 305732.8320736078, -222.11641625884084, 587.4412623812046, 5816080.100608275, -3.818723590387683e-05, 0.0001009935663315242, 0.9997780483272211]
[-13.902610315369955, 29.83946268394191, 305796.30006258946, -265.7562790632678, 566.7773545325335, 5817266.378113275, -4.5688848947670456e-05, 9.744131974207507e-05, 0.9999820015608731]
[-13.872577998306204, 29.488012877907735, 305800.07768141327, -265.1843299954035, 560.0938928441583, 5817337.041849349, -4.559053211548066e-05, 9.629243675369334e-05, 0.9999941505529601]
[-14.35277050460996, 29.526317832511317, 305781.2062062609, -274.3121418506742, 560.8244610685585, 5816972.664910413, -4.7159576563731674e-05, 9.641799439715568e-05, 0.9999315080222955]
[-15.202916823352588, 29.021267650637164, 305704.3716372686, -290.4713732128873, 551.2234147938045, 5815500.554166126, -4.993728651870245e-05, 9.476754151395206e-05, 0.9996784238513137]
[-14.499065584004114, 28.58322554266546, 305779.8227088038, -277.09380562889055, 542.8884020470035, 5816946.165283605, -4.7637734124435583e-05, 9.333478913511921e-05, 0.9999269522240669]
[-13.872506315170677, 29.504642936673847, 305808.0187390478, -265.1829009987872, 560.4092355560946, 5817488.776046783, -4.559028773335467e-05, 9.634664200023293e-05, 1.000020236710902]
[-15.377182213531837, 28.64826858483121, 305763.9608067785, -293.7834990773921, 544.1304293444468, 5816631.534460651, -5.050664890011636e-05, 9.354824258595384e-05, 0.9998728644833128]
[-14.004803284567501, 29.14613464410633, 305839.9853871373, -267.6958924900241, 553.5918717020799, 5818093.0375929605, -4.6022270558043133e-05, 9.517472401948722e-05, 1.0001241234659461]
[-14.193272717987325, 28.830233434197282, 305818.09970388556, -271.2778621095578, 547.5854858087051, 5817673.939052902, -4.663799302658706e-05, 9.41422172878442e-05, 1.0000520722916788]
[-11.968456706564565, 30.322986276991053, 305838.4285193168, -228.98651099259945, 575.964293886414, 5818085.618997756, -3.936821620434038e-05, 9.902064961814034e-05, 1.0001228410594218]
[-13.710378384299382, 29.82744691083329, 305893.3182757664, -262.0997628241696, 566.5474643457137, 5819111.524166992, -4.506032319434619e-05, 9.740179873299661e-05, 1.0002992219566864]
[-13.659065550068043, 29.730649018380024, 305910.8001628898, -261.1245930163343, 564.7056283646793, 5819445.073465511, -4.4892698830558305e-05, 9.708519441926536e-05, 1.0003565659370774]
[-13.885898128921998, 29.077407164771312, 305901.39753728546, -265.43561143869215, 552.2845306273698, 5819262.738010675, -4.563374388782639e-05, 9.494999419671386e-05, 1.0003252196464574]
[-13.697786999101785, 29.449167293389195, 305924.2899549406, -261.8600432670739, 559.3530888058042, 5819700.80111219, -4.50191182175612e-05, 9.61650885432485e-05, 1.0004005312951474]
[-13.62377139985615, 29.16575709520897, 305916.48967811116, -260.45260430796407, 553.9629252763792, 5819552.926277602, -4.477717577045157e-05, 9.523852298732555e-05, 1.0003751082726031]
[-14.688634632137672, 29.06136825959695, 305958.45008441625, -280.69734890191563, 551.9800549343953, 5820343.253593707, -4.825721420158975e-05, 9.489761145208734e-05, 1.0005109850061862]
[-14.626703115168684, 30.349862975452996, 305763.1123508528, -279.5195767233215, 576.4843614279282, 5816628.295260264, -4.805469261028986e-05, 9.910991975061585e-05, 0.9998723035323327]
[-13.803064102404408, 28.94383888976782, 305943.23853291286, -263.8606228763825, 549.7425939683322, 5820060.158242233, -4.5363005346977465e-05, 9.451303774912572e-05, 1.0004623128555474]
[-14.458527915881113, 28.62628919611382, 305898.59586676594, -276.3194246072562, 543.7067422775584, 5819202.97925467, -4.750462756807521e-05, 9.34754434914493e-05, 1.0003149478672662]
[-14.241174267708573, 28.440941248414077, 305926.49999833823, -272.18764472510856, 540.1812002369246, 5819735.85062008, -4.6794391358545376e-05, 9.286942159485032e-05, 1.000406559260781]
[-14.109520517895099, 28.973323872707404, 305967.4535415437, -269.68662910641217, 550.3046563514723, 5820518.467774703, -4.6364485331260835e-05, 9.460964237936734e-05, 1.0005411068481143]
[-14.171041271102613, 29.148181319891243, 305983.22303803795, -270.8560132664537, 553.6306677419659, 5820817.479308435, -4.656550336007192e-05, 9.518138236835055e-05, 1.0005925136626825]
[-14.063298735323325, 28.96632998680541, 305948.8141125531, -268.80657901162715, 550.1721187076109, 5820162.772912711, -4.6213196419728274e-05, 9.458686999898146e-05, 1.000479955609009]
[-14.515188558807797, 28.081455452872824, 305922.7511665227, -277.39543202271153, 533.3474390061008, 5819660.624583677, -4.768958600734102e-05, 9.16946885963604e-05, 1.0003936275204535]
[-13.952389296387059, 29.323038781237855, 306012.4317743802, -266.69996212279574, 556.9552969789117, 5821376.358084621, -4.585108915921355e-05, 9.575289591021083e-05, 1.0006885959142928]
[-13.757710663340145, 29.221616585624933, 306005.3968676249, -262.9982668120598, 555.025365214777, 5821243.704610013, -4.521477191209916e-05, 9.542115325053164e-05, 1.000665789562253]
[-13.789034309147842, 29.534205141124957, 306025.9999561642, -263.59452597089546, 560.9688135420034, 5821636.810698223, -4.531727253103577e-05, 9.644282896949093e-05, 1.0007333725773326]
[-14.387425909562394, 28.715166098667495, 306001.50238978746, -274.9681586676385, 545.3968637553802, 5821162.621949843, -4.727236009602546e-05, 9.376598633748824e-05, 1.0006518519142913]
[-13.903189393841972, 29.13364866912329, 306051.7754553848, -265.7642592641108, 553.3529941606931, 5822125.585242222, -4.5690244135049495e-05, 9.513365589188944e-05, 1.000817403914516]
[-14.106889966572375, 29.073055915231677, 306055.92270303983, -269.63533756591295, 552.2021427429154, 5822200.59315539, -4.6355671666542235e-05, 9.493581673855945e-05, 1.0008303006102894]
[-13.971364496063458, 28.97569710870786, 306077.7362359662, -267.0595913974857, 550.3501669628506, 5822617.718231601, -4.5912910845578307e-05, 9.461746905373684e-05, 1.0009020126929633]
[-15.24701607420498, 28.828105741879938, 306039.0991307835, -291.3111236470516, 547.5474795720819, 5821872.491898035, -5.008168284408119e-05, 9.413563376029929e-05, 1.0007738954933663]
[-15.765571319586964, 27.643465239174304, 305956.4254646549, -301.1697990559129, 525.0200775769698, 5820296.643454526, -5.177633107491918e-05, 9.026315904802944e-05, 1.0005029742711375]
[-13.696032204916433, 30.082378910028183, 306050.39418480516, -261.8275769267075, 571.3944305182886, 5822103.634818815, -4.501353060195817e-05, 9.823500254699716e-05, 1.0008136288028064]
[-14.029382667364866, 29.116269128119836, 306054.0501843637, -268.16367408838016, 553.0228739840979, 5822168.955401368, -4.610268626743831e-05, 9.507691599421817e-05, 1.000824860146065]
[-14.272662376118623, 29.53746484878073, 306045.73465434194, -272.7887770334651, 561.0340079410224, 5822008.837821617, -4.6897728290022184e-05, 9.645401697578725e-05, 1.0007973331012778]
[-14.263984524703778, 28.873452617182007, 306059.4116171833, -272.6229640580069, 548.4071507567006, 5822267.919939952, -4.6869221971335465e-05, 9.428345449774374e-05, 1.0008418752300139]
[-13.950847673835819, 28.977607816277626, 306113.4671600678, -266.6682403918753, 550.3874122689351, 5823296.375592744, -4.584563499070335e-05, 9.46238728391134e-05, 1.0010186888094073]