[-614.2072886927454, -7022.475630937662, -9345200.18862915, 237.58179564918345, 2715.980408442149, 3614710.3127165358, 6.574328501940551e-05, 0.0007514564223059001, 1.0000000000000004]
[-623.2296235550182, -7055.37889755735, -9335831.669955933, 241.07162415213, 2728.7065548873124, 3611086.909341958, 6.670879468801141e-05, 0.000754977343470738, 0.9989974567708118]
[-610.8219951070835, -7019.353887116248, -9340901.130004227, 236.27251687967464, 2714.7730041541977, 3613047.6451031487, 6.538103894718065e-05, 0.0007511223827699211, 0.999539978284491]
[-614.2516032711991, -7024.322142297449, -9338038.892425217, 237.59914934209903, 2716.694594334145, 3611940.6498686573, 6.574805385929956e-05, 0.0007516540279990338, 0.9992336927008212]
[-616.5922850027316, -7036.939961097292, -9331817.443787713, 238.50451934882295, 2721.574813099701, 3609534.4784830683, 6.599853171015231e-05, 0.0007530042408159597, 0.9985679561724722]
[-617.431624779226, -7024.256446922038, -9329055.513399374, 238.8291320165783, 2716.669132317339, 3608466.3097384325, 6.608834003267677e-05, 0.0007516470148590245, 0.9982724218763777]
[-616.853243652422, -7032.982472296533, -9328734.048614837, 238.60565292626143, 2720.0440749280765, 3608341.9881422943, 6.602646261919178e-05, 0.000752580774907164, 0.9982380264422285]
[-607.4973556376962, -7034.605740349956, -9328599.26709664, 234.98697665717114, 2720.6720226207854, 3608289.8987823934, 6.502530372905762e-05, 0.0007527544758482208, 0.9982236248022057]
[-604.0339466403293, -7033.777645763638, -9327121.171452224, 233.64748888339452, 2720.3517106560575, 3607718.2527185185, 6.465469036195813e-05, 0.0007526658767354221, 0.9980654662030823]
[-598.1869257018128, -7043.958031233727, -9325382.541526617, 231.38600026365913, 2724.2893112754427, 3607045.859887805, 6.402901086225315e-05, 0.0007537552609443219, 0.9978794374773102]
[-601.6222125920726, -7037.267626468805, -9321190.905091748, 232.71473552404066, 2721.7016000162853, 3605424.736176753, 6.439661612014366e-05, 0.0007530393433341855, 0.9974309095084225]
[-614.5827943413389, -7055.862904538383, -9311720.077101469, 237.72776324038068, 2728.8937244119784, 3601761.8177523157, 6.578353288492877e-05, 0.0007550291895248629, 0.9964174479359438]
[-594.3507364223755, -7048.844536911861, -9317000.72155227, 229.90237241367555, 2726.179383375053, 3603804.187003661, 6.361852134625374e-05, 0.0007542781784937939, 0.9969825439542047]
[-590.8813733453475, -7049.767463158719, -9317067.526752435, 228.56058569882006, 2726.5363482439507, 3603830.069190903, 6.324726720908212e-05, 0.00075437694268131, 0.9969897173099534]
[-586.4048263390034, -7052.1204263054115, -9316327.897035474, 226.82924010568308, 2727.4464840144246, 3603544.0187568027, 6.276824935990316e-05, 0.0007546287406325045, 0.996910574449903]
[-578.3565418502149, -7038.243387859318, -9317532.690498564, 223.7163348720419, 2722.079178518244, 3604010.033594269, 6.190700403172222e-05, 0.0007531437912311453, 0.9970395261475491]
[-579.6274083940083, -7053.3266801083755, -9312907.351088405, 224.20799371208963, 2727.913047356227, 3602221.1495519574, 6.204301494883818e-05, 0.0007547578320583922, 0.9965445759260882]
[-581.0940610295819, -7042.068127612723, -9311175.6723846, 224.7753272564822, 2723.5584393086265, 3601551.4672623454, 6.219994926703814e-05, 0.0007535530763656847, 0.9963593032001277]
[-567.1574611797923, -7049.357649463892, -9312056.958738914, 219.38492706138317, 2726.3779954585666, 3601892.3324280134, 6.070861746206715e-05, 0.0007543331302055461, 0.9964536199072925]
[-559.5485015799944, -7026.6617815635545, -9318041.559800614, 216.442026297044, 2717.599750922108, 3604206.994895811, 5.989437695297083e-05, 0.0007519044865168681, 0.9970940632585932]
[-571.0778164273195, -7041.357483062238, -9306430.786670355, 220.90140259068716, 2723.283601472815, 3599716.4435923165, 6.112812938592305e-05, 0.0007534770560524796, 0.9958516132127999]
[-570.2347515893256, -7065.182048631801, -9299720.857908037, 220.57537435895318, 2732.4984128147435, 3597121.3381520757, 6.103793269419418e-05, 0.000756026480210897, 0.9951335992758561]
[-579.7164801614016, -7067.988519862332, -9294699.778012697, 224.2428265242886, 2733.5838309068536, 3595179.4251321843, 6.205256844766246e-05, 0.000756326796344557, 0.9945963161087559]
[-575.3981620000404, -7038.353873796415, -9295976.433228608, 222.57260495218526, 2722.121772695765, 3595673.227739423, 6.159045836995668e-05, 0.0007531556652765989, 0.9947329547072304]
[-565.0652537922555, -7046.417547222121, -9296930.796236828, 218.57607508959487, 2725.240731236275, 3596042.3777912655, 6.048475183036777e-05, 0.0007540185464541931, 0.9948351033078872]
[-600.686292966366, -7113.626749378167, -9271082.036552364, 232.35374615905778, 2751.2353858445736, 3586045.1682991185, 6.429655076838787e-05, 0.0007612104547432453, 0.9920690622585272]
[-647.1835490060868, -7103.407534482342, -9253937.244486306, 250.33823651527493, 2747.282306661311, 3579414.2685395316, 6.927218318877294e-05, 0.000760116927450505, 0.9902344113780716]
[-523.8310242173027, -7080.021009919557, -9297926.441865876, 202.62740533707648, 2738.23823172372, 3596427.6202317853, 5.607231886368831e-05, 0.0007576144039785252, 0.994941738829986]
[-547.0854485444648, -7036.7411499015725, -9294923.44323028, 211.6220018596252, 2721.498243546993, 3595266.1614196873, 5.85607640081217e-05, 0.0007529831267174056, 0.9946203778643342]
[-546.0105729453894, -7020.937012002213, -9295301.60290564, 211.20627242075938, 2715.3855370623423, 3595412.473681132, 5.84457351039036e-05, 0.00075129195548533, 0.994660875061563]
[-558.8925098970201, -7044.864598081425, -9285595.58163679, 216.1889149401614, 2724.6400204509964, 3591658.6006472316, 5.9824237408021277e-05, 0.0007538524029383849, 0.9936222502977363]
[-530.9426499074851, -6986.49173043755, -9300588.529818097, 205.3784017918036, 2702.0628401137674, 3597457.3391937003, 5.683332100066806e-05, 0.0007476060437424738, 0.9952266799249042]
[-552.9102922869081, -7062.6595459523305, -9280134.420868104, 213.87516115516377, 2731.5227690204656, 3589546.512813076, 5.9184101991085886e-05, 0.0007557566200188852, 0.9930378911149604]
[-552.3600973475475, -7055.499542994564, -9281584.645239465, 213.66242734640673, 2728.753475461512, 3590107.4401549553, 5.912522435047102e-05, 0.0007549904465439301, 0.9931931006452294]
[-555.2374531098604, -7034.524630499832, -9283455.878064366, 214.7754663799821, 2720.640761985766, 3590831.1996543705, 5.943312242490315e-05, 0.0007527459603852656, 0.993393363844319]
[-540.0253075677515, -7027.061418373936, -9287274.44818184, 208.89167455604854, 2717.754232274767, 3592308.1236226093, 5.780527788387665e-05, 0.0007519473422393856, 0.9938020181105465]
[-542.2108912736678, -7024.389597671578, -9284411.29198602, 209.73700247231002, 2716.72087075129, 3591200.808389677, 5.8039155637664104e-05, 0.0007516614400599019, 0.9934956536376276]
[-536.3102967012474, -7035.611001147725, -9282515.92135046, 207.4547737733635, 2721.061128426897, 3590467.7903452553, 5.740774690927394e-05, 0.0007528622255436133, 0.9932928498118089]
[-534.6966505561606, -7060.793312911347, -9281308.62708967, 206.83082850617967, 2730.8010678517535, 3590000.8599398173, 5.7235095927212723e-05, 0.0007555569401654795, 0.9931636589132051]
[-557.9813196053501, -7045.511093248195, -9271922.631412625, 215.8369437860049, 2724.889998899186, 3586370.7848584126, 5.972675740395544e-05, 0.0007539216159134577, 0.9921592937182251]
[-519.7724633725691, -7030.421904240819, -9288477.917122263, 201.05843036885454, 2719.0542289767836, 3592773.7470941297, 5.5638054152063e-05, 0.0007523069582651445, 0.9939308945855876]
[-532.3065339484057, -7020.935205376906, -9281924.81649862, 205.9063883014243, 2715.3848157380216, 3590239.3092329274, 5.697930808184048e-05, 0.0007512918113989356, 0.9932296698088153]
[-538.1307466637477, -7062.017030950084, -9273268.570713218, 208.15913441991998, 2731.2743656788416, 3586891.4133113404, 5.7602584819749216e-05, 0.0007556879015841411, 0.9923033626443604]
[-531.5503420075985, -7047.90451037079, -9277071.18857296, 205.61399664871973, 2725.815966421265, 3588362.1605913457, 5.6898410527342775e-05, 0.0007541777471613068, 0.9927103060145481]
[-624.581528242907, -7208.116171946097, -9217920.460559562, 241.59693813095382, 2787.78147237371, 3565485.044433951, 6.685365328061793e-05, 0.0007713216747925519, 0.9863806052396892]
[-525.8262044427638, -7065.541637140623, -9269257.907050295, 203.39988423777515, 2732.637706941356, 3585340.3548441655, 5.628588422480198e-05, 0.0007560650721830235, 0.9918742402749616]
[-464.34099038371596, -7017.28838668212, -9301102.495970983, 179.61853354686357, 2713.974998624969, 3597656.5801221766, 4.970639081827054e-05, 0.0007509016042494243, 0.9952819320925802]
[-526.8585589974488, -7045.655739219249, -9273422.327279527, 203.79933589358274, 2724.9462563285874, 3586951.0180199565, 5.63963537178845e-05, 0.0007539371239471298, 0.992319891932378]
[-520.0034866380407, -7034.338158875351, -9276865.010257933, 201.14792546352075, 2720.5688788003213, 3588282.553887138, 5.566278458862333e-05, 0.0007527260514854352, 0.9926883170699461]
[-498.8462553753049, -7036.93956508822, -9283460.358693976, 192.96468235643798, 2721.575267342166, 3590833.3821979975, 5.339877257457981e-05, 0.0007530044312622948, 0.9933940906632391]
[-505.37142658210314, -7027.659445119485, -9281777.484067421, 195.48852103522364, 2717.9858310271825, 3590182.53507302, 5.4097021077140386e-05, 0.0007520113808907278, 0.9932140182845868]
[-461.2268582771489, -7021.357394357679, -9296332.140788486, 178.41400470339872, 2715.548866400082, 3595811.711727202, 4.937314728515554e-05, 0.0007513370243845475, 0.9947715198372729]
[-516.1217592250899, -7031.595710558368, -9278709.39282895, 199.64667379437577, 2719.508163074047, 3588995.9225847046, 5.524741624698447e-05, 0.0007524325896480884, 0.992885703617454]
[-505.7144376895237, -7028.843799766602, -9279008.082261158, 195.62115853829033, 2718.443922475358, 3589111.482905525, 5.413372427130319e-05, 0.0007521381193894443, 0.9929176878963855]
[-507.6337345644364, -7041.1136817748275, -9277469.084627772, 196.36356704299197, 2723.1896351641262, 3588516.2454197295, 5.43391213093839e-05, 0.0007534510949086485, 0.9927529918459992]
[-515.0540843307462, -7041.00234671216, -9274707.33677774, 199.2336573481949, 2723.1464528420515, 3587448.1322521726, 5.5133161402883364e-05, 0.0007534391759054189, 0.9924574688195458]
[-508.91309747118305, -7032.471446081151, -9277091.957681965, 196.85838057139773, 2719.846928500599, 3588370.4298595986, 5.447601105550749e-05, 0.0007525262973618018, 0.9927126586793278]
[-507.75767474282, -7033.59103614522, -9278978.107479915, 196.41154126785062, 2720.279946673904, 3589099.9119907795, 5.435237228275683e-05, 0.0007526460983623917, 0.9929144924743815]
[-507.7597746646372, -7046.146358360079, -9277713.930400798, 196.41238002930095, 2725.13606695399, 3588610.9727564272, 5.435260156234116e-05, 0.0007539896264453913, 0.9927792096953248]
[-504.86673389510446, -7036.06270748604, -9279206.340098886, 195.29334543690223, 2721.235955811631, 3589188.198417959, 5.4043009415284264e-05, 0.0007529105870724731, 0.9929389239669495]
[-398.93876758635463, -6975.755927522055, -9316954.079134692, 154.3216787798987, 2697.9118491560157, 3603787.5752885304, 4.27077022765235e-05, 0.0007464573053154454, 0.9969783381809325]
[-455.1877537374318, -6972.311661866966, -9307269.11902125, 176.07823652510893, 2696.5790043316397, 3600041.769562362, 4.872686879402871e-05, 0.0007460887205730038, 0.9959419240906494]
[-502.3388336000195, -7048.672996130257, -9282141.829782987, 194.31563167672505, 2726.113462895364, 3590323.494552945, 5.377250671617649e-05, 0.00075425998531886, 0.9932530316985757]
[-492.8603190763351, -7010.842065744219, -9291065.289262807, 190.64947174502962, 2711.481297840499, 3593774.7286441782, 5.275819968525449e-05, 0.0007502117758364246, 0.9942079281939702]
[-343.383898661955, -6877.699446801079, -9357599.508592239, 132.83397435613526, 2659.9862089627245, 3619507.6253959285, 3.6762748797307625e-05, 0.0007359644755860197, 1.001327813221583]
[-409.77438268435253, -6941.973740013663, -9325105.422374722, 158.5127372865696, 2684.8454888740353, 3606940.2007994894, 4.386715871526806e-05, 0.0007428423204265915, 0.9978506189264352]
[-467.45731460339175, -7089.251824139166, -9285862.689231513, 180.82384655941357, 2741.8087902068605, 3591762.5346118934, 5.003988166527345e-05, 0.0007586022431780988, 0.9936511786149919]
[-717.7708861834477, -7333.2162110719155, -9162763.73057171, 277.64090127733624, 2836.166462819332, 3544152.881470568, 7.682573083777891e-05, 0.0007847083137273573, 0.9804784306720264]
[-467.7278880937925, -6948.684030563221, -9311639.968276916, 180.9284343721024, 2687.4401940004777, 3601732.177744153, 5.006874269763763e-05, 0.0007435603482858527, 0.9964096142618356]
[-502.02869027272885, -7005.241614802116, -9294947.941496732, 194.19555029871557, 2709.3151389203695, 3595276.2783264862, 5.373929046330017e-05, 0.0007496124605718908, 0.994623352581159]
[-407.8010857614793, -6900.338234028044, -9336816.901413476, 157.7493653444145, 2668.7417391150784, 3611469.6742080306, 4.365595805484974e-05, 0.0007383869650145082, 0.9991038306927625]
[-510.53908483795874, -7059.534729811903, -9284006.691953404, 197.4870247480316, 2730.314464343862, 3591044.669579202, 5.4649963985592066e-05, 0.0007554222348711834, 0.9934525468516296]
[-515.6733198058405, -6997.25512146536, -9292945.796848437, 199.47290759360592, 2706.225966859817, 3594501.884472112, 5.51993679002928e-05, 0.0007487578287368605, 0.9944090789310894]
[-433.3944541094555, -6977.616328548468, -9319455.35256907, 167.64837069951088, 2698.6310981569595, 3604754.8146409797, 4.63947357486829e-05, 0.0007466562831256428, 0.9972459148562313]
[-309.0672161077089, -7076.418671643147, -9354819.70691165, 119.56047191678726, 2736.8470132045286, 3618432.4418687797, 3.309054523088593e-05, 0.0007572289522756656, 1.0010303099225875]
[-500.0235096560824, -6990.81732878974, -9298164.685927702, 193.41961468345232, 2703.7361439990823, 3596520.2293193643, 5.3524699206909065e-05, 0.0007480689563479118, 0.9949674895538825]
[-525.2091322392029, -7278.602957772848, -9249967.058928594, 203.16071607769882, 2815.0453421552443, 3577879.477973173, 5.6219815693993244e-05, 0.0007788642356588324, 0.9898099575694143]
[-313.21559694323696, -7063.516080372292, -9353509.823262911, 121.16471218953697, 2731.8565022688263, 3617925.7985352324, 3.353442569079813e-05, 0.0007558482491580596, 1.0008901214416905]
[-402.68744053125306, -6761.327873704601, -9361931.515172085, 155.7713818679246, 2614.9756814705897, 3621182.368342767, 4.310885749742309e-05, 0.0007235118549276676, 1.0017909934161504]
[-416.63302855143434, -6930.566817351587, -9346647.716479456, 161.16539882328422, 2680.4335347060924, 3615271.365400523, 4.460114161628149e-05, 0.0007416216604289961, 1.0001555636657389]
[-394.7273962501969, -6777.038427053586, -9370150.942841636, 152.69259351239464, 2621.052291047249, 3624361.197022747, 4.225707215704859e-05, 0.0007251930173506352, 1.002670488809658]
[-101.7920799523319, -6685.342679200951, -9480719.400551017, 39.38886208740979, 2585.5896677811515, 3667125.208559968, 1.0910050891210393e-05, 0.0007153807432077666, 1.0145027098352861]
[-85.85339688070218, -6764.208258867413, -9475428.42194739, 33.22394978681831, 2616.093309507498, 3665078.8583588363, 9.204481881046607e-06, 0.0007238199903954398, 1.013936516700741]
[-1049.13067484389, -7796.880630758957, -9009566.806796363, 405.8049259345282, 3015.4986238867145, 3484902.2589835874, 0.00011228425552093916, 0.000834323841907113, 0.9640847492950649]
[-553.0097440055189, -7060.861710305679, -9289699.257799178, 213.9135863683113, 2730.827482781209, 3593245.7436174434, 5.919474681383633e-05, 0.0007555642174931004, 0.9940613869805522]
[-555.6591940041833, -7038.792149787301, -9292647.905729985, 214.93820865976798, 2722.2914433376145, 3594386.1599814044, 5.947823630950511e-05, 0.0007532025859001507, 0.9943769199084846]
[-550.6438383283773, -7042.372661025997, -9296264.450831862, 212.99831644357434, 2723.67636103374, 3595784.8557454487, 5.894154611545295e-05, 0.0007535857294565287, 0.9947639043377255]
[-151.06005896212704, -7061.179243898315, -9428297.535645757, 58.44448107320166, 2730.954781656248, 3646850.669617321, 1.618214525476089e-05, 0.0007555980895779704, 1.0088931309784677]
[-547.4157131150778, -7019.215628326074, -9304388.755768998, 211.74957983823205, 2714.7197887177103, 3598926.9669104447, 5.859608009120356e-05, 0.0007511077311906103, 0.9956332603540342]
[-558.5598296620647, -7046.129412383914, -9299932.222260155, 216.05994543573598, 2725.129394179955, 3597203.274443702, 5.9788627293173966e-05, 0.0007539877237965927, 0.9951563213296709]
[-548.6225831562575, -7030.441946619658, -9307628.59636938, 212.21627504091856, 2719.0619342797245, 3600179.924344501, 5.8725229500926785e-05, 0.000752309028959395, 0.9959799094260918]
[-564.5056692325738, -7041.661756193227, -9302540.216536071, 218.3595191352528, 2723.401393296849, 3598211.9001724636, 6.042486733080923e-05, 0.0007535096310874498, 0.995435379265426]
[-577.0064277524618, -7051.50705291295, -9301283.402003417, 223.19467750736, 2727.209209400133, 3597725.7506411923, 6.17625719885178e-05, 0.0007545631550271941, 0.9953008525344331]
[-521.5050145854119, -7009.449846697722, -9324938.12745895, 201.72733503695724, 2710.9429216877234, 3606874.5456472975, 5.582334745371762e-05, 0.0007500626776480285, 0.9978321929013948]
[-1602.4869999492255, -8668.153728073037, -8707084.92742037, 619.8329282732836, 3352.4831471452253, 3367914.10399026, 0.00017149861479415882, 0.0009275568016902844, 0.9317160591854816]
[-577.9358046736655, -7040.239081075591, -9307824.0509053, 223.55388580394828, 2722.8510285060647, 3600255.3385472796, 6.186200152976302e-05, 0.0007533573743866576, 0.9960007260796976]
[-557.6649297680478, -7038.086941507759, -9318731.079379262, 215.71332382864733, 2722.0188621221214, 3604473.737754503, 5.969281715746491e-05, 0.0007531270658979616, 0.9971678840109758]
[87.42473094438213, -7027.862496096038, -9539972.22162982, -33.79900487200838, 2718.071732196587, 3690042.1057608253, -9.338155536799299e-06, 0.000752032864592399, 1.020843498155295]
[-592.2507938104532, -7058.471432631012, -9312551.375654954, 229.09060729558152, 2729.90286763415, 3602083.5924729905, 6.339382837886285e-05, 0.0007553083543749373, 0.9965065490473567]
[-459.7860436428037, -6876.814654160508, -9372072.572544185, 177.85471986793115, 2659.643078404088, 3625104.2255082256, 4.921874021318177e-05, 0.0007358696198405883, 1.0028760225620046]
[-1452.8709320688163, -8470.6284628307, -8797951.863972893, 561.962958770012, 3276.086215945935, 3403058.0861023283, 0.00015548805935998564, 0.0009064199212709765, 0.9414398750391647]
[-576.986090582476, -7043.489640515457, -9323409.41670303, 223.1860834478188, 2724.108544759412, 3606282.992034727, 6.17603407672802e-05, 0.0007537051802231092, 0.9976684355360378]
[-582.3879025434447, -7022.661287642007, -9324255.0429065, 225.2753379175878, 2716.052324033158, 3606610.049269333, 6.233836474538576e-05, 0.0007514763594112192, 0.9977589274470403]
[-598.7422033334636, -6983.487745583367, -9328124.722781736, 231.60103142097466, 2700.9005137381223, 3608106.5980318314, 6.408843142734674e-05, 0.0007472844749417951, 0.9981729726143022]
[-613.060840989468, -7069.6945653529565, -9313414.12020714, 237.13906823572196, 2734.243599734844, 3602417.114320139, 6.562066676385706e-05, 0.0007565092946037106, 0.9965987869260955]
[-583.2331380577175, -6975.141687828625, -9335538.428935254, 225.6020346833259, 2697.672775195866, 3610973.9102892526, 6.242878257448414e-05, 0.000746391382564558, 0.9989663053074275]
[-579.6835346341475, -6994.982086973033, -9340099.940875947, 224.2291502988417, 2705.3466784365737, 3612738.076198106, 6.20489475838932e-05, 0.0007485144617882152, 0.9994544076339875]
[-1980.094137085011, -9098.012263337274, -8544656.696391923, 765.8840668383895, 3518.7393429237077, 3305093.4618085725, 0.00021190589827141734, 0.0009735547827896182, 0.9143346912814004]
[-594.6848795142666, -6952.248887616015, -9342189.404418143, 230.03126570916268, 2688.818120137566, 3613546.1548897056, 6.36542004179818e-05, 0.0007439416375260313, 0.9996779776158038]
[-618.5311226705771, -6977.359162235035, -9334205.373083867, 239.25465918864654, 2698.530045443194, 3610458.167877895, 6.620598960955733e-05, 0.0007466286380638438, 0.998823561806094]
[-610.7888745114531, -7015.351099593262, -9334507.035940336, 236.26003231938373, 2713.2247356864714, 3610574.7711884994, 6.537751762862559e-05, 0.0007506940886987352, 0.9988558054002515]
[-610.2569747767428, -7027.63769943476, -9331124.732439833, 236.05406848555984, 2717.97698066606, 3609266.630642397, 6.53205872550183e-05, 0.000752008847479459, 0.9984938650929385]
[-599.2785202901989, -6995.522324489253, -9342351.300723342, 231.80776413011006, 2705.555521622049, 3613608.6018727976, 6.414577136035848e-05, 0.0007485722322138538, 0.9996952096780882]
[-595.8543733884521, -7007.030385838573, -9340742.043026784, 230.48324245994465, 2710.006617338892, 3612986.191100452, 6.377935634952815e-05, 0.0007498036665046323, 0.9995229953803677]
[-582.2765107048987, -6979.619509774495, -9350902.067073178, 225.23144579542813, 2699.404788529265, 3616915.6859585214, 6.23263709251522e-05, 0.0007468704770265136, 1.0006102203649974]
[-609.6038948219743, -7002.786212520403, -9343610.422796689, 235.801301034454, 2708.3650396941334, 3614095.4891720167, 6.525066799587605e-05, 0.0007493495028710174, 0.9998298982353573]
[-609.7845420902562, -7015.036715910652, -9343244.300340658, 235.8711543655553, 2713.103250222976, 3613953.8275256003, 6.527000897445455e-05, 0.0007506604097834607, 0.999790686443753]
[-598.4177815506225, -7007.129534318138, -9347713.61246666, 231.4746019160813, 2710.0450006579454, 3615682.3487625876, 6.405365920303706e-05, 0.0007498142705018545, 1.0002689304730976]
[-617.5412859609761, -7023.9866812209275, -9341894.615692597, 238.87129771812477, 2716.564845099629, 3613431.7462187763, 6.61000563038823e-05, 0.0007516181158354534, 0.9996462143611043]
[-620.5663042121915, -7026.770648970053, -9341746.917269895, 240.04133688806726, 2717.6415075201485, 3613374.6035714317, 6.642375686055455e-05, 0.000751916008409689, 0.9996303988273243]
[-622.9723338803122, -7037.903271648077, -9341226.12936836, 240.97187526354264, 2721.947465833502, 3613173.1288602655, 6.668123188124417e-05, 0.000753107294187531, 0.9995746392465147]
[-634.095647569379, -7057.214519616641, -9337536.054256167, 245.27419894823976, 2729.4165893552445, 3611745.91023583, 6.787153690401428e-05, 0.0007551737455160838, 0.9991797399532149]
[-624.3331657942415, -7008.619137502895, -9347407.968128126, 241.4981588739381, 2710.6209499804677, 3615563.980795273, 6.682682916118958e-05, 0.0007499736447253999, 1.0002361371633337]
[-622.2574749040938, -7018.6816482576705, -9347411.236946816, 240.69520247548564, 2714.5129531937505, 3615565.227168006, 6.66047094870641e-05, 0.0007510504026833766, 1.0002364771252685]
[-641.9638630705641, -7023.326085119778, -9341535.520118507, 248.3173659287418, 2716.3090675204844, 3613292.6543303365, 6.871349445228358e-05, 0.0007515473903281965, 0.9996076731184164]
[-574.7183019625826, -6952.942174089001, -9371380.807739781, 222.30753435414374, 2689.0868451720908, 3624835.7014592206, 6.15175317481553e-05, 0.0007440157643548643, 1.0028014593739492]
[-630.4068631483283, -7044.27850791185, -9346948.376798969, 243.8471529071114, 2724.4132633510594, 3615386.0948982337, 6.747677996207723e-05, 0.0007537894681279786, 1.0001868824443656]
[-623.9075004735648, -7043.960052667452, -9352908.767018458, 241.33323046658097, 2724.290286954932, 3617691.319494835, 6.678127849175213e-05, 0.0007537553853674678, 1.0008246942397627]
[-628.4821027249365, -7043.57758432181, -9351182.41913151, 243.102551698047, 2724.142225333218, 3617023.6132564503, 6.727080409749624e-05, 0.0007537144544100336, 1.0006399448200418]
[-588.8078348020481, -6971.154333176525, -9371140.96321107, 227.75684763328923, 2696.130879043261, 3624742.8355450863, 6.302523645962562e-05, 0.0007459645907105107, 1.0027757366252787]
[-632.3089791154947, -7022.531459732905, -9356667.380657928, 244.58257650463915, 2716.0020408044625, 3619144.9437567447, 6.768029239024392e-05, 0.0007514623440297053, 1.001226871540408]
[-631.7744191008966, -7010.292758758842, -9357911.438540692, 244.37565224057474, 2711.268405753623, 3619626.1080791485, 6.762307015582004e-05, 0.0007501527011472301, 1.001360004881443]
[-646.5634974295166, -7027.749918271472, -9354125.277978275, 250.0958487472555, 2718.0202982878504, 3618161.7158707418, 6.920565319138263e-05, 0.0007520207518202799, 1.000954817129132]
[-535.5603387335558, -6896.900455949903, -9410311.376940114, 207.16134555741837, 2667.4116697517647, 3639892.304581364, 5.732723459044003e-05, 0.0007380188294658955, 1.0069673132241175]
[-662.7890140174101, -7050.321765071496, -9353058.1590576, 256.3715675853899, 2726.750482639456, 3617748.9604418315, 7.094193537362793e-05, 0.0007544361002950268, 1.0008406047887783]
[-618.4548003353178, -6999.524598122055, -9376321.153737202, 239.2236130014508, 2707.103723593038, 3626746.1882825866, 6.619772958332603e-05, 0.0007490004000825548, 1.0033299923362815]
[-654.8374612856187, -7010.8480057618535, -9364747.009259587, 253.2959146631134, 2711.4827496073904, 3622269.7342622904, 7.00910219534432e-05, 0.0007502120683136416, 1.002091423840639]
[-646.3788066054329, -6997.741647554171, -9372304.669451853, 250.02411118482405, 2706.413785448045, 3625192.7342562727, 6.918585768187827e-05, 0.0007488095826510039, 1.0029001676775737]
[-658.2883807994176, -7041.745959824328, -9366946.556726098, 254.63054827863988, 2723.433667196151, 3623120.3914417587, 7.046030783980912e-05, 0.0007535184026896221, 1.00232677522483]
[-627.4537404003702, -7037.43640725474, -9374557.149728397, 242.7038760451661, 2721.7672383032486, 3626063.8958733473, 6.716070534678593e-05, 0.0007530572496756832, 1.0031412010780616]
[-646.195786514597, -7032.765666398347, -9378434.782984216, 249.95321793051167, 2719.9604212780873, 3627563.5575653105, 6.916628693938865e-05, 0.0007525574250065441, 1.0035561176243382]
[-637.937933655605, -7006.345524327957, -9387075.208699118, 246.75909464479227, 2709.741783208489, 3630905.3608808694, 6.828259260509204e-05, 0.0007497302535447534, 1.0044807461690197]
[-658.9850854058047, -7019.687355341488, -9377690.764999535, 254.89968171885448, 2714.9018218445517, 3627275.8467342257, 7.053482851410911e-05, 0.0007511579205666287, 1.0034765254263645]
[-685.0452461162812, -7042.216658745368, -9372468.158876358, 264.97939905488585, 2723.615477509947, 3625255.886530643, 7.332353119460115e-05, 0.0007535687318443579, 1.002917619256073]
[-647.2276388763928, -7018.093704192247, -9388032.956134485, 250.351935157924, 2714.285706797734, 3631275.7782257795, 6.927667103042321e-05, 0.0007509873925885812, 1.0045832340139234]
[-670.6735274461779, -7040.169319752039, -9383394.43164738, 259.42049993840766, 2722.823863508619, 3629481.7568391664, 7.178560869469787e-05, 0.0007533496470471474, 1.0040868520180177]
[-672.155431170519, -7025.045441722178, -9387278.881728703, 259.9935614313365, 2716.974288502642, 3630984.1333252164, 7.194416785750412e-05, 0.0007517312628198376, 1.0045025411173991]
[-621.8931369108942, -6995.514541326472, -9409455.281953763, 240.55270578218853, 2705.5528770205146, 3639561.1332215792, 6.656561020336635e-05, 0.0007485712276420161, 1.0068756651712283]
[-680.3677248088521, -7043.5006175498365, -9388704.403426446, 263.1698742923346, 2724.112306940309, 3631535.44007326, 7.282297334175956e-05, 0.0007537061124547251, 1.0046550705858759]
[-679.863210030769, -7019.058714816546, -9390346.604052797, 262.9745604558548, 2714.6586379321648, 3632170.640681155, 7.276895653708655e-05, 0.0007510906251572143, 1.004830836963896]
[-669.8030706951538, -7014.315827764704, -9402781.253935449, 259.0835267823364, 2712.8243322640187, 3636979.863668438, 7.169243045876227e-05, 0.0007505830836778376, 1.0061614659650824]
[-684.6243138823139, -7035.15330348603, -9398162.364052214, 264.81613171095455, 2720.8836603921127, 3635193.4662098247, 7.327844599555331e-05, 0.0007528128509495121, 1.0056672015961694]
[-694.8369328680695, -7029.162087942671, -9395315.266095985, 268.7660619102702, 2718.5662527757418, 3634092.343710253, 7.437128075445629e-05, 0.0007521717419637398, 1.0053625456376964]
[-687.3474578313106, -7025.276313807642, -9403112.401518624, 265.8692368823626, 2717.063449998669, 3637107.9808765454, 7.356983321863852e-05, 0.0007517559284357612, 1.0061969254418779]
[-691.1444203632576, -7037.484536713215, -9405776.208726577, 267.33790529860886, 2721.7853689979074, 3638138.211839972, 7.397616168423921e-05, 0.0007530623043130705, 1.0064819663782685]
[-693.516433579373, -7047.979566152281, -9403356.791981565, 268.25517921312934, 2725.8445541903466, 3637202.536385376, 7.422997180922525e-05, 0.0007541853523372476, 1.0062230969164156]
[-648.8040799223473, -6985.274512132129, -9425844.490776254, 250.96092191522987, 2701.5920723323256, 3645899.9599916786, 6.944529598115688e-05, 0.0007474754132735687, 1.0086295472230526]
[-681.066826617291, -7020.998451026842, -9413367.608474739, 263.4396418562827, 2715.4090037853402, 3641074.409182763, 7.28977202713947e-05, 0.0007512981453195616, 1.0072944022309642]
[-693.5330234813194, -7050.054569361624, -9413046.336493192, 268.2615103419749, 2726.6472110868717, 3640950.1110567944, 7.423174734018468e-05, 0.0007544073860940418, 1.0072599993178672]
[-720.3417938307612, -7042.691236703189, -9406269.539922178, 278.63065589076615, 2723.7989380570757, 3638329.133640046, 7.710052979665508e-05, 0.0007536194416402676, 1.0065348242638212]
[-741.9306981998393, -7086.7716232895245, -9398690.17554655, 286.98094089149697, 2740.8481581109754, 3635397.709019063, 7.941076741644943e-05, 0.0007583364006364337, 1.0057237411867956]
[-715.5984329678357, -7029.39329150339, -9414583.580609988, 276.7958959130387, 2718.655643023431, 3641544.7391281836, 7.659293054539966e-05, 0.0007521964471176145, 1.007424545560311]
[-729.4375852681244, -7074.804844805907, -9409873.984992381, 282.1487598159701, 2736.2197314062882, 3639723.229377442, 7.807387835053633e-05, 0.0007570558428090291, 1.0069205577606357]
[-707.8472401774345, -7054.191469320057, -9419161.90176059, 273.79777402396405, 2728.247166624846, 3643315.515046954, 7.576348282602234e-05, 0.0007548500439738359, 1.0079145065363733]
[-715.9476031092369, -7042.379208325322, -9415378.227531029, 276.930660331948, 2723.6783967992565, 3641852.1844144063, 7.663028538694631e-05, 0.0007535860390114108, 1.007509639838277]
[-713.1921025090116, -7058.502465307915, -9421167.961464679, 275.8650056666237, 2729.914545558977, 3644091.4246482216, 7.63354339092493e-05, 0.0007553113519096854, 1.0081291999941944]
[-706.8107095322526, -7016.6148070689005, -9430231.38973979, 273.39667331325177, 2713.713396717054, 3647596.868659289, 7.56525352424667e-05, 0.0007508290271547129, 1.0090991161151734]
[-672.4864766391743, -6982.293508466408, -9431038.072149083, 260.120001185973, 2700.4389297798025, 3647909.0002585584, 7.197948278820755e-05, 0.0007471563820544525, 1.0091855156204286]
[-683.5797289723444, -6980.400454453242, -9446739.47656557, 264.41123332782706, 2699.706588816478, 3653981.6287818938, 7.31665796137979e-05, 0.0007469537986461905, 1.010865695133168]
[-720.9787666123076, -7056.773829642281, -9428880.020579202, 278.8766869843555, 2729.2459158773368, 3647074.2509167134, 7.71686734406967e-05, 0.0007551263656625145, 1.0089545270746174]
[-712.509876657924, -7044.908064147783, -9434096.674024004, 275.60093996582015, 2724.6566059184506, 3649091.911362763, 7.62624065017483e-05, 0.0007538566240057888, 1.0095127976251197]
[-711.3711846691718, -7014.610708150752, -9440139.18531435, 275.16054353723047, 2712.938123756959, 3651428.9472329337, 7.614054289728975e-05, 0.0007506145663736081, 1.0101594247623507]
[-715.1643403487071, -7038.539208245311, -9438999.142460443, 276.6276603663391, 2722.193239850882, 3650988.048876814, 7.654645289083469e-05, 0.0007531751044374825, 1.010037442472981]
[-725.0283216117766, -7041.30040911712, -9434995.837954663, 280.4428107929307, 2723.2611012213424, 3649439.7807579893, 7.760198281453287e-05, 0.0007534705650149064, 1.009609076865079]
[-662.857601109772, -6912.98303080668, -9467194.180259539, 256.3959224102401, 2673.6311932321814, 3661892.9537457447, 7.094906683949341e-05, 0.0007397395794970031, 1.0130546953298052]
[-667.0948931344226, -6967.712590677407, -9463501.107367784, 258.0349474680712, 2694.7994636963613, 3660464.6000472503, 7.140253068458476e-05, 0.0007455960867610445, 1.0126594886386489]
[-719.5544874494669, -7029.769139089048, -9439555.855935184, 278.3255812843995, 2718.8010445820814, 3651203.496567037, 7.701623105293085e-05, 0.0007522366282227315, 1.010097089577224]
[-707.4197037691157, -7035.984091490146, -9441074.869393043, 273.6319058588015, 2721.205052895351, 3651791.033379757, 7.571769670413929e-05, 0.0007529016836106782, 1.0102596627510554]
[-731.9370680899954, -7088.2064257593665, -9432697.850714788, 283.1150187870784, 2741.4033997878114, 3648551.091548769, 7.83413228096299e-05, 0.0007584898949143387, 1.0093632137546338]
[-680.7601473463986, -6975.09998195801, -9458406.065022707, 263.32037492972944, 2697.656548269822, 3658494.1565342788, 7.2864840351121e-05, 0.0007463865907241548, 1.0121143321427932]
[-717.190050516299, -7033.562897985893, -9442300.974708853, 277.41094827040064, 2720.268509511097, 3652265.323163608, 7.676320867063667e-05, 0.0007526425941436145, 1.0103909128372632]
[-734.8966076514278, -7065.7419588567745, -9437329.349515095, 284.2597465274871, 2732.714530986851, 3650342.4593296098, 7.865800755739563e-05, 0.0007560860070603749, 1.0098588789479503]
[-720.1821308432611, -7025.445901548392, -9443096.837045174, 278.5682702169865, 2717.128940904928, 3652573.167244685, 7.708339345527981e-05, 0.0007517740107121431, 1.0104760979637764]
[-726.3720465948902, -7063.9598687192, -9438831.044712735, 280.9625142955274, 2732.0253178337443, 3650923.3088072496, 7.774580024844995e-05, 0.0007558953182526774, 1.0100196047698657]
[-653.002950451326, -6968.801657480954, -9466430.186952427, 252.58413283173746, 2695.2207846118245, 3661597.7561348015, 6.989454131928128e-05, 0.0007457126232431709, 1.0129730969882833]
[-714.8997419558168, -7033.424850932323, -9448403.638820102, 276.5252041680229, 2720.2151519787185, 3654625.710616067, 7.651812556676894e-05, 0.0007526278159790085, 1.0110440247136592]
[-709.0977431581485, -6982.758634284185, -9451986.962444829, 274.2809956296729, 2700.6184781171323, 3656011.654261183, 7.589723489681905e-05, 0.0007472061269130887, 1.0114275072705243]
[-712.8301001522515, -7027.626409575727, -9448685.252012797, 275.72473987234906, 2717.972422291228, 3654734.633983383, 7.629667239389384e-05, 0.0007520073548964932, 1.01107416376132]
[-703.8142124096762, -6966.161066788881, -9455458.108723521, 272.2374932704442, 2694.1987723178213, 3657354.2154124784, 7.533183951252265e-05, 0.0007454300505960983, 1.0117989875141862]
[-721.33755172331, -7049.534473586302, -9442406.681603424, 279.01534911079983, 2726.4458356469518, 3652306.395348378, 7.720705182998557e-05, 0.0007543516839255452, 1.010402328485031]
[-722.4956207476985, -7046.574900533607, -9441448.986641169, 279.4632723491862, 2725.3011425512022, 3651936.031229887, 7.733097183008627e-05, 0.0007540349839793918, 1.0102998643721388]
[-714.4983408861743, -7039.514769237453, -9444689.23051369, 276.370063620016, 2722.5705410300575, 3653189.2410983536, 7.647518976618562e-05, 0.0007532795023297213, 1.0106466096666182]
[-706.7965836443436, -7014.796168697107, -9444619.48756464, 273.3910173153767, 2713.0098884664762, 3653162.35024379, 7.565100327468416e-05, 0.0007506344045994408, 1.0106391921045106]
[-723.3888820967279, -7001.911613404452, -9440445.682761267, 279.8087504416678, 2708.0261040317096, 3651548.1042963415, 7.742653144461341e-05, 0.0007492556439858852, 1.010192561954642]
[-716.369832725869, -7037.701830222749, -9437593.881213048, 277.0938913047123, 2721.8692312447447, 3650445.147797508, 7.667544561423398e-05, 0.000753085500654356, 1.0098873945025648]
[-741.4536912201468, -7081.681035230371, -9419001.120733678, 286.79574116603266, 2738.8792503333493, 3643254.29791742, 7.935963071544862e-05, 0.0007577916134607483, 1.0078978331042037]
[-765.1266665507403, -7084.2752919628165, -9413852.462431956, 295.95240548052686, 2739.882389872919, 3641262.857279333, 8.189292897921276e-05, 0.0007580692402882494, 1.0073467957981337]
[-714.974119478755, -7006.776260907666, -9439768.45547384, 276.5541692033264, 2709.9078114428644, 3651286.2517947233, 7.652607759381118e-05, 0.0007497762232521622, 1.0101201315213242]
[-702.5256209083432, -7019.398745238503, -9441126.050451236, 271.7393772642047, 2714.790033771761, 3651811.3075245195, 7.519399492631845e-05, 0.0007511269355060222, 1.0102654033393146]
[-674.4776578762504, -7007.6390169583065, -9446108.998877924, 260.89066659660705, 2710.241999632506, 3653738.5825152528, 7.219258222059693e-05, 0.000749868559404024, 1.0107986664111681]
[-619.4076078213336, -6930.440481494262, -9474058.875825953, 239.59051394935992, 2680.3836779047115, 3664548.5362609094, 6.629953835523994e-05, 0.0007416077077887095, 1.0137896116290046]
[-693.897029835574, -6995.955966072209, -9440094.498663057, 268.4019975926581, 2705.722898877084, 3651412.424435349, 7.427064014351853e-05, 0.0007486183769342734, 1.0101550610658478]
[-673.4048386312597, -7021.0015217830205, -9442776.932887848, 260.4759811376263, 2715.4102564213126, 3652449.897519127, 7.20777966010728e-05, 0.0007512984645411011, 1.0104421161462027]
[-696.5379758214339, -7024.858859153126, -9434388.751021503, 269.4236746274571, 2716.9019112072074, 3649205.634651697, 7.455328318859497e-05, 0.0007517112338931509, 1.0095444706190588]
[-648.2187125616058, -6925.20370479478, -9454422.786751797, 250.7343999454263, 2678.357620645524, 3656954.108946493, 6.938261915768043e-05, 0.0007410473234592207, 1.011688370953308]
[-649.3743494600075, -6957.686954377502, -9451379.035701143, 251.18148707280585, 2690.9217040748413, 3655776.86388397, 6.95063096861007e-05, 0.000744523319095691, 1.0113626354084357]
[-692.3388573240173, -7027.20122499205, -9429476.000552535, 267.7996875839298, 2717.807885046966, 3647305.6100301924, 7.410394924496348e-05, 0.0007519618934118214, 1.0090187747683135]
[-626.7973014623807, -6952.625789467462, -9451116.196939733, 242.44901119849789, 2688.9642903796, 3655675.2656277707, 6.709035021612418e-05, 0.0007439817429864351, 1.0113345405701581]
[-691.2893122720045, -7027.902124379999, -9423866.347292323, 267.39378212217406, 2718.0789580887867, 3645136.042478237, 7.399163848003623e-05, 0.0007520369072890396, 1.0084184985986153]
[-645.553497472524, -6991.680260241931, -9436955.75892277, 249.70376880775788, 2704.069600723374, 3650198.548298963, 6.909746493829059e-05, 0.000748160898016582, 1.009819219521515]
[-649.4767135906095, -6977.606839362535, -9438393.497679744, 251.22143787167872, 2698.626177511281, 3650754.598497602, 6.951729354493445e-05, 0.000746654922557611, 1.0099730664476885]
[-681.7221895916208, -7010.9368684768315, -9422166.972477436, 263.6936075030706, 2711.517150247594, 3644478.813861449, 7.296787059528297e-05, 0.0007502215003555924, 1.0082366606036095]
[-687.6171811422768, -7041.0417627498555, -9415515.984438153, 265.97376133777954, 2723.161199628877, 3641906.430637546, 7.359872183562213e-05, 0.0007534429748846781, 1.0075249133621187]
[-665.2503945915117, -7031.050785565048, -9417272.888786415, 257.3225345546035, 2719.297046028076, 3642585.999518864, 7.120524332832887e-05, 0.0007523738683484643, 1.0077129571747805]
[-685.7229738349482, -7017.476570734391, -9408692.927438654, 265.24107348920245, 2714.0465334182495, 3639267.6185809053, 7.339599251671179e-05, 0.0007509213202053671, 1.0067948193672007]
[-671.609317852037, -6990.834015294905, -9415653.102896366, 259.78227169177353, 2703.7419058445753, 3641959.521634354, 7.188570431013579e-05, 0.0007480703634004313, 1.0075396188816879]
[-683.8500291029845, -7040.839038763269, -9403836.24686561, 264.5169576842644, 2723.0826575078445, 3637389.172095406, 7.319562036519683e-05, 0.000753421306900475, 1.0062750644330793]
[-682.0306381848961, -6991.5283505169655, -9405079.548999585, 263.8132114260584, 2704.010258422337, 3637870.074690571, 7.300089443813636e-05, 0.0007481446768961101, 1.0064081337169337]
[-650.8925415746669, -6960.529119732927, -9417305.451677686, 251.76960512904242, 2692.0206636313555, 3642598.544979789, 6.966883827160313e-05, 0.0007448275244994318, 1.0077164150094367]
[-657.9725669915387, -7011.685197531323, -9405186.381377434, 254.5080334163376, 2711.8067617924607, 3637911.40013417, 7.042646960444513e-05, 0.000750301632355604, 1.0064195696604636]
[-642.5259635751819, -7006.642387958615, -9409441.54449319, 248.53361664365002, 2709.856494925527, 3639557.130034305, 6.877353964719024e-05, 0.0007497620176343729, 1.0068749157512216]
[-659.8460017656508, -7072.100440410379, -9393629.703107122, 255.23288055687118, 2735.174191162587, 3633441.6467550453, 7.062700677397241e-05, 0.0007567665678641885, 1.005182840190122]
[-645.8074151387651, -6999.661334477897, -9401620.395379718, 249.80297488316242, 2707.1562468722123, 3636532.202512654, 6.912469810587199e-05, 0.0007490149987387527, 1.0060379646936821]
[-628.6431253233272, -6992.711962394557, -9407411.089297203, 243.16413001395554, 2704.4686147855623, 3638771.853785228, 6.72879390398822e-05, 0.0007482713600788709, 1.0066576494480262]
[-656.5312934467394, -7015.639586073992, -9386935.641120907, 253.95091114507713, 2713.336101975999, 3630852.7033886844, 7.027226817832579e-05, 0.0007507248150752939, 1.0044665381498439]
[-668.6037280311051, -7059.09300874471, -9381038.797154838, 258.62060227217233, 2730.142986524495, 3628571.9427093454, 7.156418429694008e-05, 0.0007553746854978081, 1.0038354641382026]
[-644.9809324622985, -6986.114004399533, -9387517.708144125, 249.48351929171568, 2701.9162949813035, 3631077.8387558237, 6.903626262814493e-05, 0.0007475653466431344, 1.0045288333846083]
[-652.8436919183018, -7023.812309014023, -9381876.141974991, 252.5249474330563, 2716.4971723780886, 3628895.8312728186, 6.987768976903527e-05, 0.0007515993789095703, 1.0039250886941493]
[-646.8607106564788, -7005.165837880139, -9381058.108108103, 250.21082833919115, 2709.2851557985655, 3628579.4568726025, 6.923744710943985e-05, 0.0007496040638202701, 1.0038375556091073]
[-652.3225108926054, -7010.477493824076, -9375017.386067856, 252.32344066186133, 2711.3395130920367, 3626243.1231832737, 6.982192098386053e-05, 0.0007501724626820049, 1.0031911255343822]
[-622.4537135453422, -6975.515711590373, -9381907.697619675, 240.77049591719913, 2697.8173149929376, 3628908.097556935, 6.662564313610985e-05, 0.0007464312756489663, 1.0039284994701847]
[-596.1918813369106, -6965.8168002748625, -9392046.875239274, 230.61300874121423, 2694.066239578263, 3632829.482184589, 6.381540261081379e-05, 0.0007453934240311299, 1.0050134674587257]
[-613.3573450823653, -6952.418252037723, -9387066.881261997, 237.25246814969728, 2688.883770239864, 3630903.407093246, 6.565226076131487e-05, 0.0007439596728115496, 1.0044805520297015]
[-626.086193099403, -7007.198402590901, -9372489.047022993, 242.175858000393, 2710.071438030335, 3625265.2621398843, 6.701439146686162e-05, 0.0007498215886209238, 1.0029205679641036]
[-714.776160127886, -7092.126764574101, -9328863.050686719, 276.4799522554632, 2742.918953691979, 3608392.3511560773, 7.650510047024062e-05, 0.0007589096044425274, 0.9982520895930675]
[-634.494928733661, -7021.3338295212725, -9360498.905639116, 245.42833708078652, 2715.538676892102, 3620627.8832386923, 6.791423347262975e-05, 0.000751334216484099, 1.0016374650364182]
[-615.5357610433362, -7001.932182277816, -9370135.700801555, 238.095359231877, 2708.034702433347, 3624355.007685146, 6.58854193066678e-05, 0.0007492580862244211, 1.002668695843028]
[-619.4598526297438, -6947.111815061115, -9378859.773797845, 239.6134825731383, 2686.831154425725, 3627729.095317915, 6.630532941651975e-05, 0.0007433918643407965, 1.0036022385553143]
[-616.5774066686048, -6989.149263439796, -9362308.773824263, 238.49830436533915, 2703.090387466487, 3621327.879792323, 6.599687622551749e-05, 0.000747890212583138, 1.0018311453530415]
[-623.7884049076824, -7010.869889521867, -9352409.474050077, 241.28735078438055, 2711.4914384168383, 3617499.211363157, 6.676852693730032e-05, 0.0007502145037531028, 1.0007718142264102]
[-605.8444794760094, -6985.987307674652, -9359938.909615494, 234.34703776575194, 2701.8674882587206, 3620411.299029495, 6.484835425530631e-05, 0.0007475518697770682, 1.001577539856292]
[-608.2626684063157, -6987.792843758989, -9360304.508850202, 235.28249978758404, 2702.5657987154154, 3620552.666003148, 6.510713109250027e-05, 0.000747745079329257, 1.001616644874529]
[-619.1178839063075, -7010.1226349641665, -9348287.040697243, 239.4811481447986, 2711.20240879131, 3615904.7554915287, 6.626876388961389e-05, 0.0007501345534825539, 1.000330638227775]
[-612.5564434141922, -7000.968271702823, -9346341.652193535, 236.94323088915743, 2707.661745027056, 3615152.369811958, 6.556662206252962e-05, 0.0007491549661307757, 1.000122469495177]
[-607.389750514255, -7026.067101067384, -9345815.968990453, 234.94499917579876, 2717.3695563368933, 3614949.0095487568, 6.501376427913009e-05, 0.000751840750863136, 1.0000661903349586]
[-593.5137099198142, -6992.25111619598, -9352612.023780895, 229.57801289583924, 2704.2902761470077, 3617577.4831111976, 6.352887114217036e-05, 0.0007482221725388557, 1.000793452524956]
[-611.8993993357359, -7032.7284017363545, -9336873.613323014, 236.6893267345248, 2719.945839812889, 3611490.465082843, 6.549633329156431e-05, 0.0007525535701070176, 0.9991092706139576]
[-613.4356283151412, -7033.619957908036, -9331512.352619248, 237.28352926760172, 2720.290624451887, 3609416.938425434, 6.566073004766425e-05, 0.0007526489795243369, 0.9985355598189167]
[-584.6475737719273, -6979.89295132742, -9350174.41666447, 226.1488836145056, 2699.510462309751, 3616634.679491724, 6.258012452492638e-05, 0.0007468997643632049, 1.0005325854304783]
[-550.7708566884241, -6974.012136036174, -9362453.67053545, 213.04592163326788, 2697.2362677822157, 3621383.8337259837, 5.8954990143609015e-05, 0.0007462704720076415, 1.0018466032442164]
[-584.1404033131065, -7000.950720045213, -9344068.840407051, 225.95280155273534, 2707.6551818524604, 3614273.2732025166, 6.252586630189971e-05, 0.0007491531193574412, 0.9998792210454935]
[-591.4954644772412, -6994.91009084985, -9335529.542984374, 228.79757246188407, 2705.3186653162097, 3610970.628575888, 6.331292088556306e-05, 0.000748506729467499, 0.9989654397026823]
[-593.7191919592434, -7004.853990979135, -9334416.536952723, 229.65779983779407, 2709.164719839305, 3610540.1427099244, 6.355089068091986e-05, 0.0007495708086094125, 0.9988463262650549]
[-534.1438124097855, -6916.386200330312, -9358576.52114411, 206.61484670532263, 2674.947702163707, 3619884.2974614324, 5.717574327853841e-05, 0.0007401040628086046, 1.0014317045265175]
[-576.194059994488, -6975.716367780764, -9339527.35518778, 222.87939032319403, 2697.8949882165352, 3612516.8305607317, 6.16755245252462e-05, 0.0007464528504998113, 0.9993932495255423]
[-587.9751732503713, -7007.750601743931, -9327889.03788216, 227.43614660114469, 2710.285096070766, 3608015.5622673267, 6.293623855993813e-05, 0.0007498807804207358, 0.9981478167703028]
[-601.5838716501761, -7030.602945645364, -9319798.737928843, 232.6998869569313, 2719.1237416087474, 3604886.555013504, 6.439250503661474e-05, 0.0007523261674054543, 0.9972820732954666]
[-586.4084041589417, -7020.2395018562, -9325297.933209226, 226.830293049752, 2715.115523576578, 3607013.437725593, 6.276858748529559e-05, 0.0007512171936938097, 0.9978705491149232]
[-562.2146893901265, -6982.013277501271, -9339985.724852849, 217.4725991951001, 2700.3307820310692, 3612694.0740423673, 6.017963128178639e-05, 0.0007471267030284422, 0.9994422800336012]
[-577.4438508520692, -6982.660122744933, -9332357.854007881, 223.3630254932782, 2700.580759583843, 3609743.924498496, 6.180929270795974e-05, 0.0007471959206049024, 0.9986260257820139]
[-578.9270999870973, -7009.338548626428, -9326003.823399615, 223.93677753040194, 2710.899366947729, 3607286.4369372367, 6.196803376885943e-05, 0.0007500507223726004, 0.997946080344755]
[-585.4712104911849, -6982.394065614595, -9325700.41946672, 226.46793852620644, 2700.4777073257856, 3607169.1132022156, 6.266829717619705e-05, 0.0007471674495224453, 0.9979136245569438]
[-589.7618677670628, -7017.825853860674, -9322088.871186944, 228.12770428693926, 2714.181941400182, 3605772.249234468, 6.312747647894582e-05, 0.0007509589435806882, 0.9975271193977172]
[-590.6046758273523, -7034.679150424796, -9315808.639364067, 228.45360392420142, 2720.700458332117, 3603343.3295671493, 6.321766347686584e-05, 0.0007527623821580655, 0.9968550851735365]
[-589.7702451706164, -7045.894877479343, -9313450.40981086, 228.13089419936622, 2725.0384519341465, 3602431.2678372865, 6.312837718817495e-05, 0.0007539625528315404, 0.9966027352697014]
[-575.6131660082, -7026.001692145296, -9317949.54114746, 222.65510501617234, 2717.344346102187, 3604171.386599042, 6.161342356630053e-05, 0.0007518338241249152, 0.9970842058130178]
[-531.1697631017726, -6969.779456912437, -9337490.443327466, 205.46503553235107, 2695.5991859817523, 3611729.0550293373, 5.685754422491594e-05, 0.0007458176110784429, 0.9991752911387378]
[-583.2124031630004, -7030.376759308365, -9316031.482005935, 225.59464087266278, 2719.036375821568, 3603429.4790627784, 6.242664646469309e-05, 0.0007523020074764546, 0.9968789111113214]
[-574.3935838972844, -7017.305040587565, -9316194.856663994, 222.18347240101573, 2713.980631029414, 3603492.7366484557, 6.148292065847119e-05, 0.00075090322208859, 0.9968964327624042]
[-575.6926422275338, -7027.991486226997, -9316707.916891433, 222.68604696382963, 2718.11396926601, 3603691.1420812607, 6.162194177247919e-05, 0.0007520467647320909, 0.9969513211075747]
[-557.4544074251233, -6999.55094550713, -9323959.031490209, 215.63177803800195, 2707.1138589591023, 3606495.618128207, 5.967026391992929e-05, 0.0007490033993911904, 0.9977272811411179]
[-496.3681432809466, -7014.499655377631, -9341073.033355359, 192.0044812066951, 2712.896584397155, 3613114.601313969, 5.3133495174893406e-05, 0.0007506030602443159, 0.9995586326795978]
[-573.6770852827441, -7010.680100947815, -9312343.558457514, 221.90642670049644, 2711.418197522419, 3602003.2153064585, 6.140624876265325e-05, 0.0007501943037344977, 0.9964843095737763]
[-576.2363241296065, -7024.56350640242, -9310657.36457832, 222.8963652152591, 2716.78800229247, 3601351.040359961, 6.168011953491161e-05, 0.000751679943692789, 0.9963038577595174]
[-586.4446356222194, -7017.77023337341, -9306872.240984306, 226.84475657050885, 2714.160393170391, 3599887.133350938, 6.277248561506421e-05, 0.0007509530036502575, 0.9958988272618989]
[-569.7438968697697, -7020.040487175931, -9314964.69827785, 220.38528058648612, 2715.03863705995, 3603016.9457646096, 6.0985363542113534e-05, 0.0007511959422108263, 0.996764785522413]
[-577.79875079338, -7030.8277333506985, -9309218.174833773, 223.50074971925952, 2719.2108320805164, 3600794.4223949607, 6.184730920077943e-05, 0.0007523502604671754, 0.996149851942172]
[-566.9312083386534, -7032.109679093195, -9312199.507525586, 219.2973643271293, 2719.7067990937444, 3601947.454643782, 6.0684395133955656e-05, 0.0007524874413030574, 0.9964688685583549]
[-543.5161815791051, -7015.169660464155, -9323104.133057473, 210.2408478769199, 2713.1549960580282, 3606164.9328030576, 5.817876421087268e-05, 0.0007506747303023969, 0.9976357739248753]
[-546.4835882753039, -7031.649229263075, -9318072.541377347, 211.38859982116585, 2719.5289081485, 3604218.8685695375, 5.849632659918694e-05, 0.0007524381869919586, 0.997097318760211]
[-524.3457757539968, -6970.906558406139, -9329862.248102633, 202.82593820425987, 2696.0352144583803, 3608778.6142875412, 5.6127373448308044e-05, 0.0007459382639175546, 0.9983589109961617]
[-567.2352813919664, -7014.715261285694, -9311089.092672894, 219.41496762094292, 2712.978993391501, 3601517.9740647334, 6.071692373989895e-05, 0.0007506261099058067, 0.9963500341202463]
[-571.1401644207248, -6990.369969309017, -9311442.33632015, 220.92527492890582, 2703.5626788245654, 3601654.6007352914, 6.113476940311094e-05, 0.0007480209676047681, 0.9963878380629052]
[-568.3619759468106, -6984.00034764172, -9313783.545388632, 219.85076894789526, 2701.099074026234, 3602560.0807040827, 6.083747460570474e-05, 0.0007473393700930682, 0.9966383672019804]
[-575.2878903605559, -7029.732656946261, -9308034.75896777, 222.52972314234222, 2718.787382268188, 3600336.601524235, 6.157865233421453e-05, 0.0007522331081464469, 0.9960231471306242]
[-556.5641986354432, -6984.642436079102, -9317826.438446665, 215.28756807100658, 2701.347559108312, 3604123.6938137035, 5.957500614786736e-05, 0.000747408080531614, 0.9970709877272352]
[-548.4679698006908, -6972.86857255244, -9323131.452723332, 212.15610499263224, 2696.7937350468515, 3606175.4603857407, 5.870862786810813e-05, 0.0007461481863530831, 0.9976386761793846]
[-547.66222509234, -6966.84214566912, -9319668.420124566, 211.84431738590902, 2694.4628029734454, 3604836.113264835, 5.862239987754477e-05, 0.000745503305638897, 0.9972681059804266]
[-582.0344320291241, -7030.313895419679, -9306780.373045985, 225.1391947144839, 2719.0120508635127, 3599851.4617606155, 6.230058308968897e-05, 0.0007522952766796014, 0.9958889190571517]
[-559.5502781861678, -6989.879573115492, -9312708.598716596, 216.44243765229572, 2703.3730818531144, 3602144.3199199084, 5.9894536784473654e-05, 0.0007479684868185461, 0.9965233293761213]
[-525.2855577879677, -6965.541465371477, -9323283.67185094, 203.18918958801638, 2693.9599712052363, 3606234.3795832163, 5.622787217419279e-05, 0.0007453641195697819, 0.9976549909441403]
[-572.95867823209, -7011.981488160573, -9307976.863189366, 221.6286774756312, 2711.921479794291, 3600314.240321431, 6.13293713130815e-05, 0.0007503335648901693, 0.9960169685278147]
[-559.4066196239077, -6998.196650788775, -9313318.160861224, 216.38685703380736, 2706.5899844439427, 3602380.0631242404, 5.9879160716462695e-05, 0.0007488584758580088, 0.996588552459921]
[-565.6936596318125, -7025.568798541263, -9307601.193305325, 218.81860241495048, 2717.1769404690344, 3600168.9288182664, 6.0551953831732466e-05, 0.0007517875217004606, 0.9959767585613996]
[-591.4123516625355, -7092.634251394245, -9292368.330400575, 228.76629958081136, 2743.1162237470235, 3594277.399664614, 6.330413682880766e-05, 0.0007589640604415286, 0.994346655037965]
[-576.309838235321, -7038.643407181139, -9304380.97218744, 222.92480925030588, 2722.2337897438865, 3598923.457675849, 6.168798706220993e-05, 0.0007531866015392066, 0.9956321529975171]
[-586.1580663805395, -7077.516256984506, -9298910.599008517, 226.73407800326518, 2737.268914730991, 3596807.6476213997, 6.274188197319183e-05, 0.0007573463166889612, 0.9950467203994127]
[-508.9244505973531, -7021.789159372265, -9324460.649897847, 196.8608888004362, 2715.7156435360007, 3606689.554264021, 5.4477093290833026e-05, 0.0007513830689531825, 0.9977809208605952]
[-546.8307816427711, -7020.411268669993, -9316190.472081529, 211.5226626468861, 2715.182293914195, 3603490.8979916875, 5.853344803895298e-05, 0.0007512356176276015, 0.9968958849684906]
[-573.8376534264157, -7008.3264483934645, -9309461.61353737, 221.9684979925721, 2710.507845882166, 3600888.426351695, 6.142342546427221e-05, 0.0007499424414910119, 0.9961758206477201]