[135.49319597689487, -3113.1307927015337, -8866977.371643094, -82.40045361556994, 1896.46950537295, 5402332.544949535, -1.525475674237082e-05, 0.0003511025342036609, 1.0000000000000002]
[131.4339347410688, -3107.540638935493, -8865020.286990339, -79.92713821783478, 1893.06359985055, 5401140.326789261, -1.4796940435240912e-05, 0.00035047208828334917, 0.9997792789297979]
[128.75267618025825, -3112.9604919652893, -8862635.939930357, -78.29337318642571, 1896.3655720072052, 5399687.863600048, -1.4494537168112804e-05, 0.0003510833589458129, 0.9995103775573958]
[135.62112857238918, -3114.6346998747763, -8860272.891616205, -82.47812245019797, 1897.3858634785067, 5398248.355030074, -1.5269172057432215e-05, 0.00035127218586741073, 0.9992438744729367]
[136.203472972025, -3145.541941658483, -8855067.99486819, -82.83272406951592, 1916.2164497365416, 5395077.431674453, -1.533481675251968e-05, 0.0003547579727304958, 0.9986568255865721]
[141.06302225042361, -3110.9921574681184, -8858357.649410173, -85.7935467099972, 1895.1668054434635, 5397081.884461122, -1.588293155360565e-05, 0.00035086138187793726, 0.9990279209825162]
[139.7765168668521, -3146.9221038196742, -8854615.054423505, -85.00936459897281, 1917.0576403634793, 5394801.700471167, -1.5737789284259118e-05, 0.0003549136379363349, 0.9986057787423549]
[141.2774182745595, -3111.4054363305645, -8854675.273629367, -85.92394862348758, 1895.418738187123, 5394838.763941773, -1.590710340309571e-05, 0.00035090800935507486, 0.9986126416629206]
[144.4030346762567, -3108.049996285937, -8852063.235763744, -87.82828430076198, 1893.3744482229567, 5393247.684977689, -1.6259622947771097e-05, 0.000350529582856035, 0.9983180779646003]
[145.19446406262261, -3109.597219158677, -8851094.784791885, -88.31030545337853, 1894.3171728722582, 5392657.785773993, -1.6348877715652966e-05, 0.000350704092380674, 0.998208867288407]
[148.97229583995735, -3103.256101874393, -8850315.794424668, -90.6120035017069, 1890.4539244403397, 5392183.411546406, -1.6774958340045283e-05, 0.0003499889340118387, 0.9981210446462147]
[144.20843677844013, -3108.0968803467417, -8847024.491021493, -87.7093354345198, 1893.4031445711719, 5390178.37004521, -1.6237665451799574e-05, 0.0003505349073024892, 0.9977498415553824]
[147.71119092798452, -3103.8228030254945, -8845316.30633902, -89.84347467494611, 1890.7992436509558, 5389137.941786825, -1.6632722834027862e-05, 0.0003500528731147975, 0.9975572225923994]
[152.34496542968307, -3102.417497226887, -8844115.211096343, -92.6666031950254, 1889.9431818000883, 5388406.368013525, -1.715532820252831e-05, 0.0003498943849621499, 0.9974217831723157]
[147.90804979512583, -3107.4308012027877, -8841332.2018732, -89.96312659169806, 1892.9973946127136, 5386711.0545160035, -1.665491653435323e-05, 0.0003504598059763721, 0.997107921778516]
[150.86361656115028, -3109.272166719343, -8839866.81845732, -91.76383190173702, 1894.1195779934778, 5385818.424146144, -1.6988249461132087e-05, 0.0003506675016909924, 0.9969426649988394]
[155.59736098478993, -3112.3999801018867, -8837693.343698835, -94.6478701014386, 1896.0252242296092, 5384494.501725998, -1.7522129343128038e-05, 0.00035102025903256635, 0.9966975612499562]
[153.01544069572884, -3104.752345741704, -8836399.955446241, -93.07466311499589, 1891.3658525790315, 5383706.683443735, -1.7230936046020265e-05, 0.0003501577586145881, 0.9965517089472614]
[150.23988372201163, -3110.154403279149, -8833955.81293529, -91.38347453724222, 1894.6570313179695, 5382217.860339698, -1.6917897304432574e-05, 0.00035076701312605416, 0.9962760762961564]
[161.20384982677726, -3120.6078371809413, -8831835.509506183, -98.0635215724628, 1901.026229585008, 5380926.329395355, -1.8154442221644916e-05, 0.0003519459915911206, 0.9960369693383058]
[157.21954787403922, -3108.891483745146, -8831058.704475911, -95.63585532268539, 1893.887821247053, 5380453.231104629, -1.7705080875486173e-05, 0.00035062460113891096, 0.9959493827438647]
[157.30513090991508, -3105.6160418693576, -8830215.440194817, -95.68787882098152, 1891.8922131594309, 5379939.66808557, -1.771473532242527e-05, 0.0003502551996415453, 0.9958543047854346]
[157.33500164688536, -3117.597266598693, -8828334.197317163, -95.70590789826258, 1899.1919198766104, 5378793.6870064875, -1.7718089898793568e-05, 0.0003516064661057303, 0.9956421439194544]
[159.2960870573097, -3106.212661147092, -8827744.299350744, -96.900694522805, 1892.2558582815052, 5378434.494761838, -1.793927414962663e-05, 0.00035032250987667834, 0.995575645441105]
[159.53093381671957, -3109.2693269281585, -8825679.286748486, -97.0437348776065, 1894.118193254399, 5377176.6750637675, -1.7965760445663035e-05, 0.0003506672499532066, 0.9953427796989719]
[162.1289076320998, -3101.629212796429, -8825463.751687685, -98.62657159758685, 1889.4634785223063, 5377045.540498765, -1.8258771614608827e-05, 0.00034980559397433143, 0.9953185026428957]
[161.9781480577381, -3113.3201814131908, -8823645.823971955, -98.53453371180416, 1896.5862582694285, 5375938.145281294, -1.8241751283561536e-05, 0.00035112412433877937, 0.9951134854109795]
[165.73108237076755, -3104.1770108636174, -8823310.992138468, -100.82106840917292, 1891.0158041675081, 5375734.390639453, -1.8665027601586874e-05, 0.0003500929523123929, 0.9950757640174944]
[168.3685816176862, -3108.9415492949424, -8822869.797879163, -102.42795909901102, 1893.9188608199972, 5375465.746369472, -1.89624882763885e-05, 0.0003506303164887459, 0.9950260289972472]
[165.6738662261928, -3100.949295685429, -8821750.998265274, -100.7860730723271, 1889.0493693466328, 5374784.367213823, -1.865857470407016e-05, 0.0003497289350907364, 0.9948998825401141]
[165.24187952245137, -3103.9395208732853, -8820953.942018013, -100.52275356407483, 1890.8712190388214, 5374298.911674131, -1.8609848525957574e-05, 0.00035006619276191673, 0.9948100081246157]
[171.60824913974642, -3086.7785147397467, -8821364.092150982, -104.40171071829718, 1880.415891064239, 5374549.073398385, -1.9327885828108704e-05, 0.00034813075984052724, 0.9948563227202797]
[169.57188126991534, -3110.3488240257016, -8819791.68614406, -103.16072395345392, 1894.7762367010087, 5373591.152553115, -1.9098190489316194e-05, 0.0003507890574606034, 0.9946789781071558]
[168.6700326868114, -3096.75030124139, -8819943.64326851, -102.61124453250883, 1886.4913056939652, 5373683.90722221, -1.8996488186579563e-05, 0.0003492554103204453, 0.9946961508022444]
[169.14534039552564, -3124.475608612992, -8818924.610384779, -102.90062060864142, 1903.3832044705644, 5373063.150148149, -1.9050072517258022e-05, 0.00035238230232652535, 0.9945812271220902]
[170.04214661976172, -3103.3486397635106, -8819066.337273685, -103.44708133370774, 1890.5113810662288, 5373149.71320569, -1.9151231191632682e-05, 0.00034999958270448225, 0.9945972536605754]
[172.20239692004412, -3102.5426481206287, -8819377.240500687, -104.76322578656244, 1890.0205238830592, 5373339.228806845, -1.9394869277888205e-05, 0.00034990870037934925, 0.9946323399656991]
[169.6986681245464, -3104.303355180223, -8818490.13179314, -103.2376748802849, 1891.0930208243064, 5372798.96679353, -1.9112489531602445e-05, 0.00035010726621871054, 0.9945323191260783]
[172.80762443490906, -3107.2425030521495, -8818995.673707934, -105.13184856064565, 1892.883986901478, 5373107.012837953, -1.946312382342225e-05, 0.00035043876506880037, 0.9945893494172907]
[169.5449541126499, -3110.369056791209, -8818255.465549625, -103.1438980400219, 1894.7887297779594, 5372656.183181025, -1.909515195372443e-05, 0.000350791395098302, 0.9945058854424554]
[172.6047797207127, -3099.35691932555, -8819594.371966125, -105.00821477758768, 1888.0796050599477, 5373472.025969626, -1.94402532527256e-05, 0.0003495494236554647, 0.9946569269788429]
[177.4399517809028, -3103.4664075609326, -8820698.782738723, -107.9540808182925, 1890.583427658737, 5374144.929122236, -1.9985575795684697e-05, 0.0003500129049167741, 0.9947815051354696]
[174.79356581028674, -3100.822012405985, -8820894.31108857, -106.34165139817465, 1888.9722177005217, 5374264.168338202, -1.9687111841036374e-05, 0.0003497146694749961, 0.9948035808603093]
[172.64362173488686, -3102.784124221929, -8821292.872470498, -105.03165121568587, 1890.1675675342685, 5374506.997098881, -1.944462907344645e-05, 0.0003499359602230187, 0.994848537016768]
[173.71142490083227, -3111.3589817703623, -8821798.48891961, -105.68214304957519, 1895.3919491953711, 5374815.02711563, -1.9565044359086367e-05, 0.0003509030499823379, 0.9949055641490971]
[175.109587040859, -3111.6726124741213, -8822955.621927582, -106.53401580996575, 1895.5831501859286, 5375520.077158372, -1.9722739992229238e-05, 0.00035093843268891987, 0.9950360939058666]
[177.43802599416605, -3094.0647285755304, -8825526.101908805, -107.95271647053849, 1884.855505745596, 5377086.16045481, -1.9985361968202525e-05, 0.0003489525922233057, 0.9953260310361676]
[174.61377824124722, -3106.35375856666, -8825081.356072545, -106.23190590140157, 1892.342655996742, 5376815.216138875, -1.9666822118010297e-05, 0.00035033856906919395, 0.9952758697716607]
[178.6286602492527, -3106.8476884850124, -8826270.574889157, -108.6780779247297, 1892.643599922096, 5377539.7758597545, -2.011963046018172e-05, 0.00035039426619299697, 0.9954100113353269]
[178.48170260992032, -3101.046377265326, -8829033.664837185, -108.58842668564358, 1889.1091475186963, 5379223.044632881, -2.0103055624415915e-05, 0.000349739995960296, 0.9957216431112969]
[180.28193843359887, -3103.3830023273263, -8829983.955811473, -109.685275057455, 1890.5327340345282, 5379802.034060375, -2.0306088397864856e-05, 0.00035000351537336116, 0.9958288344852771]
[179.00073704538684, -3103.9619202145027, -8831355.69305737, -108.90465812223849, 1890.8854252811716, 5380637.736198331, -2.0161593209687615e-05, 0.0003500688110606074, 0.9959835522399402]
[179.4100792147552, -3132.2389721275017, -8831912.434784986, -109.15391777081395, 1908.113614027578, 5380976.784999624, -2.020773605875836e-05, 0.000353257949325569, 0.9960463216365347]
[176.3219469288089, -3109.163156429437, -8833636.18822284, -107.27252347937632, 1894.0542201885858, 5382027.039016091, -1.9859475248021296e-05, 0.0003506554213562914, 0.9962407607546093]
[178.75616629795144, -3097.982024765286, -8836373.417678805, -108.75571787850366, 1887.2421952208467, 5383694.624138107, -2.0134023378628454e-05, 0.0003493943946814376, 0.9965494891594882]
[176.7380582805217, -3114.0329979875905, -8836989.286123509, -107.52603254921378, 1897.0213461390006, 5384069.67759973, -1.9906397989160656e-05, 0.00035120465966079087, 0.9966189242273901]
[180.1449014099474, -3103.4090909568317, -8840187.73030989, -109.60183617368207, 1890.5487203327352, 5386018.2594537325, -2.029064717996077e-05, 0.00035000647109909564, 0.9969796750108235]
[180.34788994866076, -3117.173843006522, -8841972.383314576, -109.7253138267197, 1898.9349833110243, 5387105.302860266, -2.031351680377721e-05, 0.0003515588845995165, 0.997180924160109]
[176.6312926354453, -3115.771195383008, -8843611.678908272, -107.46089935192421, 1898.0802994579826, 5388103.94809421, -1.9894353594911028e-05, 0.00035140069224523713, 0.9973658082016142]
[173.60899752769282, -3100.709662411102, -8846005.817791266, -105.61954309330069, 1888.903882247514, 5389562.428209949, -1.95534973090184e-05, 0.000349702027498089, 0.9976358236784907]
[177.3867265995127, -3106.008999302217, -8848347.645322233, -107.921293734298, 1892.1326997148974, 5390989.062513895, -1.997956377026098e-05, 0.0003502996945164333, 0.9978999434536693]
[177.5567417411367, -3110.342275541589, -8850739.772326222, -108.02483899646043, 1894.772759257986, 5392446.267590983, -1.999873506317141e-05, 0.0003507884085552185, 0.9981697227223186]
[175.5174322463633, -3107.6952992295915, -8852629.246005489, -106.7823309316836, 1893.1599154758578, 5393597.257766962, -1.9768735299518956e-05, 0.00035048987390122336, 0.9983828109310152]
[177.01814879596978, -3102.9380494624534, -8855462.842407161, -107.69677733789644, 1890.261677217777, 5395323.443009419, -1.9937997480495092e-05, 0.0003499533454584995, 0.9987023879307085]
[174.23751975847867, -3103.832369407854, -8857456.204725932, -106.00260799566318, 1890.8064466267851, 5396537.708758396, -1.9624389862923988e-05, 0.0003500542047734099, 0.9989271906144422]
[174.5837464980293, -3106.445476730172, -8859337.514077125, -106.21354785196098, 1892.3984675900435, 5397683.676969606, -1.966343257766371e-05, 0.0003503489144325932, 0.999139348931699]
[176.61150017707985, -3100.6131447732932, -8862069.364367124, -107.44912925743294, 1888.845073925072, 5399347.91827836, -1.9892137906048938e-05, 0.00034969112040678503, 0.9994474580716327]
[175.73540000824923, -3106.3389707151778, -8863954.417902643, -106.9153621311662, 1892.3335851449299, 5400496.166308733, -1.979332534663667e-05, 0.0003503368914873226, 0.9996600384594299]
[174.7153588406083, -3109.378885243548, -8867032.51622423, -106.29382020704476, 1894.1855998387061, 5402371.218875761, -1.967828192716041e-05, 0.0003506797335006285, 1.0000071757365254]
[176.79755426661555, -3110.7224613518056, -8868693.248602878, -107.56255516270858, 1895.0043170985155, 5403382.788407323, -1.9913114865397634e-05, 0.000350831269809069, 1.0001944520955441]
[175.99630316942395, -3111.1570080230044, -8871438.71042719, -107.07439218835111, 1895.269050015599, 5405055.1944312565, -1.982274504115201e-05, 0.0003508802694555731, 1.0005040724117584]
[174.53070376585592, -3106.2492580523094, -8873849.433043715, -106.18150140000647, 1892.2789122994031, 5406523.693732814, -1.965745655384437e-05, 0.00035032676444231677, 1.0007759425287748]
[173.19308563860307, -3105.5383172192032, -8875308.183603691, -105.36653658513254, 1891.8455502519819, 5407412.281580951, -1.9506598822340953e-05, 0.00035024657281871083, 1.0009404508910327]
[173.23076395950036, -3108.763321728243, -8877537.714221954, -105.38961948804058, 1893.8105167982203, 5408770.384027051, -1.9510851007403264e-05, 0.0003506102949036291, 1.0011918826516002]
[171.6595736772396, -3103.1342190460346, -8879530.743295457, -104.43242084449531, 1890.3809065130977, 5409984.439408029, -1.9333652505619265e-05, 0.0003499754252803666, 1.001416646365937]
[168.27548902984176, -3088.6556788535354, -8882235.864535334, -102.37068941751521, 1881.559651847507, 5411632.293777894, -1.8951999135956647e-05, 0.00034834251221303844, 1.0017217213884881]
[172.9049335995287, -3108.257591706435, -8883923.66459316, -105.19128588347172, 1893.5024322936458, 5412660.2726267455, -1.9474104039939174e-05, 0.00035055324275033565, 1.0019120354343167]
[169.77151479196957, -3108.349855577837, -8885334.100557877, -103.2821894865707, 1893.558357914373, 5413519.416381295, -1.9120711338515194e-05, 0.0003505636296358175, 1.0020710926334815]
[174.479318291135, -3091.2368179592672, -8890906.947676694, -106.15067286816384, 1883.132302204959, 5416914.387865014, -1.9651697744990084e-05, 0.0003486335891364547, 1.0026996203128518]
[176.19711727263018, -3086.109679657376, -8892597.411031475, -107.19743751696275, 1880.008680150962, 5417944.0972228525, -1.9845442128252365e-05, 0.0003480553442529498, 1.0028902550732075]
[171.877885238695, -3091.763241291064, -8893804.417446138, -104.56579578473999, 1883.4529904450635, 5418679.211428297, -1.9358297444279422e-05, 0.0003486929451439536, 1.0030263497616687]
[170.78794679927407, -3093.4377543450096, -8894455.660773663, -103.90182052434507, 1884.4730983015486, 5419075.805849533, -1.9235374820871424e-05, 0.0003488817996461299, 1.0030997727835667]
[172.89353155224572, -3081.4955940162176, -8895386.918333078, -105.18490605722737, 1877.197207318333, 5419643.059853347, -1.9472861712168905e-05, 0.0003475349409784416, 1.0032047910836066]
[166.47444388718446, -3103.0688259662847, -8894288.950948225, -101.27377605405813, 1890.3407205613905, 5418973.819718662, -1.874886717348721e-05, 0.00034996799785972277, 1.0030808902613848]
[165.7296152233009, -3099.148976070615, -8895362.233746907, -100.82014641586827, 1887.9525719453861, 5419627.590473646, -1.8664873611847373e-05, 0.0003495259008501364, 1.0032019258157028]
[160.53931085894965, -3096.1020408612894, -8896162.074789777, -97.6578744370368, 1886.095969939207, 5420114.702608356, -1.8079499623338423e-05, 0.00034918225187354087, 1.0032921068003031]
[162.9109995218661, -3099.2698866450255, -8897792.106805498, -99.10291590443867, 1888.0260962920906, 5421107.533009019, -1.8346976963098267e-05, 0.0003495395187287757, 1.0034759137784817]
[162.5202223392296, -3101.541739772124, -8899076.59734045, -98.86488514978728, 1889.4102018156807, 5421889.869602882, -1.830290417081785e-05, 0.00034979574057950145, 1.0036207510384831]
[159.0652250916346, -3101.9006805956274, -8900580.819322275, -96.75991673672102, 1889.6288282814526, 5422806.0773436725, -1.7913242009689618e-05, 0.00034983621562048345, 1.0037903725532125]
[160.069724492906, -3105.280720993206, -8901594.449805154, -97.37199001258645, 1891.6881092559631, 5423423.416786812, -1.802652653148791e-05, 0.0003502174145860482, 1.0039046631161188]
[158.2767601653866, -3094.9064007602014, -8903548.39164363, -96.27974177869197, 1885.3674015987933, 5424613.6820210945, -1.782432320460159e-05, 0.0003490473691137001, 1.0041250225120417]
[154.67165944353022, -3101.963788567299, -8904356.598888533, -94.08329136861227, 1889.6670093727773, 5425105.861329041, -1.7417727598650878e-05, 0.0003498433137099432, 1.004216141515187]
[155.64503887354638, -3109.8198477237274, -8905676.315281443, -94.67640765943409, 1894.4533682765052, 5425909.662381551, -1.7527500947529264e-05, 0.00035072931644845293, 1.004364952610738]
[156.16507341495446, -3104.5376290025497, -8907769.571790345, -94.99337478535098, 1891.23508225403, 5427184.802925584, -1.7586162134715132e-05, 0.00035013357126542145, 1.0046010254035282]
[155.39825655300157, -3106.686494970184, -8909638.118425203, -94.52625764308665, 1892.5443227484727, 5428322.965248287, -1.7499675277412133e-05, 0.0003503759148484425, 1.0048117384822186]
[153.69128853320095, -3107.5708574807945, -8911023.117307475, -93.48634426695831, 1893.0830792752859, 5429166.586084412, -1.7307160610661657e-05, 0.0003504756538173625, 1.0049679217643464]
[154.85459582102433, -3097.5146175966574, -8914265.185297905, -94.19522260232901, 1886.956171583994, 5431141.6148093445, -1.743837180441608e-05, 0.00034934147066454285, 1.0053335683849964]
[151.7570564638772, -3101.0003633651686, -8914841.468640579, -92.30807744566854, 1889.0798183659433, 5431492.552510387, -1.708902080340752e-05, 0.00034973459600563345, 1.0053985387824]
[156.27125662418143, -3113.416330610572, -8916308.657731004, -95.05860417416065, 1896.6445496325273, 5432386.293568186, -1.7598148024566257e-05, 0.0003511348933433405, 1.0055640012224565]
[155.13500023529667, -3117.411734570635, -8917058.639219925, -94.36638779977218, 1899.0786901742806, 5432843.032993079, -1.7469987357441844e-05, 0.00035158548996852036, 1.005648559163904]
[153.02416075059645, -3113.278109899162, -8920587.250894615, -93.08031824131739, 1896.5601813103265, 5434992.563818614, -1.7231928878186257e-05, 0.0003511192855781753, 1.0060465120251403]
[150.8730229742304, -3112.0116596391626, -8920905.030739967, -91.76986431282475, 1895.7884989069944, 5435186.06621081, -1.6989322532264855e-05, 0.00035097644331031865, 1.0060823357930302]
[151.88535058942884, -3110.731415909187, -8923287.545801433, -92.38673854575067, 1895.0085307366203, 5436637.3840739615, -1.71034992704997e-05, 0.00035083204925773757, 1.0063510250343124]
[149.11579917559044, -3110.4841765100755, -8925417.467945265, -90.69937951111633, 1894.857856461333, 5437934.785757108, -1.6791139916920425e-05, 0.0003508041556442872, 1.006591218905158]
[144.11427483622728, -3092.077866316542, -8926838.206892608, -87.65228093799807, 1883.6433512025947, 5438800.361957823, -1.622707969385318e-05, 0.00034872823607860824, 1.006751467460718]
[147.95268012850866, -3111.806595735445, -8928143.508138318, -89.99092818431801, 1895.6634817867518, 5439595.234427635, -1.6659966239640173e-05, 0.00035095329056893023, 1.006898625105941]
[148.05046917515153, -3113.9676802860718, -8929406.631164564, -90.05060631973582, 1896.9801192416817, 5440364.569990976, -1.6670992713536457e-05, 0.0003511970137823863, 1.0070410554715512]
[145.323959804987, -3100.8247907255204, -8932429.827663053, -88.38949085380034, 1888.9726216363617, 5442206.219783544, -1.6363498718033327e-05, 0.0003497147174135138, 1.0073820088647936]
[146.77756155827527, -3115.089489095051, -8933473.556950314, -89.2751470325644, 1897.6634552908715, 5442841.85166359, -1.652743244690476e-05, 0.0003513235100906457, 1.0074996858596876]
[143.67797693789504, -3111.8357244848157, -8934432.834836952, -87.38677818429075, 1895.6810134706468, 5443426.135609799, -1.617785784403887e-05, 0.00035095653722343667, 1.0076078568715041]
[149.07043476368543, -3120.2725083772852, -8935355.20741957, -90.67250774575055, 1900.8214089529229, 5443988.018448878, -1.678604994084156e-05, 0.0003519080498016686, 1.0077118809111336]
[144.46211028320346, -3117.1639098243263, -8936965.961981377, -87.86464486302205, 1898.9271320298412, 5444969.002323022, -1.626629056634944e-05, 0.00035155743613692183, 1.0078934943635196]
[143.8569044693342, -3118.116652693171, -8938580.494397676, -87.49594341790723, 1899.5076008690812, 5445952.376333063, -1.6198033330978128e-05, 0.000351664891170144, 1.0080755505900083]
[146.44107242969002, -3099.724233335859, -8940822.12646897, -89.07066013326919, 1888.3020195851082, 5447317.977751581, -1.6489505266576812e-05, 0.0003495905557116531, 1.0083283710674373]
[140.48356658945704, -3109.330611649184, -8940422.225971676, -85.44086886569315, 1894.1545858476165, 5447074.077376334, -1.5817588770406162e-05, 0.0003506739917762593, 1.0082832157198514]
[141.6395603168479, -3117.823348403149, -8941677.646478627, -86.1452000398153, 1899.3288062279141, 5447838.764890082, -1.594796141611785e-05, 0.0003516317888008446, 1.008424785707514]
[137.81701540747815, -3114.087173458833, -8942114.952084856, -83.81632156266025, 1897.0524369002198, 5448105.009033806, -1.551684611176544e-05, 0.00035121041436521306, 1.0084740762834512]
[133.84889498361065, -3115.45090523965, -8942757.192202576, -81.39868142447997, 1897.8831877538075, 5448496.108715266, -1.5069311440288937e-05, 0.00035136421009601443, 1.0085464820061192]
[135.15739053343898, -3114.1264311045743, -8942827.981301736, -82.19601663348215, 1897.0762002679542, 5448539.123965549, -1.521688956012127e-05, 0.000351214831329705, 1.0085544452887016]
[136.33350900963146, -3105.139240480902, -8944351.932219924, -82.9126797430343, 1891.60060503293, 5449467.462144338, -1.5349545339645473e-05, 0.00035020122653748654, 1.0087263129188053]
[132.1006507793446, -3121.602912790226, -8943464.778668355, -80.33369766043577, 1901.6312662742598, 5448926.750435192, -1.4872136812154365e-05, 0.0003520580284063668, 1.0086262075074763]
[134.09415393536804, -3114.460630788978, -8945474.393666193, -81.5483124961634, 1897.2797837259368, 5450150.922139174, -1.5096974687474966e-05, 0.0003512525028467225, 1.0088528441442264]
[136.54302864638032, -3115.907037017292, -8945533.3809291, -83.04045634654493, 1898.161084684028, 5450186.760879611, -1.537316679552784e-05, 0.0003514156289542959, 1.008859478845458]
[130.51821993839224, -3121.7388907583845, -8944935.296932405, -79.3697067521399, 1901.7139747094998, 5449822.290450803, -1.4693671483293014e-05, 0.000352073338454685, 1.0087920022826504]
[133.3447114260287, -3113.09142187201, -8945425.54730934, -81.09193067146411, 1896.4454805544842, 5450120.855044246, -1.5012454000561535e-05, 0.0003510980619547831, 1.0088472767091539]
[134.2425149587463, -3088.7562584349553, -8945725.386148201, -81.63918233326889, 1881.6187623970104, 5450303.691977976, -1.5113741918385633e-05, 0.00034835347182191474, 1.008881126752473]
[131.67828098225198, -3107.394155351548, -8945083.241827633, -80.07677100552682, 1892.9743106980075, 5449912.205591663, -1.4824515851102464e-05, 0.0003504554977823788, 1.0088086480491665]
[130.60953388454433, -3111.212313143734, -8943514.498693945, -79.42574917815668, 1895.3005252596008, 5448956.501520675, -1.470398524849705e-05, 0.0003508861108363439, 1.0086317137926397]
[130.43380507767702, -3106.5043634447306, -8942759.998041091, -79.31882930999112, 1892.432231070443, 5448496.841158068, -1.4684174171442041e-05, 0.00035035513612872635, 1.0085466145601507]
[131.01069047677672, -3119.5018038671583, -8941607.502628356, -79.67028233099771, 1900.3509577093414, 5447794.590355056, -1.4749222113508882e-05, 0.0003518210002743266, 1.0084166029593078]
[124.42471056192187, -3128.4377638477267, -8939757.226424428, -75.65761206075574, 1905.7952521173447, 5446667.23640918, -1.4006427143427385e-05, 0.00035282881762089136, 1.0082078898841997]
[127.81802233774236, -3116.6748321113373, -8938847.774825174, -77.7252591545516, 1898.6284469857392, 5446113.320608318, -1.438915128823276e-05, 0.0003515021538568311, 1.0081053411194636]
[128.7860787711419, -3109.223290380865, -8938552.468567483, -78.31519199821962, 1894.088589727476, 5445933.437633897, -1.4498340705324038e-05, 0.0003506617559941043, 1.0080720385581317]
[126.26513361531622, -3108.4800817194987, -8936990.988600578, -76.77931845194831, 1893.6357054458795, 5444982.175136193, -1.4214021259389468e-05, 0.00035057792059566906, 1.0078959266443825]
[121.7219409084913, -3108.997318190235, -8933987.356052635, -74.01138172739188, 1893.9506723159775, 5443152.380485506, -1.3701630835626312e-05, 0.0003506362493673335, 1.0075571678544677]
[122.93144705735453, -3112.9280025288454, -8933556.14654499, -74.74831210166312, 1896.345513561028, 5442889.652382431, -1.3838038994820685e-05, 0.0003510795525810514, 1.0075085276037605]
[123.22688769425626, -3109.4532872647083, -8931072.12297085, -74.92847349592428, 1894.228504830916, 5441376.435229467, -1.387136331753091e-05, 0.0003506876534091914, 1.0072283784556633]
[121.49229910164392, -3106.508650435523, -8928071.036543295, -73.87173918088857, 1892.4341711908605, 5439548.225099342, -1.3675733669384853e-05, 0.0003503555375152968, 1.006889913120045]
[119.61834040486619, -3124.8732210353983, -8926096.574320493, -72.72993324124013, 1903.6230918043495, 5438345.300127712, -1.3464369311265673e-05, 0.0003524267231127801, 1.0066672094699167]
[116.2560400242201, -3117.975954104321, -8923410.274908327, -70.68150771883644, 1899.4207411422074, 5436708.893234844, -1.3085170075820307e-05, 0.0003516488336876032, 1.0063642537162851]
[118.45332975564901, -3098.9727593244547, -8921949.094422827, -72.0204810216553, 1887.842796665278, 5435818.979122813, -1.3333007370085473e-05, 0.0003495055969092213, 1.0061995002967394]
[115.87961312173671, -3111.6137887477894, -8918961.896943413, -70.45235460254735, 1895.5444562347302, 5433999.104184387, -1.3042721039095001e-05, 0.00035093128139439446, 1.0058625777031587]
[117.83005404362386, -3112.22274570426, -8916242.164053932, -71.64083920719366, 1895.9155177914743, 5432342.356868109, -1.3262703162571187e-05, 0.00035099995428801575, 1.0055558563122935]
[113.4003999088346, -3116.86052675121, -8912288.530611895, -68.94203664196598, 1898.741005412686, 5429933.867066292, -1.276311208731105e-05, 0.0003515230049426206, 1.00510996099587]
[110.62003026745955, -3104.988119378393, -8910058.5752069, -67.24817235347594, 1891.5074697812634, 5428575.563948928, -1.2449549082299379e-05, 0.00035018399485127423, 1.0048584922652792]
[113.15052401945536, -3115.754726533921, -8906601.038571721, -68.78998619538409, 1898.0672100300926, 5426469.276785487, -1.2734933582095628e-05, 0.0003513982672535766, 1.0044685451427156]
[111.5318371039272, -3121.3112840231097, -8903312.641747562, -67.80380909895905, 1901.452553993645, 5424466.067588206, -1.255237226978208e-05, 0.0003520249432708208, 1.0040976814674516]
[112.62488475820963, -3120.13324425706, -8900240.840103516, -68.46987375598673, 1900.7348036619117, 5422594.869594136, -1.267565010012483e-05, 0.00035189206794967846, 1.003751257864455]
[113.67435165878202, -3110.8301767525613, -8897900.473239185, -69.1094160756711, 1895.066858833999, 5421169.296503008, -1.2794023178592156e-05, 0.00035084285427559533, 1.0034873350912903]
[106.92906603047464, -3126.6871695057357, -8892287.263439827, -64.99976168993366, 1904.7276980550173, 5417749.813784165, -1.2033260944653138e-05, 0.0003526312133598588, 1.0028542697692553]
[108.00090381455007, -3115.4535950506865, -8891217.108705537, -65.65286859801394, 1897.8836196457034, 5417098.054968008, -1.2154155061419438e-05, 0.0003513642673289595, 1.0027336070266268]
[107.62830290729728, -3118.0259924459397, -8887205.45944335, -65.42594487393922, 1899.4507984702118, 5414654.316573648, -1.2112132578245542e-05, 0.0003516543777897129, 1.0022811862607803]
[107.7819831415023, -3116.342267356629, -8883518.12978701, -65.51965623382422, 1898.4248702646255, 5412408.192968016, -1.2129469168121584e-05, 0.0003514644785174144, 1.0018653510113145]
[98.07539898414775, -3116.900263562607, -8880537.39412315, -59.605403688367595, 1898.7644883757355, 5410592.156934356, -1.1034696284052872e-05, 0.0003515273977470301, 1.0015291388284777]
[104.07740801528854, -3115.372822723328, -8876293.201262042, -63.26267149074695, 1897.8340375725013, 5408007.097510889, -1.1711658561892054e-05, 0.0003513551243049245, 1.0010505556827778]
[102.73330729136518, -3114.0246088261497, -8873170.713541994, -62.443772945208515, 1897.0126172846697, 5406105.040307465, -1.1560066759741401e-05, 0.0003512030681529607, 1.0006984190216608]
[103.56266650208794, -3110.580171782627, -8869704.579994211, -62.949221940364204, 1894.914090587184, 5403993.681501697, -1.1653611678058868e-05, 0.0003508146009880523, 1.000307533477576]
[102.37725175744991, -3113.477138476037, -8865871.658459157, -62.22703690683272, 1896.679001549266, 5401658.865383759, -1.1519915978778545e-05, 0.00035114130897015834, 0.9998752781552699]
[102.46041103819555, -3121.229782658927, -8862284.808804652, -62.27770329003857, 1901.4023311825927, 5399473.908301165, -1.1529286805006469e-05, 0.00035201565792691847, 0.9994707668207048]
[101.37570961193386, -3115.7380686570095, -8859227.980119772, -61.616904248933196, 1898.0564223278197, 5397611.926172002, -1.1406960570804073e-05, 0.0003513962921065112, 0.9991260496901462]
[103.76534761862786, -3111.9480231734406, -8856754.235627709, -63.07293534629335, 1895.747390827491, 5396105.160589321, -1.1676473493318643e-05, 0.0003509688312762523, 0.998847095544041]
[102.66348502242475, -3110.6957353585385, -8852552.472992, -62.40171794740321, 1894.984371963001, 5393545.675680496, -1.1552205740907947e-05, 0.00035082759523965526, 0.998373246279025]
[101.00558379842798, -3119.014688951868, -8848739.965747353, -61.391601153651415, 1900.0527823996215, 5391223.199912829, -1.1365211244958235e-05, 0.00035176581980201125, 0.997943275286697]
[99.79910152444201, -3122.7612309663245, -8844765.517342469, -60.65659299851789, 1902.3352689948176, 5388802.212979267, -1.1229145723669887e-05, 0.0003521883507423163, 0.9974950668868711]
[100.7595251322515, -3124.9580010705617, -8842682.826295948, -61.2417432403958, 1903.6737801497388, 5387533.61366091, -1.1337461166354036e-05, 0.00035243610117973253, 0.9972602054299161]
[98.8718426016078, -3125.775336420793, -8838948.412048457, -60.09170977353389, 1904.1717040356523, 5385258.803765636, -1.112456204018529e-05, 0.0003525282792282273, 0.9968390593397781]
[93.7432658711411, -3129.20778595028, -8835672.780448796, -56.966967438535896, 1906.2627154304246, 5383263.513269099, -1.0546147401444683e-05, 0.0003529153777743713, 0.9964696621356381]
[93.31846525528583, -3126.4275297189215, -8832110.081486473, -56.708215059055, 1904.5687913424406, 5381093.321265176, -1.0498236330131937e-05, 0.00035260181901184404, 0.9960678844960807]
[96.52135062630965, -3121.144803123597, -8830249.134679543, -58.659795401926644, 1901.3504719455782, 5379959.8725801995, -1.0859475296889957e-05, 0.0003520060316603319, 0.9958580443376599]
[95.39041999297021, -3120.684055084251, -8827127.417072546, -57.970708493583096, 1901.0695316891972, 5378058.321182328, -1.0731921807027668e-05, 0.00035195405620322103, 0.9955060014331155]
[100.0139497209662, -3113.899408735449, -8826232.20619969, -60.787765435194856, 1896.9360673631045, 5377513.21428881, -1.1253384471456003e-05, 0.0003511888716082813, 0.9954050839207742]
[97.69611279935957, -3123.028602349886, -8822497.927688446, -59.37562568352439, 1902.4981329883478, 5375238.4284426635, -1.0991969367149481e-05, 0.0003522184838307962, 0.9949839421000773]
[95.30349495440488, -3119.0364590545014, -8820248.237550173, -57.917900801381265, 1900.0658734973065, 5373868.121687518, -1.0722126286135605e-05, 0.0003517682418818848, 0.9947302511357383]
[91.34179258366567, -3114.924222143356, -8815818.932924729, -55.50429012640304, 1897.5602338092765, 5371170.119548055, -1.0275325555971874e-05, 0.0003513044379253879, 0.9942307578133743]
[94.90329827475719, -3118.0179949870744, -8814922.736091537, -57.67418997616054, 1899.4452882774378, 5370624.267990429, -1.067699796996986e-05, 0.00035165337039826696, 0.9941297019885558]
[93.5248882619456, -3117.483584304978, -8813048.759959662, -56.834304781028244, 1899.1196601719591, 5369482.774404806, -1.0521532030535175e-05, 0.00035159309903972703, 0.9939183721031972]
[92.04466117525898, -3124.21231594502, -8810852.988090899, -55.93241279638509, 1903.2192020571629, 5368145.248191252, -1.0354583742476124e-05, 0.0003523519795965709, 0.9936707497537973]
[95.40267682330376, -3119.7331670052513, -8808948.982434759, -57.9784269415916, 1900.4903095380705, 5366985.533793441, -1.0733312374085397e-05, 0.00035184680769918613, 0.9934560467884394]
[89.37361246821962, -3115.433018027034, -8808321.297473334, -54.30486201970561, 1897.87000976228, 5366603.218478891, -1.0053329243899554e-05, 0.00035136181911222153, 0.9933852671009269]
[92.77746002983739, -3124.945734453241, -8804551.80420677, -56.3789277396224, 1903.6660226780211, 5364307.032327013, -1.0437224679348467e-05, 0.0003524346832299135, 0.9929601635006102]
[94.68111904356009, -3123.668456589387, -8802882.346262814, -57.538818084929694, 1902.8878703487892, 5363290.1945158625, -1.0651929746172395e-05, 0.00035229062997966186, 0.992771911946813]
[94.73600308887409, -3131.2159380462745, -8801180.008722747, -57.572188853735696, 1907.48621192269, 5362253.221273558, -1.0658112241475417e-05, 0.00035314184816558357, 0.9925799322939715]
[94.35038871253089, -3123.4850551752074, -8799666.68917741, -57.33728834408778, 1902.7760980508956, 5361331.510505686, -1.0614627127274436e-05, 0.0003522699414645122, 0.9924092920991662]
[90.97294454937766, -3122.0280945229993, -8797929.135968776, -55.27950583760684, 1901.8883879605496, 5360273.104638615, -1.0233711867768227e-05, 0.00035210562810196797, 0.9922133445842615]
[91.83803984238737, -3121.3515335615816, -8796457.49983259, -55.80654464731475, 1901.4761121903507, 5359376.720585402, -1.0331280121406153e-05, 0.00035202932462682755, 0.9920473930398109]
[93.5133808121015, -3123.877948798317, -8795519.473976072, -56.82726958133553, 1903.0154156874905, 5358805.390597336, -1.0520231288832715e-05, 0.00035231426767830633, 0.991941620280243]
[95.0236942195214, -3117.3409218470506, -8795901.819160182, -57.74745364990522, 1899.0327557823778, 5359038.480415354, -1.0690572746412108e-05, 0.00035157700504060926, 0.9919847738550656]
[94.12218420238648, -3119.723197641243, -8793765.778457519, -57.19817761231928, 1900.484216960788, 5357737.276342568, -1.0588892735329697e-05, 0.0003518456915952775, 0.9917438757954021]
[93.24547916697162, -3122.429436746886, -8792226.913372247, -56.66401130192555, 1902.1329869842593, 5356799.891432451, -1.049001302109233e-05, 0.00035215090530558085, 0.9915703334211812]
[93.97744270671456, -3121.616563964592, -8791242.752226986, -57.109962621422824, 1901.6376964336584, 5356200.456549697, -1.0572566638607133e-05, 0.0003520592296199137, 0.9914593574670425]
[95.8506055434196, -3129.116424824441, -8790538.789580759, -58.25114405894872, 1906.207071747089, 5355771.660254365, -1.078382015653387e-05, 0.00035290508141931935, 0.9913799724885248]
[92.01943203758152, -3126.913858289294, -8789820.18363131, -55.91685130240685, 1904.8650406792842, 5355333.978205268, -1.0351728764004722e-05, 0.00035265666665970944, 0.9912989425558778]
[94.05848235520546, -3125.984053340164, -8789490.457965042, -57.159175964037864, 1904.2986537211636, 5355133.170212107, -1.0581697415145234e-05, 0.0003525518104008517, 0.9912617661783223]
[96.56507557714033, -3115.00785262137, -8790080.114814999, -58.68641543307968, 1897.611482377053, 5355492.494111694, -1.086440544708322e-05, 0.00035131391167232315, 0.9913282898993204]
[95.36254162362854, -3125.683329098813, -8789361.776872177, -57.95363452140776, 1904.1155195474637, 5355054.925214974, -1.0728771797738197e-05, 0.00035251789947691965, 0.9912472807588203]
[100.7342148479754, -3122.60167574789, -8789920.852743614, -61.226460947661884, 1902.2381769889573, 5355395.589472067, -1.1334607597865706e-05, 0.0003521703554527794, 0.9913103498361373]
[96.75909191309665, -3122.5953665739253, -8789346.954520056, -58.80442065353534, 1902.234162175917, 5355046.036396358, -1.0886281495267656e-05, 0.00035216964230685093, 0.991245635567911]
[88.26484872891083, -3109.2974238094043, -8789108.897048004, -53.62916109597623, 1894.1322009248922, 5354901.082635996, -9.928296222098146e-06, 0.0003506698977199122, 0.9912187997891685]
[94.30742311719199, -3121.473120301041, -8789213.952122323, -57.310584731662146, 1901.5503882525313, 5354965.077971662, -1.0609775398566254e-05, 0.00035204308831848915, 0.9912306475459957]
[98.32236151447486, -3120.685130165249, -8789835.75522212, -59.756738215153085, 1901.070385896694, 5355343.920215288, -1.106258849590997e-05, 0.0003519542215693869, 0.9913007845904414]
[100.66358488495999, -3114.604907784971, -8791864.246235292, -61.18315312240554, 1897.3660487406894, 5356579.779247046, -1.1326647721982252e-05, 0.0003512684815531947, 0.991529585545956]
[99.99446246324851, -3123.5953440677763, -8791122.339055432, -60.775400397050504, 1902.843617184155, 5356127.741448358, -1.125117077074605e-05, 0.0003522824516250297, 0.9914458973620578]
[102.02357814447488, -3117.862914441493, -8791928.365927624, -62.01169577927287, 1899.3511198754263, 5356618.854609226, -1.1480028316318234e-05, 0.0003516359419374998, 0.9915368198017261]
[99.96607516487593, -3141.9808490880173, -8791971.647068292, -60.75792007916311, 1914.0453165863935, 5356645.100175498, -1.1247955085891665e-05, 0.0003543560000829608, 0.9915416783936478]
[104.03671247201021, -3108.300143986115, -8794678.095257012, -63.238175362601545, 1893.5250376929544, 5358294.065144848, -1.1707086117482582e-05, 0.00035055744770166327, 0.991846959969498]
[103.98816155866294, -3124.3692009868796, -8794318.45921683, -63.20842093062036, 1903.3152920886876, 5358074.808851549, -1.17015859385947e-05, 0.00035236975320318813, 0.9918063674601079]
[104.29098816787496, -3116.515860773576, -8795382.112056274, -63.39289854829514, 1898.5305760298097, 5358722.804839222, -1.1735742638651536e-05, 0.00035148404075756713, 0.9919263341897848]
[104.63089869240974, -3116.0110983249124, -8795956.515219746, -63.59996157622899, 1898.223068675442, 5359072.7223807145, -1.1774079490388645e-05, 0.00035142712142745286, 0.9919911161106717]
[105.98464074653631, -3106.883083473957, -8797887.85100343, -64.42472534408198, 1892.6616571702923, 5360249.3565374315, -1.192676756290247e-05, 0.00035039764049490664, 0.9922089523567232]
[106.15683773343072, -3120.42497699503, -8799618.067127185, -64.52939324459173, 1900.9123218308375, 5361303.197093393, -1.1946166573786323e-05, 0.00035192493736570934, 0.9924040543751879]
[106.63209930207226, -3122.171476702804, -8800773.304814529, -64.81889028837304, 1901.97642555503, 5362006.939118493, -1.1999767749918663e-05, 0.00035212191875335557, 0.9925343414938537]
[111.88049847041039, -3117.989199795118, -8803019.23249882, -68.01658694061146, 1899.4284937210466, 5363375.162686364, -1.259170348051857e-05, 0.00035165024260178405, 0.9927876474390479]
[109.15788421107108, -3120.563805075935, -8803512.760309115, -66.3576685373115, 1900.9970146180779, 5363675.750649418, -1.2284635746644649e-05, 0.00035194061675276054, 0.9928432965453299]
[109.54223042434455, -3126.6206946853963, -8805074.774351995, -66.59171120381811, 1904.6872846355195, 5364627.218356459, -1.23279745647462e-05, 0.00035262373149550847, 0.9930194460757638]
[109.97963894221371, -3125.0884845297564, -8806441.875533309, -66.85813612085487, 1903.7537666990186, 5365460.009376483, -1.2377308869245503e-05, 0.00035245093685698584, 0.9931736246101049]
[113.53552917941103, -3124.984557388698, -8808931.4464631, -69.02457069229652, 1903.690601106059, 5366976.608165717, -1.2778350547952318e-05, 0.0003524392174787308, 0.9934543998239115]
[113.83025896663888, -3123.380404966086, -8810611.911970377, -69.20400493525075, 1902.7131646939697, 5368000.252444388, -1.2811588762159546e-05, 0.0003522583106064066, 0.9936439118063226]
[115.41375860250733, -3118.177213738273, -8812465.175595598, -70.16882139110976, 1899.5431780023594, 5369129.245881801, -1.2990187732315864e-05, 0.00035167148985792475, 0.993852927845753]
[113.70111302019231, -3124.9468331901962, -8814071.211408753, -69.12517689288336, 1903.6676544922573, 5370107.473139568, -1.279701918826825e-05, 0.0003524349945120792, 0.9940340313204078]
[116.48322315857168, -3129.9141573557677, -8815810.496547904, -70.8201893770172, 1906.6942393718812, 5371166.896898854, -1.3110788903235027e-05, 0.0003529952389291292, 0.9942301671666648]
[122.13460062089227, -3107.1452195889606, -8820264.893996831, -74.26337961355983, 1892.82208938095, 5373880.559226467, -1.3748182275296867e-05, 0.00035042731792491317, 0.9947325609016882]
[120.46023592406098, -3127.966768901552, -8820453.801496334, -73.24311291171878, 1905.5079371641255, 5373995.397804976, -1.3559323808627042e-05, 0.0003527756271810082, 0.9947538207696809]
[122.50190323245869, -3123.443297079856, -8822427.61468394, -74.48699960316326, 1902.751942935354, 5375197.78977405, -1.3789590578852155e-05, 0.00035226545795298, 0.9949764253132537]
[120.91347502298895, -3120.522496330402, -8824711.58852889, -73.51908723384054, 1900.9722823741754, 5376589.124949608, -1.361044895387674e-05, 0.0003519360495363564, 0.9952340098173965]
[120.43052674453482, -3116.504416293632, -8828186.333818058, -73.22467316272177, 1898.5242435959779, 5378705.8019279195, -1.3555977989151409e-05, 0.00035148288972947734, 0.9956258801650574]
[122.0172681147321, -3115.1479182900807, -8830183.155612832, -74.19139390642559, 1897.6979415123487, 5379922.135296745, -1.3734934322745356e-05, 0.00035132991767674286, 0.9958510655129632]
[124.2659319110776, -3114.624349603961, -8832246.89913819, -75.56140803886247, 1897.379069339845, 5381179.255542679, -1.3988544834974383e-05, 0.00035127087954526766, 0.996083801991858]
[123.31330584050374, -3118.2164539933997, -8834134.65206412, -74.98086914429813, 1899.567588726189, 5382329.111669561, -1.3881098243509671e-05, 0.0003516760093180317, 0.996296679981001]
[126.43742881646124, -3114.3020341239703, -8837444.620507907, -76.8842413858089, 1897.1828031565924, 5384345.439809522, -1.4233448151975945e-05, 0.00035123454266502193, 0.9966699723602509]
[131.05241549693756, -3111.2941940907526, -8841226.955150504, -79.6959514578311, 1895.3504249991336, 5386649.545482454, -1.4753943832391804e-05, 0.0003508953270054132, 0.9970965424414308]
[130.56258748709044, -3110.8268635631507, -8842758.213606691, -79.39741361661771, 1895.0656936305438, 5387582.244566717, -1.4698695290019897e-05, 0.00035084262931137246, 0.9972692171439927]
[129.90068890594011, -3119.8312143275757, -8843769.499501737, -78.99405017493329, 1900.5516776742338, 5388198.156960511, -1.4624035687092893e-05, 0.00035185815878679955, 0.9973832435142352]
[129.51481834523574, -3117.9244356908443, -8846073.990266433, -78.75887682846135, 1899.3899777315203, 5389601.935593697, -1.458051574879406e-05, 0.00035164311363754724, 0.9976431315637053]
[134.21225831425357, -3117.4086561756476, -8849404.234173054, -81.62080157701011, 1899.075905941746, 5391630.587887491, -1.511030584279713e-05, 0.0003515849507061582, 0.9980187054876637]
[129.58399872050057, -3096.9604360084154, -8853288.955525761, -78.80085139144032, 1886.617430507911, 5393997.207356148, -1.4588339450243283e-05, 0.00034927875077408565, 0.9984568494901199]
[130.27252423419665, -3121.947528398007, -8852674.105066597, -79.2202193632284, 1901.8412282453066, 5393622.299394768, -1.4665966018519076e-05, 0.0003520968718963088, 0.9983874398790232]
[127.50051753978673, -3142.054402202142, -8853084.08305291, -77.5310937662113, 1914.0914163471346, 5393871.798732937, -1.4353308511869439e-05, 0.00035436456765791446, 0.9984336301051212]
[132.99150196520327, -3121.657816862671, -8856874.7951978, -80.8766522135879, 1901.6646894537623, 5396181.119412846, -1.4972615796075483e-05, 0.00035206420816477364, 0.9988611660136266]
[134.86545881620503, -3118.5340689202594, -8858869.37781648, -82.0183734587251, 1899.7616469556021, 5397396.085269691, -1.5183965159688718e-05, 0.00035171191870798034, 0.9990860981767185]
[135.407661419366, -3116.686243908896, -8860951.890615445, -82.34864687657695, 1898.6358516152043, 5398664.661436029, -1.5245118307236536e-05, 0.00035150352006529034, 0.9993209556138872]
[137.69794387398625, -3118.1648711196817, -8863319.911984108, -83.74393203532576, 1899.5368039509613, 5400107.102830386, -1.550341594810926e-05, 0.0003516702911232171, 0.9995880013647125]
[143.7423684259106, -3124.0425911967177, -8864806.55726892, -87.42673714810516, 1903.118124898897, 5401012.781038274, -1.6185138046633845e-05, 0.0003523332036599219, 0.9997556740511815]
[134.67610531095806, -3125.278567347059, -8866012.568088602, -81.9026048734373, 1903.8708242831592, 5401747.211911033, -1.5162598726831292e-05, 0.0003524725942401337, 0.9998916419913397]
[138.20549260206022, -3113.832293941018, -8867983.530172288, -84.0530305838015, 1896.89717564931, 5402947.928446314, -1.5560667817110554e-05, 0.0003511816708921386, 1.0001139365453258]
[139.27120305958138, -3111.8631219491335, -8869878.5676049, -84.70224236098075, 1895.6974779446027, 5404102.249547046, -1.5680857076778044e-05, 0.00035095959539284405, 1.0003276412419446]
[143.51255913252697, -3115.688443454765, -8871628.786824489, -87.2863829588688, 1898.028330314369, 5405168.397631385, -1.615921037775223e-05, 0.0003513910337357832, 1.000525022192807]
[138.62022931246128, -3102.9389284441268, -8873072.211311765, -84.3054962712767, 1890.2603855731934, 5406047.628588464, -1.5607442354905125e-05, 0.0003499531238975214, 1.0006877982048397]
[140.87638217653597, -3114.624104935843, -8873156.103589484, -85.6800194791096, 1897.3797371281153, 5406098.613301249, -1.5861887714474824e-05, 0.0003512710072315719, 1.0006972368725287]
[139.28271194027747, -3111.5251475632513, -8874497.895241195, -84.7089367554531, 1895.4916010954162, 5406915.955145121, -1.5682146509339826e-05, 0.00035092150006483955, 1.0008485551297415]
[139.52440306590645, -3121.6453536089734, -8874794.144040836, -84.8560767653214, 1901.6574007184693, 5407096.2953884965, -1.5709394227315443e-05, 0.00035206287791314674, 1.0008819419828392]
[143.48193049694888, -3122.2351511144448, -8876262.009099167, -87.26722998212914, 1902.0168742705437, 5407990.447988502, -1.6155731653189674e-05, 0.0003521294019485133, 1.0010474806129173]
[143.7188003151653, -3111.3539759374876, -8877162.393953454, -87.41154957084319, 1895.3873966548397, 5408538.999007729, -1.6182459173057218e-05, 0.0003509022056346338, 1.001149036664242]
[144.85213179010145, -3114.1051769631545, -8877581.545302328, -88.10202047003784, 1897.0637588532938, 5408794.273303985, -1.6310277687885583e-05, 0.0003512125064920517, 1.0011962966184207]
[145.77507529656788, -3114.217436330161, -8877752.76576728, -88.6642951872268, 1897.1321385973197, 5408898.548539733, -1.6414370904148834e-05, 0.00035122517366505655, 1.001215601502961]
[144.81988770301857, -3119.1919674724095, -8876982.48640347, -88.08226946561028, 1900.1628863649, 5408429.245782575, -1.6306636267693165e-05, 0.00035178621610949085, 1.0011287170331589]
[146.45108496477786, -3117.4603695550995, -8877904.476561999, -89.07604304391559, 1899.1079601286153, 5408990.894449175, -1.649060816383268e-05, 0.00035159093137355753, 1.0012326977155486]
[149.37756992382523, -3116.9885041624784, -8878268.187725935, -90.8590776201314, 1898.8205939821669, 5409212.47692415, -1.6820665025366933e-05, 0.0003515377151429573, 1.001273720394615]
[149.23412669145162, -3111.549499962339, -8879227.93316595, -90.77160107140902, 1895.5068237661058, 5409797.138735758, -1.6804487169650477e-05, 0.0003509242995389481, 1.0013819616526531]
[150.82124699528643, -3094.6262455989663, -8881616.1047887, -91.7386074186448, 1885.196262927194, 5411252.126947031, -1.6983505165265704e-05, 0.00034901566168325993, 1.0016513311032347]
[146.54415541564558, -3125.73353562555, -8879246.964760406, -89.13245086082966, 1904.1486086965263, 5409808.592691129, -1.650108737973838e-05, 0.0003525240176805953, 1.0013840817425974]
[146.87267331860062, -3120.05106394399, -8879651.518786041, -89.33261120144421, 1900.6864657501626, 5410055.100540881, -1.6538145371307145e-05, 0.0003518831398717568, 1.0014297191153205]
[149.3523665717253, -3122.398979018633, -8880999.754297975, -90.84334366283234, 1902.1170418898532, 5410876.430639373, -1.681781035325319e-05, 0.00035214794333363693, 1.0015817759330574]
[147.8323369763042, -3119.7234611193126, -8881131.393652497, -89.91720851339119, 1900.4869118654278, 5410956.634289685, -1.6646379497912742e-05, 0.0003518461976118363, 1.00159662445565]
[149.61285042052907, -3119.9859281823424, -8881446.959072439, -91.00201033994831, 1900.6468498727331, 5411148.883631115, -1.68471916434627e-05, 0.00035187580228558375, 1.001632216539449]
[149.93619517393643, -3120.3284189977558, -8881552.8352479, -91.1989971264938, 1900.855503277599, 5411213.373592306, -1.6883658353558072e-05, 0.0003519144291143859, 1.0016441558512903]
[152.6526285140761, -3104.5028259958913, -8883692.50542671, -92.85407371580145, 1891.2136721097927, 5412516.940436813, -1.7190038873866657e-05, 0.0003501295937880567, 1.0018854918155653]
[151.7884392154851, -3118.705032735006, -8883323.704119114, -92.32745355335773, 1899.8665430045428, 5412292.1572699975, -1.7092559467725614e-05, 0.0003517313453461395, 1.0018438762655557]
[151.60165283119179, -3118.801941814396, -8884030.256311804, -92.21360943127091, 1899.9256372266564, 5412722.538842194, -1.707149143209468e-05, 0.00035174228363207014, 1.001923554758238]
[150.71759629787394, -3119.2248744405774, -8885643.158977037, -91.67487235173274, 1900.1832388181433, 5413705.0919227125, -1.697178624071838e-05, 0.00035178998685169517, 1.002105459538194]
[154.9812216972203, -3114.159444331146, -8887402.776989825, -94.27259988524054, 1897.097235046246, 5414777.063032025, -1.745265424842558e-05, 0.00035121869779487276, 1.0023039188375928]
[153.35274947919015, -3114.9499717026933, -8887327.146051578, -93.28039983359814, 1897.5788190574285, 5414730.943286468, -1.7268987817044872e-05, 0.00035130785475038747, 1.0022953803216537]
[153.0132908891689, -3119.410545729291, -8887949.420227522, -93.07348087635485, 1900.2964551089988, 5415109.953090491, -1.7230696525441673e-05, 0.00035181093410817366, 1.0023655480149298]
[156.03387121230708, -3106.7898448328874, -8889745.496051645, -94.91396958231438, 1892.607310877681, 5416204.2130606985, -1.7571381796145292e-05, 0.0003503875402840283, 1.0025681340059738]
[154.71863042966152, -3110.8361436674804, -8890238.50527521, -94.11252005632431, 1895.072576114753, 5416504.423957387, -1.7423034931300463e-05, 0.00035084390155581453, 1.0026237131134177]
[154.70696282065668, -3114.80370969494, -8890447.702657182, -94.1053741546175, 1897.4898079269092, 5416631.807672791, -1.742171585044661e-05, 0.0003512913749454261, 1.0026472960996047]
[154.5738400259203, -3116.608882331726, -8891006.820644217, -94.02425990480049, 1898.5896510442194, 5416972.3874467965, -1.7406704088214556e-05, 0.000351494970763683, 1.0027103491926475]
[156.08304601818125, -3113.0399805184907, -8891776.206986368, -94.9437949461325, 1896.4153103285487, 5417441.08174605, -1.757691933223249e-05, 0.00035109246751672884, 1.0027971208147146]
[155.95962308525753, -3109.9384959733934, -8892548.792846102, -94.86862227093144, 1894.5257058326295, 5417911.724632008, -1.756300180051235e-05, 0.0003507426745960209, 1.0028842531864388]
[154.7158858213613, -3102.6218429157834, -8893564.472566275, -94.11079611005538, 1890.0679862320133, 5418530.378244323, -1.7422723951410728e-05, 0.00034991749066661003, 1.0029987872530588]
[156.96874831135517, -3105.580244992163, -8895208.170733772, -95.48334817526198, 1891.870364193942, 5419531.696291818, -1.767680953669664e-05, 0.00035025114330172746, 1.0031841660968293]
[158.3820649303501, -3118.062862789891, -8894733.08056046, -96.34441841472224, 1899.4755762363109, 5419242.171250065, -1.78361977997065e-05, 0.0003516589603854489, 1.0031305645953839]
[158.73257025898081, -3112.8265951701674, -8896440.860968681, -96.55796274797198, 1896.2854043029213, 5420282.521685552, -1.7875730650505753e-05, 0.00035106840287969803, 1.0033231696760316]
[159.86105711817075, -3115.0234332435616, -8896940.096859504, -97.24552373432846, 1897.6238994984037, 5420586.609093937, -1.8003004333213733e-05, 0.00035131616986904305, 1.0033794667206417]
[157.91775298276147, -3111.862346160012, -8897875.803507064, -96.06151344530676, 1895.6979885606943, 5421156.592396641, -1.7783838595288997e-05, 0.0003509596652744386, 1.003484990368145]
[156.0368097480149, -3106.088345579359, -8898477.454811595, -94.9155171652366, 1892.1799773938021, 5421523.117470695, -1.757170539903043e-05, 0.0003503084575412535, 1.003552846947729]
[156.2171558472469, -3111.872339528259, -8898671.556222022, -95.0253836860078, 1895.703949331978, 5421641.295937862, -1.759204178646403e-05, 0.00035096079167965184, 1.003574725693827]
[156.44714585863886, -3122.5581461337188, -8899252.792247772, -95.16545669374965, 1902.2143998754325, 5421995.305675114, -1.761797265304217e-05, 0.00035216594943266296, 1.0036402650034457]
[155.70526249979238, -3127.6056060229052, -8899045.405825414, -94.71345423496163, 1905.2896160122837, 5421868.896009456, -1.7534295274860215e-05, 0.0003527352065427796, 1.0036168619449497]
[158.1922419542383, -3121.5368850827067, -8899930.726089204, -96.22874297047088, 1901.5922409465743, 5422408.224628124, -1.781478785949937e-05, 0.00035205077015680147, 1.0037167104675735]
[155.99812443869268, -3121.841969563979, -8900400.751624659, -94.89190718800266, 1901.7781010212866, 5422694.493750908, -1.7567327242304787e-05, 0.00035208518064855284, 1.0037697086529027]
[159.189755211273, -3122.5608838768876, -8900980.78050253, -96.8364962248947, 1902.2161037956876, 5423047.842131318, -1.7927288466921434e-05, 0.0003521662559888521, 1.0038351257531994]
[157.08754998461683, -3110.2624598491925, -8902427.138662104, -95.5557296383461, 1894.7231039324247, 5423929.016880681, -1.7690208760293552e-05, 0.0003507792039910828, 1.0039982621174237]
[154.12122026672623, -3113.786309799818, -8901276.759712277, -93.74843445794974, 1896.8699423921428, 5423228.124114007, -1.7355651518383676e-05, 0.0003511766345227522, 1.003868502150723]
[155.68572040825953, -3093.5357830024404, -8902676.413669607, -94.70181032437898, 1884.5322338189185, 5424080.897049532, -1.7532120633709477e-05, 0.0003488927379109724, 1.0040263805051695]
[156.78503708355703, -3112.668741434904, -8903248.343528438, -95.37143999755122, 1896.1891525690949, 5424429.185354384, -1.7656089769089496e-05, 0.0003510505948742443, 1.0040908604154428]
[156.89370699614943, -3114.4901584869276, -8903019.710083349, -95.4376957211035, 1897.2988854426062, 5424289.869713703, -1.7668345973466263e-05, 0.00035125602161376957, 1.0040650681281846]
[157.41960788991435, -3115.5207584489676, -8903332.910414206, -95.758115049458, 1897.9267312938125, 5424480.6449689, -1.772765470775591e-05, 0.00035137224131952954, 1.0041003872034029]
[152.93819222231153, -3108.816019147225, -8903149.421859305, -93.02775302747129, 1893.8416854787442, 5424368.862762095, -1.722223579417219e-05, 0.0003506160686646057, 1.004079692412835]
[154.48487008262117, -3113.021030377666, -8904016.392046897, -93.97008590559899, 1896.4038964949941, 5424896.923642125, -1.7396667668260588e-05, 0.0003510903260716196, 1.0041774546066333]
[145.89947463606023, -3130.650620658799, -8901923.656585516, -88.73912746801125, 1907.1443844730518, 5423621.999542538, -1.6428370804315485e-05, 0.0003530785824220084, 1.0039414215703322]