[-1764.2156516119312, -6618.3150635882375, -10371193.676510978, 954.7219184092771, 3581.9760014988797, 5613128.410323158, 0.00017009907453305662, 0.0006381287482353447, 0.9999999999999993]
[-1723.6381560863879, -6756.555948443691, -10346134.302847065, 932.7606429739135, 3656.7938050130956, 5599564.398658172, 0.00016618658603640064, 0.000651457912703363, 0.997583759658116]
[-1745.261048068543, -6612.754961773115, -10336828.658188868, 944.463315290975, 3578.966528283882, 5594526.302316594, 0.0001682714952646376, 0.0006375926312841874, 0.9966864589610672]
[-1743.7703361844488, -6602.576304637826, -10321918.012733478, 943.656495223088, 3573.457472674059, 5586455.001514061, 0.00016812777103182772, 0.0006366111979333566, 0.9952487448443736]
[-1735.9864323972452, -6616.6839009908135, -10310466.391818963, 939.4436807862571, 3581.0926662103975, 5580255.916619491, 0.00016737725786072837, 0.0006379714408206251, 0.994144549471407]
[-1734.0518988989638, -6613.0232349743155, -10305151.960643256, 938.3966277233325, 3579.111284524088, 5577378.6259694565, 0.00016719074106457467, 0.0006376184718888616, 0.9936321014758426]
[-1723.7594121192494, -6626.298339467704, -10302636.619462658, 932.8260409577576, 3586.295871466628, 5576016.557206135, 0.00016619834978603032, 0.000638898442842641, 0.9933895489267647]
[-1707.0208523049992, -6606.098575989018, -10312338.697744526, 923.7669329657768, 3575.36324171925, 5581266.979837333, 0.00016458444086862197, 0.0006369507801699418, 0.9943249889728043]
[-1714.3176974223393, -6649.575516127979, -10316224.827788731, 927.7158989039639, 3598.893600773698, 5583370.221973507, 0.00016528799816720204, 0.0006411428071127453, 0.9946996836341927]
[-1693.9215884291248, -6660.80047459457, -10335029.113286015, 916.6771680387386, 3604.968653792285, 5593547.58461897, 0.00016332142162277515, 0.0006422251139990961, 0.9965127695417567]
[-1686.5379260126845, -6652.778422235842, -10357243.797747975, 912.6809381780898, 3600.6268652654912, 5605571.054083593, 0.00016260950047393825, 0.0006414516220773284, 0.9986546936361385]
[-1675.6438648838803, -6673.276424006942, -10381143.37291856, 906.7848233879698, 3611.7205638936884, 5618506.736906113, 0.00016155910508910122, 0.000643428027411923, 1.0009590843968303]
[-1675.1014330560067, -6642.8276370717085, -10410342.715806304, 906.4913105945172, 3595.2410277668123, 5634310.898260919, 0.00016150682033870962, 0.0006404921520715376, 1.0037744762700649]
[-1652.7831478520316, -6619.178423014708, -10442820.592929002, 894.4122771957761, 3582.441582904881, 5651889.719159909, 0.00015935490918173942, 0.0006382118913614869, 1.0069059891268182]
[-1662.06364310453, -6644.50346691522, -10464689.229839861, 899.4348464766726, 3596.14783306351, 5663726.841353609, 0.00016024973593766143, 0.0006406537126515634, 1.0090145833117867]
[-1653.3803160984626, -6632.662065901879, -10489028.082890546, 894.7353086441871, 3589.73890040688, 5676900.838930217, 0.00015941250689278938, 0.0006395119556224693, 1.011361350069287]
[-1641.0523159577267, -6632.838438459394, -10507602.57337449, 888.063156082586, 3589.834215173748, 5686955.0591676375, 0.00015822385167794977, 0.0006395289569085095, 1.0131523257851134]
[-1638.0082042432462, -6646.456720698581, -10525177.730210897, 886.4155563831224, 3597.204525898166, 5696468.360472195, 0.00015793034564151218, 0.0006408420211284596, 1.014846944955915]
[-1600.4241081999737, -6644.535765744282, -10563155.050928697, 866.0745185705368, 3596.1647034909556, 5717023.415429063, 0.00015430650885874905, 0.0006406568017486785, 1.0185086995701675]
[-1605.413693315693, -6647.022507632837, -10598451.056046877, 868.774907663924, 3597.5105107308036, 5736127.390625939, 0.00015478761191359372, 0.0006408965716540242, 1.021911929477674]
[-1607.57081011628, -6660.229774929997, -10627889.406744637, 869.942268048717, 3604.65839282161, 5752061.398462723, 0.0001549956061246201, 0.0006421699996329883, 1.0247503846515904]
[-1600.110710917706, -6660.550233199332, -10656318.94139978, 865.9047029658612, 3604.8317181405027, 5767449.4914166555, 0.00015427631381717725, 0.0006422008893710207, 1.0274915741378106]
[-1574.9385241570565, -6645.628968946434, -10682734.08759721, 852.2811755910169, 3596.755946039788, 5781747.334013495, 0.0001518492238381754, 0.0006407621877653426, 1.0300385383492128]
[-1562.4176250198084, -6590.130489017185, -10703740.25467899, 845.504797080402, 3566.719032005276, 5793117.659432869, 0.0001506419776544308, 0.0006354110151295784, 1.0320639740380035]
[-1573.0852233753728, -6673.518418984268, -10709173.531851882, 851.2780039011824, 3611.850032250779, 5796059.783607362, 0.0001516705436914518, 0.0006434512678527985, 1.0325879003001361]
[-1578.0625899384668, -6653.124959080753, -10711834.352823604, 853.9718642632677, 3600.8125997076295, 5797501.051658907, 0.00015215046960622157, 0.0006414849270616209, 1.0328444972593074]
[-1559.730188716417, -6660.8364710010355, -10706875.418906337, 844.0500449386759, 3604.986188891632, 5794818.092779856, 0.00015038286797843903, 0.0006422284672252397, 1.0323663986022253]
[-1576.094701922551, -6661.7243373846795, -10692880.036792649, 852.906605729398, 3605.4667140740607, 5787244.32564507, 0.0001519607356673244, 0.0006423140625665714, 1.0310170149117879]
[-1547.6003259765307, -6687.203413123426, -10676123.331612179, 837.4851041432456, 3619.2563081437697, 5778175.617466793, 0.00014921331416027777, 0.0006447707537017811, 1.029401371193329]
[-1568.3040614054023, -6713.612062835233, -10649589.058581337, 848.6900802101161, 3633.5490518000634, 5763815.040736391, 0.00015120956611171322, 0.0006473170601347156, 1.026842986591746]
[-1561.971351754629, -6703.31235011975, -10623472.047164012, 845.2627460566847, 3627.9746242485844, 5749679.790657185, 0.00015059897219522886, 0.0006463239632319658, 1.024324814742183]
[-1560.570737830517, -6688.232415290022, -10597767.79755328, 844.5047000949016, 3619.813082023361, 5735767.646175304, 0.0001504639323721581, 0.0006448699596838682, 1.0218464298674323]
[-1558.272642244735, -6698.171873145916, -10564865.780552637, 843.2609113549121, 3625.1924135692175, 5717959.738008358, 0.00015024235148983523, 0.0006458283107469435, 1.018674039633922]
[-1547.3804217210095, -6653.479677704635, -10546711.79774062, 837.3660405504498, 3601.0041858851337, 5708133.340890164, 0.00014919213728032071, 0.0006415191010635327, 1.0169236175599283]
[-1544.8530307931865, -6678.31267595513, -10523885.782020483, 835.9980876504534, 3614.444217593279, 5695778.382509083, 0.00014894844505503296, 0.000643913491391022, 1.014722726240518]
[-1546.5781643041553, -6673.28953520959, -10506717.874466015, 836.9317315062088, 3611.7256033946355, 5686485.526470411, 0.0001491147800857666, 0.0006434291636056828, 1.0130673747289944]
[-1540.515947749563, -6683.153462222364, -10494284.444035739, 833.6507770023004, 3617.064109486343, 5679754.976152158, 0.00014853026393736593, 0.0006443802406587396, 1.011868511296263]
[-1536.7771691388887, -6674.2343056319505, -10486737.141126057, 831.6273157004244, 3612.236914454274, 5675668.892015003, 0.00014816977051216365, 0.000643520260680868, 1.01114076103147]
[-1540.741973126204, -6677.525411415768, -10485232.203567797, 833.7731252179162, 3614.018093725113, 5674853.19338352, 0.0001485520610461437, 0.0006438375841575251, 1.010995611998321]
[-1538.8307374566582, -6676.66173639497, -10483592.34635262, 832.738749658627, 3613.550661270453, 5673964.566778254, 0.00014836778025075842, 0.0006437543093454357, 1.0108374577265125]
[-1558.6719968517605, -6660.492100464894, -10483956.268841593, 843.4770574454651, 3604.799463858982, 5674160.598981082, 0.00015028086909926194, 0.0006421952279651557, 1.0108725115136121]
[-1525.9205002523872, -6640.234695516978, -10497613.608142799, 825.7516312966983, 3593.8356957872907, 5681551.212951941, 0.00014712297617330546, 0.0006402420311944737, 1.012189294150164]
[-1538.2553000148023, -6673.444779486494, -10503703.595487846, 832.4273226886997, 3611.809673818935, 5684846.55554342, 0.00014831229013272603, 0.0006434441404873846, 1.0127764562005044]
[-1553.0403493567092, -6674.561186181999, -10516736.489239898, 840.4292083797085, 3612.4139215716405, 5691899.650665511, 0.00014973785745647092, 0.0006435517802705206, 1.014033047443145]
[-1552.7008829725082, -6660.058215359945, -10534172.084681913, 840.2455490021498, 3604.56473336598, 5701335.691326551, 0.00014970512677506888, 0.0006421534125998955, 1.0157141451317904]
[-1549.7378501320188, -6657.427646544729, -10551851.65091258, 838.6419432547763, 3603.141030680042, 5710903.9741587825, 0.00014941942986296976, 0.0006418997769283919, 1.017418773687267]
[-1558.1186934862728, -6667.454644606053, -10565576.018308606, 843.1777649126644, 3608.567901884154, 5718331.796881738, 0.00015022750101569888, 0.0006428665796501647, 1.018742054236217]
[-1563.3899853919308, -6659.398649826563, -10581062.65811963, 846.0306964183345, 3604.207913300709, 5726713.550647194, 0.0001507357545867014, 0.0006420898253654431, 1.0202352563383383]
[-1560.434336046574, -6662.3675072106425, -10597735.781644886, 844.4311049559084, 3605.814786304916, 5735737.565506032, 0.00015045076599334167, 0.0006423760911852881, 1.021842861715163]
[-1566.8853167186803, -6663.506640584476, -10603911.989523474, 847.9224823225617, 3606.431362149697, 5739080.618182274, 0.0001510727596333372, 0.0006424859277043009, 1.022438376486667]
[-1567.8140195439316, -6651.95775925011, -10607534.991189059, 848.4251717495473, 3600.180979832037, 5741041.881528663, 0.00015116229934291101, 0.0006413723952512511, 1.022787716976697]
[-1567.9827340105016, -6668.148014636095, -10602131.238260722, 848.5164384288895, 3608.943540425092, 5738117.809214687, 0.00015117855945262487, 0.0006429334604942235, 1.0222667156128018]
[-1578.981121316867, -6631.696697509642, -10589872.40616172, 854.4690808563417, 3589.2154935260305, 5731483.598624484, 0.00015223901965506, 0.0006394188408321979, 1.0210847562647438]
[-1604.5917647241283, -6657.438030760193, -10566561.287602259, 868.3298819270304, 3603.1473104573356, 5718867.763338269, 0.0001547083840200718, 0.0006419008057386321, 1.0188371550682733]
[-1609.945330560469, -6649.929163994884, -10556309.150591642, 871.2273499089355, 3599.0834440252834, 5713319.65040709, 0.0001552245671300924, 0.0006411768120216524, 1.0178486796306756]
[-1614.1722452865602, -6657.618925223754, -10545764.556995893, 873.5150717211385, 3603.2454280099805, 5707613.152576879, 0.00015563211052715205, 0.0006419182659717266, 1.0168320021227002]
[-1609.3222973922282, -6620.828885297456, -10548231.110384688, 870.8903308671793, 3583.3341158564153, 5708948.346701832, 0.00015516448073433906, 0.0006383709847025434, 1.0170698328997265]
[-1634.135392706687, -6609.731189359291, -10549307.551512783, 884.3196113806075, 3577.3278628245484, 5709531.136913953, 0.0001575569449708437, 0.0006373009500736681, 1.0171736292873061]
[-1626.0438797236225, -6671.203759335919, -10554982.317838326, 879.9402995550439, 3610.5980579985167, 5712602.353855657, 0.00015677674704370727, 0.0006432281303895004, 1.0177207789815226]
[-1639.134025785646, -6645.634960480176, -10563453.798570385, 887.0249791827355, 3596.7599085796405, 5717187.075452743, 0.00015803889264027807, 0.0006407627925943668, 1.0185375787885458]
[-1648.2603961360255, -6633.451885570132, -10569873.441111472, 891.9643346957353, 3590.166390907732, 5720661.492251902, 0.0001589188465210467, 0.0006395881121885912, 1.019156550550968]
[-1643.7114332012472, -6654.321375821807, -10572456.936399335, 889.5024209320136, 3601.4613944847847, 5722059.80333912, 0.0001584802223593442, 0.0006416003595590464, 1.0194056501175432]
[-1657.198419492475, -6646.187165418543, -10570147.494026866, 896.801863173917, 3597.0591242468086, 5720810.079047896, 0.0001597806259964309, 0.0006408160622977524, 1.0191829842917075]
[-1673.130830729393, -6650.881850302452, -10568831.570806863, 905.4247466140249, 3599.6000765005106, 5720098.120748709, 0.0001613168128238192, 0.0006412687304720496, 1.0190561141585857]
[-1683.2574395642184, -6648.003677699699, -10561440.580857283, 910.9054538349608, 3598.042487801346, 5716098.264503293, 0.0001622932093013063, 0.0006409912230476585, 1.0183434968005778]
[-1687.1193615139675, -6643.41837195054, -10552619.178848453, 912.9956380119573, 3595.560953353754, 5711324.252938197, 0.00016266556699443606, 0.0006405491174407076, 1.0174929616560047]
[-1680.0578055177318, -6619.754914026997, -10543683.11509616, 909.1739799082976, 3582.7540065415988, 5706488.080545389, 0.00016198468906966293, 0.0006382675058250525, 1.016631367083657]
[-1689.1202626370696, -6671.589163289867, -10522730.861963546, 914.0786452717061, 3610.807649743483, 5695148.714869825, 0.0001628584684214298, 0.0006432653621223584, 1.01461119688277]
[-1703.4573905933687, -6652.080554965116, -10503908.099380312, 921.8381653034454, 3600.249460574747, 5684961.697329817, 0.00016424084465132898, 0.0006413843495989891, 1.0127963424700839]
[-1720.0695666735287, -6642.090514472768, -10480433.395077186, 930.828954786389, 3594.842829698322, 5672256.941229638, 0.0001658425784436006, 0.0006404211158226351, 1.0105329540487935]
[-1727.0676643175266, -6656.935454627673, -10455258.164190529, 934.6164369974063, 3602.8772820139106, 5658631.778339396, 0.00016651732174118432, 0.0006418524719020985, 1.0081056015239784]
[-1739.8888135180011, -6639.703002770929, -10428079.910191357, 941.5555090277766, 3593.550871963523, 5643922.433591215, 0.00016775352796921262, 0.0006401909268153298, 1.005485116435557]
[-1740.6772079379293, -6634.964678979102, -10396889.9128786, 941.9823203024571, 3590.9865279917394, 5627041.725170015, 0.0001678295370522713, 0.0006397340703356935, 1.0024778200627593]
[-1731.616085288501, -6634.5588069100695, -10371658.958719084, 937.0783078908643, 3590.7669774474734, 5613386.110954393, 0.00016695586006357973, 0.0006396949458740551, 1.0000450837333594]
[-1744.0242705879284, -6632.298554594406, -10340527.667836305, 943.7938781608248, 3589.543772629225, 5596537.054528223, 0.00016815224672952675, 0.0006394770150064896, 0.9970434431795899]
[-1744.0783398881654, -6651.31488229599, -10312944.243386272, 943.8231463773388, 3599.835839802661, 5581608.105648608, 0.00016815744871557156, 0.0006413105747515982, 0.9943838801543611]
[-1769.3269641060356, -6611.20122623328, -10293296.755219944, 957.4882059706496, 3578.125632995067, 5570974.153094521, 0.0001705919125214218, 0.000637442824277784, 0.9924894851264346]
[-1755.2031556532816, -6626.818822991011, -10280909.13857111, 949.8441464327993, 3586.578365683605, 5564269.254785067, 0.00016923009194523718, 0.0006389486811788395, 0.9912950713177888]
[-1775.422778865743, -6621.915428556909, -10275443.302480448, 960.7873403505771, 3583.9245876131913, 5561310.536839089, 0.0001711796603897608, 0.0006384758949848315, 0.9907680445540794]
[-1779.0067583532623, -6610.030593989523, -10277120.262194786, 962.7271281487651, 3577.4923891812277, 5562217.46471719, 0.00017152522066807703, 0.000637329967473295, 0.9909297090528665]
[-1778.9249810758172, -6594.014035777872, -10287547.82275737, 962.6829381415107, 3568.824054280455, 5567860.266819355, 0.000171517328666223, 0.0006357856644787411, 0.9919350890062003]
[-1790.1871588534916, -6599.5770564734075, -10302859.061286857, 968.7782494343229, 3571.8348999935797, 5576146.211195945, 0.00017260322345390334, 0.000636322048984062, 0.9934113460145282]
[-1799.0680678384053, -6613.447164400088, -10321873.108905675, 973.5846766987091, 3579.3417718402457, 5586436.224404951, 0.00017345950290555668, 0.0006376594119645493, 0.9952446237919832]
[-1806.6853754324418, -6612.4414793760625, -10347226.496635266, 977.70734762231, 3578.7975116485018, 5600157.2066727355, 0.00017419395868300622, 0.0006375624388798156, 0.9976891311992708]
[-1834.3512907769239, -6579.8040202958, -10374712.010171715, 992.6806939783884, 3561.133583611845, 5615032.208029882, 0.00017686149136960448, 0.0006344155451093361, 1.0003392177160013]
[-1813.355518707122, -6622.722479633279, -10404092.421827486, 981.3174313477883, 3584.3619841240275, 5630932.872314533, 0.00017483707273022918, 0.0006385537497131156, 1.0031720115597917]
[-1822.7608446439403, -6598.324669062189, -10433238.962088356, 986.4077798040394, 3571.157584833383, 5646707.098628664, 0.00017574392315193032, 0.0006362013277458712, 1.00598226106757]
[-1839.9671797659807, -6595.836173809868, -10456025.753564397, 995.7201683583754, 3569.81085950142, 5659039.46159683, 0.00017740294658337655, 0.0006359613881173886, 1.0081793188798536]
[-1831.1585730873755, -6586.500825736882, -10479124.58784105, 990.9529304967627, 3564.758582894077, 5671540.765133415, 0.0001765536196136791, 0.0006350612901233523, 1.0104064655471083]
[-1839.0504164106837, -6591.82165452067, -10488902.11339996, 995.2241605821368, 3567.6384627282887, 5676832.560616523, 0.00017731453652753085, 0.0006355743318159449, 1.011349200459048]
[-1856.2889640360488, -6591.37296833172, -10491194.060821768, 1004.5539137538248, 3567.395712112475, 5678073.257664957, 0.00017897666106361478, 0.0006355310718460872, 1.0115701961020926]
[-1860.4271857139504, -6583.832404084227, -10491177.715770584, 1006.7936279051232, 3563.3148479300203, 5678064.695180408, 0.0001793756607668499, 0.0006348040243313765, 1.0115686308443914]
[-1857.2859212111368, -6575.275445343626, -10485741.546506276, 1005.093578622943, 3558.683664613489, 5675123.015576121, 0.0001790727684507974, 0.0006339789745061561, 1.0110445015702532]
[-1871.1806896818932, -6572.207303686229, -10473523.471671142, 1012.6137915638435, 3557.0232965890746, 5668510.8638333175, 0.00018041249766359303, 0.000633683152715513, 1.0098664719858905]
[-1896.6139604852913, -6590.823006663965, -10451841.56604171, 1026.3786398940551, 3567.098586250756, 5656776.909631327, 0.00018286475693510588, 0.0006354780757513188, 1.0077759616008506]
[-1877.7864563649675, -6565.962247210117, -10434943.877916524, 1016.1890313251213, 3553.6436010604293, 5647632.188360163, 0.0001810494073290957, 0.0006330810234445916, 1.0061467354433564]
[-1903.4286260426352, -6567.2229486757205, -10406161.173000125, 1030.0669929994156, 3554.326027289865, 5632055.194345273, 0.00018352180843356566, 0.0006332025814703162, 1.0033715783847148]
[-1912.9309532619475, -6543.211770236048, -10378787.606181614, 1035.2099911014857, 3541.330824520175, 5617240.705341091, 0.00018443800977462532, 0.0006308874355997648, 1.0007322827606895]
[-1921.5778753095208, -6578.797085162267, -10351686.772970494, 1039.8896792516928, 3560.5904149080993, 5602573.906956059, 0.00018527173524058517, 0.0006343185724114376, 0.9981192867987013]
[-1911.670615849441, -6559.567637969898, -10330125.953824751, 1034.5278657812364, 3550.183195110189, 5590905.164781067, 0.00018431647615505965, 0.0006324644828577524, 0.9960404392308291]
[-1926.5915218952491, -6542.332277897422, -10305437.920809245, 1042.603366254635, 3540.855212631826, 5577543.8966152165, 0.00018575513802611464, 0.0006308026575395564, 0.9936600696721901]
[-1941.4910396290181, -6559.000399323893, -10283003.44284692, 1050.6671786345075, 3549.8764041738555, 5565402.254234274, 0.00018719173439991216, 0.000632409799684915, 0.9914969829812669]
[-1928.5240190825148, -6548.715313513358, -10267872.563454688, 1043.649316912241, 3544.310044298287, 5557213.249513373, 0.00018594145025398098, 0.0006314181275258658, 0.9900380904938626]
[-1929.7229178383307, -6554.319354037492, -10256568.648604099, 1044.2982532463916, 3547.343152113004, 5551095.422432062, 0.00018605704243759177, 0.000631958479141204, 0.9889481863957037]
[-1970.4033796467052, -6500.738868971302, -10248331.549220009, 1066.3153168722333, 3518.344371668243, 5546637.385197117, 0.00018997944537341217, 0.0006267922514093876, 0.988153978976498]
[-1957.1801368947383, -6558.259581357668, -10241993.494307194, 1059.1585447166187, 3549.475827784785, 5543207.089943669, 0.00018870444741133575, 0.0006323383956199727, 0.9875428724421289]
[-1948.8581792570155, -6546.441865446461, -10248833.628932768, 1054.6546729422669, 3543.0799550117586, 5546908.918053424, 0.00018790203804061663, 0.0006311989470377463, 0.9882023811225326]
[-1957.4552431504774, -6539.689584509255, -10258217.18411513, 1059.3075518685416, 3539.4255386670743, 5551987.328619129, 0.0001887309633451731, 0.0006305478899556078, 0.9891071239360482]
[-1974.9601453208231, -6570.664408712658, -10263448.240450324, 1068.781408708913, 3556.1898113621533, 5554818.312824453, 0.0001904187714894936, 0.0006335344784712894, 0.9896114884370907]
[-1982.3020018067357, -6572.020905080048, -10270576.697432963, 1072.7549617706554, 3556.9240084602566, 5558676.116334704, 0.0001911266632956381, 0.000633665276450573, 0.9902987940824028]
[-1983.713390946802, -6559.077751312473, -10281573.457938146, 1073.5188791735395, 3549.9190678238533, 5564627.436197834, 0.00019126274800630296, 0.0006324173095204552, 0.991359072649363]
[-1985.1040306465236, -6555.185542028209, -10288405.869201113, 1074.2715705862497, 3547.8125581025197, 5568324.945502405, 0.00019139683146489727, 0.0006320420244751323, 0.9920178314181195]
[-1983.4058464965299, -6550.1571088679675, -10292944.01614536, 1073.352542576684, 3545.09114188701, 5570780.733047578, 0.0001912330886650621, 0.0006315571906409355, 0.9924553798021873]
[-1986.2806934769744, -6549.744843686172, -10294007.587673621, 1074.908456842333, 3544.868090376335, 5571356.073354533, 0.00019151027572805865, 0.0006315174471502201, 0.9925579170349079]
[-1990.0054575400382, -6535.237071713297, -10291594.255677346, 1076.924406101156, 3537.0162303335583, 5570049.702613236, 0.00019186941765530788, 0.0006301186073328529, 0.9923252185003854]
[-1970.9932743442419, -6546.815834909126, -10284146.589040002, 1066.6347639277744, 3543.2828433603627, 5566018.694079194, 0.00019003625457133752, 0.0006312350358911125, 0.991607118431747]
[-1978.8512070890815, -6511.673974693042, -10280452.70611199, 1070.8876773046823, 3524.2634947196243, 5564019.361946571, 0.00019079392885684916, 0.0006278466697718965, 0.9912509547511275]
[-1999.8235924245748, -6507.661951577545, -10260918.270135563, 1082.238216726273, 3522.092085129003, 5553447.100465579, 0.00019281607814689245, 0.0006274598182625501, 0.9893674791054594]
[-2001.324982696562, -6557.761262671241, -10237694.170330869, 1083.0506901268936, 3549.2068303239375, 5540878.032812306, 0.00019296083057918748, 0.0006322903906852592, 0.9871282557291451]
[-2022.8770355209513, -6531.348736297826, -10217113.617250884, 1094.7151002260616, 3534.9118861456154, 5529739.710801145, 0.0001950388787739523, 0.0006297436964956068, 0.9851439194829028]
[-2012.2722057718186, -6541.4547195343575, -10198122.34273377, 1088.9755250757132, 3540.3814457583135, 5519461.564175887, 0.000194016356632558, 0.000630718120555521, 0.9833128201470865]
[-1966.6876642364905, -6474.700472994639, -10193317.326775886, 1064.304673885563, 3504.2527680107573, 5516861.063602423, 0.00018962111830595784, 0.0006242816993140474, 0.9828495301439042]
[-1975.0745657706132, -6512.5952179310325, -10169666.109803664, 1068.843683836296, 3524.762082206422, 5504060.850916468, 0.00019042976932738515, 0.0006279354986017757, 0.9805691254805045]
[-1993.8089299521296, -6561.105240098549, -10152828.91537784, 1078.9828913069996, 3551.016654001946, 5494948.481189298, 0.00019223613430394896, 0.0006326128197841243, 0.9789457173643591]
[-2000.162099761288, -6556.906411870428, -10147620.016766379, 1082.4212737325784, 3548.744145688688, 5492129.454625218, 0.00019284870503894226, 0.0006322079743669831, 0.9784434879746458]
[-1978.6641270076507, -6549.427273301306, -10147259.376437329, 1070.7863027836331, 3544.696231242835, 5491934.245565139, 0.00019077587865593617, 0.0006314868272390224, 0.9784087146793453]
[-1990.4042245829814, -6528.790651099898, -10149459.348538328, 1077.1402501838497, 3533.5273607118625, 5493124.847424493, 0.00019190786842045038, 0.0006294970409918074, 0.978620830260166]
[-1980.71339867533, -6577.405289180177, -10150842.77392222, 1071.8952992193108, 3559.838334777607, 5493873.601891392, 0.000190973478405539, 0.0006341844490530193, 0.9787542187645192]
[-2004.5705988022794, -6563.406281699904, -10153502.883411935, 1084.80712510365, 3552.2618704648416, 5495313.15098869, 0.00019327378576713996, 0.000632834662635764, 0.9790106967905148]
[-1988.5518431310977, -6564.084542484489, -10163510.423638549, 1076.1374922726413, 3552.6289052320167, 5500729.199301985, 0.00019172926803006157, 0.0006329000571565251, 0.9799756004879427]
[-1993.8286181567632, -6546.620810467533, -10172380.164499626, 1078.993386501651, 3543.177133393782, 5505529.388625931, 0.00019223805956244556, 0.0006312161979047797, 0.9808307969907484]
[-1982.6680440845205, -6565.186774656153, -10182052.294030849, 1072.9530555223598, 3553.2253575718896, 5510763.79414428, 0.00019116196108871615, 0.0006330063253341066, 0.9817633566573366]
[-1980.2410373299267, -6557.838876492086, -10193272.271093853, 1071.639488331948, 3549.2484556420186, 5516835.918569776, 0.00019092795778676415, 0.0006322978324566802, 0.9828451572627125]
[-1967.9892200508646, -6576.298125549821, -10204867.276604882, 1065.008568578445, 3559.2387907555058, 5523111.020782501, 0.00018974664237103993, 0.0006340776753015921, 0.9839631177501864]
[-1962.4920045911772, -6573.483802434514, -10216637.467819912, 1062.0333309601092, 3557.715571243685, 5529480.925302798, 0.00018921660966699056, 0.0006338063142932709, 0.9850979689470103]
[-1953.3536637866766, -6576.603077721336, -10226906.420049127, 1057.0874827882017, 3559.4036791314866, 5535038.344205406, 0.00018833549758138203, 0.0006341070684709987, 0.9860880734280529]
[-1952.0291361837606, -6569.255223437612, -10236547.06593983, 1056.370620335854, 3555.4268148384017, 5540255.7401499525, 0.00018820779736369598, 0.0006333985818644822, 0.9870175986199148]
[-1947.6597361664444, -6573.786220999025, -10241039.396458047, 1054.0057585999896, 3557.8789487384483, 5542686.914787406, 0.00018778650612991267, 0.0006338354469213625, 0.9874507363885637]
[-1932.4984172613883, -6563.099383047111, -10249423.632097095, 1045.800274746142, 3552.0948983412654, 5547224.452589117, 0.00018632466795403637, 0.0006328050305472781, 0.9882591254710645]
[-1935.2124629752009, -6561.319445205591, -10249456.61516257, 1047.2690849564606, 3551.1314940509715, 5547242.310257343, 0.0001865863621988792, 0.0006326333967991756, 0.9882623058983173]
[-1928.56165730571, -6559.465430149876, -10250902.145383943, 1043.669532444443, 3550.1279482230057, 5548024.671278552, 0.00018594509929152934, 0.0006324546263507464, 0.9884016822409486]
[-1909.8473561497601, -6571.500641810952, -10252245.32066179, 1033.541022531409, 3556.6414612367053, 5548751.6648311885, 0.00018414067957510545, 0.0006336150487005203, 0.988531190765862]
[-1916.7215618605321, -6566.294919264599, -10251229.315120563, 1037.2614030649058, 3553.8238929887784, 5548201.859023094, 0.0001848034997194243, 0.000633113098417503, 0.9884332318837765]
[-1893.7660782678756, -6572.012423181007, -10259746.83974347, 1024.8374844921962, 3556.918261430393, 5552811.753445162, 0.00018259014491600717, 0.0006336643854549953, 0.9892544807206733]
[-1889.8779656941276, -6571.861066675922, -10276356.55925011, 1022.7331314650173, 3556.8361850008637, 5561801.385562216, 0.0001822152639773819, 0.0006336497828157058, 0.9908559702377827]
[-1864.6813961903126, -6551.676075995418, -10301987.71009134, 1009.0963748292669, 3545.91151285439, 5575673.5536245275, 0.00017978582363956035, 0.000631703541185289, 0.9933272914171675]
[-1873.118413057707, -6583.054279507769, -10326758.793261517, 1013.662471468224, 3562.893919488449, 5589080.342825647, 0.0001805993278982684, 0.0006347290137795234, 0.9957156901586943]
[-1864.6880005447138, -6589.285156652018, -10356990.192528596, 1009.0997327339443, 3566.266047966812, 5605442.327159904, 0.00017978647851644088, 0.0006353297846868781, 0.9986305632357304]
[-1854.6995513892296, -6588.037829577247, -10391181.789333984, 1003.6938081415173, 3565.5908371973464, 5623947.597195636, 0.0001788234067533067, 0.0006352095163122788, 1.0019272708224478]
[-1851.642641519605, -6593.338852938564, -10419720.459206825, 1002.0392764945661, 3568.459740458265, 5639393.422119353, 0.00017852866452167584, 0.0006357206341058961, 1.004678932622952]
[-1843.107216974317, -6602.028917221955, -10447678.78253343, 997.4196998505099, 3573.162771390016, 5654525.140101012, 0.0001777056913112198, 0.0006365585129697364, 1.007374637808793]
[-1809.8266624023922, -6570.352409931006, -10478279.295698285, 979.4078399720669, 3556.0187317562045, 5671086.66723871, 0.00017449679675604951, 0.0006335042715515804, 1.010325091669154]
[-1820.6604049042853, -6604.7344653631835, -10496654.42785428, 985.2710607225805, 3574.626819209394, 5681031.768998352, 0.00017554139567273734, 0.0006368193679351628, 1.0120967994426602]
[-1807.3527150129187, -6609.129380861258, -10512045.517682277, 978.068668092973, 3577.0053899330205, 5689361.718556431, 0.0001742582741140555, 0.0006372431272437392, 1.0135807853339385]
[-1811.3414111093828, -6604.070663685802, -10521279.521064626, 980.2273922714902, 3574.2673958471073, 5694359.293318984, 0.00017464287866765014, 0.0006367553516481775, 1.0144711125282189]
[-1797.5197316006877, -6624.543290944503, -10522505.321491735, 972.7467895818847, 3585.347370157141, 5695022.708585821, 0.0001733101933627413, 0.0006387293124286324, 1.0145893019532966]
[-1797.0019609941016, -6613.333103328402, -10521887.612508588, 972.4665382847295, 3579.2800998084426, 5694688.273953005, 0.0001732602890964446, 0.0006376484154311984, 1.0145297388921617]
[-1790.5924115898918, -6610.959149424755, -10513445.419286614, 968.9975399717091, 3577.9951845700107, 5690119.057722877, 0.00017264228767101963, 0.0006374195178433703, 1.0137157499026033]
[-1778.0077779370524, -6627.848728904041, -10498009.045864755, 962.1864749414041, 3587.1360577876253, 5681764.43323756, 0.00017142888589418163, 0.0006390480033782436, 1.0122273915487858]
[-1775.9916014963972, -6628.686507820766, -10474344.939916864, 961.0952446293988, 3587.589386259267, 5668956.946574379, 0.00017123449330117186, 0.0006391287729390716, 1.0099457328965395]
[-1759.9682189294963, -6633.68143690237, -10444281.795417255, 952.4230953667482, 3590.2926226453474, 5652686.427101489, 0.00016968952761671344, 0.000639610383776337, 1.0070470978692458]
[-1757.7638882037004, -6634.785659285555, -10410305.094803978, 951.2300417271049, 3590.890155434117, 5634298.027211202, 0.0001694769956793546, 0.0006397168456799524, 1.0037711315440054]
[-1747.8487897304617, -6626.846712093345, -10378931.15459202, 945.8638481243884, 3586.5933263734987, 5617318.448502068, 0.00016852099128656533, 0.0006389513694051775, 1.0007461254476975]
[-1729.8857226486327, -6580.361034875218, -10357469.62078956, 936.1420376864942, 3561.4343070635114, 5605703.706862921, 0.00016678900962769543, 0.0006344692242627125, 0.99867686083996]
[-1738.6544051947835, -6621.195605707658, -10330537.571286833, 940.8876601969488, 3583.5346231176627, 5591128.4234333495, 0.00016763448660894026, 0.0006384064736858163, 0.996080145015392]
[-1722.9444875374213, -6634.650018603157, -10315877.144229172, 932.3851612330807, 3590.8162760262976, 5583194.714867256, 0.00016611974553641122, 0.0006397037438303294, 0.9946666384395175]
[-1726.4349599116274, -6642.631198880706, -10305351.243706333, 934.2741971864655, 3595.1357100372334, 5577498.711181988, 0.00016645629933856505, 0.0006404732820337962, 0.9936517775192588]
[-1705.7214607323194, -6610.012860531011, -10303941.370998606, 923.0637884145252, 3577.482039694448, 5576736.265574095, 0.00016445911295396158, 0.0006373282223246617, 0.9935158624987188]
[-1721.734942715102, -6644.080827008808, -10309087.789257927, 931.7303981253714, 3595.920183571967, 5579522.294050373, 0.000166003141268043, 0.0006406130412148745, 0.9940120984725208]
[-1711.4387689649868, -6635.116541217439, -10323109.971774934, 926.1579412976085, 3591.068490402424, 5587111.821777479, 0.00016501039479730934, 0.0006397487061409372, 0.9953641136008726]
[-1707.5000907827791, -6630.902197296709, -10338914.758285837, 924.0262615269075, 3588.787511877754, 5595666.0136953, 0.00016463063751288116, 0.0006393423493569765, 0.9968880004086814]
[-1694.753126912079, -6642.723959977751, -10363536.200754266, 917.1273465667175, 3595.1855842033415, 5608991.785271412, 0.00016340158383012336, 0.0006404822013733095, 0.999261969913891]
[-1695.2302675979076, -6637.797541327439, -10386691.06171138, 917.3855711149527, 3592.5192364814416, 5621523.650222273, 0.00016344759121250435, 0.0006400071944892304, 1.001494527597624]
[-1696.6593871942068, -6622.760410582472, -10417246.693732025, 918.1590324713047, 3584.380886794357, 5638060.73640301, 0.00016358539421972148, 0.000638557310772437, 1.0044406484087074]
[-1696.2874969550937, -6637.038455444713, -10443656.285831895, 917.9577072297941, 3592.108338363495, 5652353.797273968, 0.00016354953690707956, 0.0006399339905666817, 1.006987010096083]
[-1696.1164998936908, -6672.601429833895, -10469077.07420165, 917.8649857022795, 3611.3555306443495, 5666111.611625352, 0.00016353304771240935, 0.0006433629605248315, 1.0094380295144576]
[-1683.017559201811, -6636.226194081247, -10496613.555620708, 910.775767349109, 3591.668599935844, 5681014.03916843, 0.00016227006241104771, 0.0006398556687627363, 1.0120930242937203]
[-1683.8287476807918, -6627.852427160863, -10516502.753960101, 911.2147980053085, 3587.136498115075, 5691777.581390728, 0.0001623482823668423, 0.0006390482695255957, 1.0140106783005676]
[-1677.2062068745704, -6644.675516440829, -10528749.4994049, 907.6305310280978, 3596.241419304379, 5698404.786222251, 0.00016170974140448517, 0.0006406703431397698, 1.0151914547540477]
[-1674.3335797565244, -6630.069991012586, -10529567.658408152, 906.0758567601544, 3588.336595575182, 5698846.5485600075, 0.00016143276782273062, 0.0006392620822811719, 1.0152703011484123]
[-1679.2704149346125, -6647.751396044744, -10516235.07335061, 908.7476696782237, 3597.9060251294213, 5691629.892386766, 0.00016190877728768376, 0.0006409669106544814, 1.013984762707327]
[-1642.001859701517, -6607.790063921862, -10510363.760524107, 888.5774693564628, 3576.2782009084776, 5688451.364462173, 0.00015831535726909622, 0.0006371138742688273, 1.0134186269628855]
[-1683.1627190519978, -6580.461071219786, -10481400.676929906, 910.854491067345, 3561.4871200808648, 5672775.467862749, 0.00016228408975650874, 0.0006344787898472208, 1.0106260298287724]
[-1688.5364786057323, -6576.888972659966, -10460340.60975411, 913.7627719498984, 3559.5538743412976, 5661377.005772672, 0.000162802230540544, 0.0006341343604785506, 1.0085954362314113]
[-1662.7413133178072, -6621.620459438068, -10436416.910606511, 899.8018921728346, 3583.763403604327, 5648428.847699162, 0.00016031505972651693, 0.0006384473717952963, 1.0062887414003319]
[-1669.1600670026578, -6643.5208745542905, -10406709.933196422, 903.2758594918005, 3595.616338022366, 5632350.800477644, 0.00016093395025789485, 0.0006405589995655186, 1.0034244364485532]
[-1670.5697936878207, -6622.680292117351, -10390887.49925437, 904.0387515781945, 3584.336961947464, 5623787.556644885, 0.00016106988122881937, 0.0006385495542561857, 1.0018988669390558]
[-1663.865022656209, -6619.951456448095, -10377102.290237332, 900.4100502122866, 3582.860018707207, 5616327.013483337, 0.00016042341247153347, 0.0006382864406457927, 1.0005697279881467]
[-1672.7791929303635, -6626.198159704461, -10364762.879912881, 905.2345159350275, 3586.2408805560913, 5609649.1206280645, 0.00016128291115069334, 0.0006388887421472383, 0.9993799966985587]
[-1664.262395736027, -6628.218548594431, -10360402.621493237, 900.6251302143828, 3587.3343650863244, 5607289.748198966, 0.00016046172683821937, 0.0006390835485496815, 0.9989596052855465]
[-1669.0197167576803, -6618.559165669247, -10363365.188377088, 903.1997685652599, 3582.1065015205127, 5608893.830506476, 0.00016092042543330178, 0.0006381521924398513, 0.9992452774054218]
[-1674.2852260455595, -6644.875076891696, -10365648.192749646, 906.0495274935264, 3596.3491953722055, 5610130.092543756, 0.00016142811879859333, 0.0006406895682284472, 0.9994654260605209]
[-1671.4530350084863, -6611.039173555692, -10382298.335013116, 904.5168480682728, 3578.036557881162, 5619142.0699967155, 0.00016115504786228156, 0.0006374271190426615, 1.001070830730528]
[-1658.5592196605944, -6627.000896746098, -10401894.343049716, 897.5384553147361, 3586.6753993537664, 5629748.50891427, 0.00015991182185517283, 0.0006389661517331378, 1.0029602752672897]
[-1670.7718662953212, -6648.4243407438225, -10419246.403290473, 904.1480573046948, 3598.27015581198, 5639140.449180077, 0.00016108936029230568, 0.0006410317857025175, 1.0046333605181363]
[-1665.2162778745476, -6628.002014767375, -10445939.257090233, 901.1413606724602, 3587.217207828867, 5653587.5631057685, 0.0001605536936124733, 0.0006390626730551973, 1.0072070620423235]
[-1657.6007046646498, -6612.022781992224, -10475548.240429088, 897.0197331977137, 3578.568953292377, 5669612.795365921, 0.00015981940074110058, 0.0006375219660149286, 1.0100619269022353]
[-1685.0977612105082, -6625.592390199892, -10496915.080042567, 911.9015128741685, 3585.913163190677, 5681177.081096062, 0.0001624706563975615, 0.0006388303341235137, 1.0121220912130475]
[-1685.0698067158764, -6602.414132495894, -10532685.987412523, 911.886558028901, 3573.368565931117, 5700536.723717436, 0.00016246796657180883, 0.0006365954954567271, 1.0155710592177494]
[-1677.6975532074232, -6646.957224259184, -10563164.312613633, 907.8964309927793, 3597.4762229151934, 5717031.734992164, 0.00016175712344057517, 0.0006408903343000625, 1.0185097173536124]
[-1674.9155743638603, -6658.200206954119, -10597506.827235138, 906.3907228681413, 3603.56118688233, 5735617.871144168, 0.00016148887985967283, 0.0006419743876825539, 1.021820945515226]
[-1658.5785075832396, -6634.953598036079, -10634012.190156145, 897.5489741755492, 3590.9796863617976, 5755374.342283605, 0.00015991366283626406, 0.000639732966746225, 1.0253407032414852]
[-1678.8872221476227, -6644.885075444432, -10657269.27824435, 908.5403376847529, 3596.3548017235703, 5767960.641171637, 0.00016187182328108782, 0.0006406905451962126, 1.0275830838036384]
[-1691.2354836522345, -6633.954022140173, -10678956.190854082, 915.2234200751652, 3590.4388367900165, 5779697.046808651, 0.00016306243584048182, 0.0006396365808746281, 1.0296740672023037]
[-1695.1444291851365, -6650.504804211464, -10693316.347531209, 917.3389744625862, 3599.396403469449, 5787468.153110616, 0.00016343933075055079, 0.0006412324026146091, 1.0310586187513795]
[-1689.1253478279632, -6637.376913932651, -10703345.373837573, 914.0814210127496, 3592.2914383593884, 5792895.161639007, 0.00016285897194357496, 0.0006399666185829719, 1.0320255688807765]
[-1695.5181720041062, -6629.365384565529, -10702756.405858656, 917.5413456107632, 3587.9554992486483, 5792575.675972693, 0.00016347536163350296, 0.0006391941492855412, 1.031968754109499]
[-1689.9133157377269, -6637.533230522802, -10697555.660017682, 914.5079154805549, 3592.3761430008717, 5789760.346712072, 0.00016293493602684557, 0.0006399817024547856, 1.0314672838128645]
[-1682.4606264700997, -6634.765742464417, -10681017.737074386, 910.4744752560312, 3590.878323158069, 5780809.298277529, 0.0001622163369441155, 0.0006397148592684088, 1.0298727064747903]
[-1667.9616206699343, -6628.460664677304, -10663230.5179504, 902.627474974516, 3587.4659929094096, 5771182.22255192, 0.00016081834157705567, 0.000639106937733743, 1.0281576782227182]
[-1710.1465006872345, -6646.079657391186, -10635833.798524, 925.458471488999, 3597.0017899260874, 5756354.685263783, 0.00016488580191748305, 0.0006408057509914404, 1.025516130725577]
[-1712.0782657651635, -6619.845482139001, -10609943.254655037, 926.5040277575137, 3582.8034377467343, 5742342.3953218805, 0.00016507206334601145, 0.0006382762587870438, 1.0230198093157379]
[-1698.9957081832808, -6637.53729255278, -10579460.216144059, 919.4235360812233, 3592.3786533810385, 5725844.775821094, 0.0001638106293487692, 0.0006399821138330883, 1.0200806945676564]
[-1708.9033122653098, -6626.300939097717, -10554114.549410814, 924.7857380354685, 3586.2972955214045, 5712127.7874075575, 0.000164765919342616, 0.0006388987092225498, 1.0176369246304269]
[-1761.1236096656953, -6542.36212006156, -10531289.661149161, 953.0484890221006, 3540.868038280826, 5699775.20498534, 0.00016980100405439893, 0.0006308053278062494, 1.0154362086483002]
[-1715.1361273688399, -6620.070365008723, -10512123.996482415, 928.1591126774119, 3582.9253794685856, 5689403.252930239, 0.00016536688255280112, 0.0006382979632896706, 1.0135883166784994]
[-1723.08318334617, -6617.25266892747, -10494504.84189477, 932.4602033086891, 3581.4004828799543, 5679868.357205746, 0.00016613313069381393, 0.0006380262852813783, 1.0118895390045803]
[-1735.7230115419577, -6634.546210256514, -10475714.408947319, 939.3010168687755, 3590.7601318508787, 5669699.638156856, 0.00016735185137391103, 0.0006396937225977827, 1.0100778319951733]
[-1730.659256470312, -6650.325251318157, -10462327.843700405, 936.5604454282998, 3599.300072981423, 5662455.480274225, 0.00016686359810993962, 0.0006412151449581325, 1.0087871535183428]
[-1732.3621775419556, -6645.825911905446, -10450569.920882192, 937.4821247850618, 3596.8650088364598, 5656092.771340945, 0.00016702778875117303, 0.000640781324373115, 1.0076535061908365]
[-1727.4178286975286, -6629.3828074776975, -10440513.33033721, 934.8062456614689, 3587.965709264753, 5650650.818640228, 0.00016655104750973372, 0.0006391958928660333, 1.006683897382017]
[-1715.742098328374, -6609.188316633312, -10429188.687484464, 928.4873320050234, 3577.0361744100815, 5644522.429484461, 0.00016542526802859514, 0.0006372487498843893, 1.005592019486304]
[-1746.8364701124374, -6644.903367279429, -10416760.571149176, 945.3159021461967, 3596.3659431737965, 5637796.994090989, 0.0001684233819596925, 0.0006406923897438004, 1.0043937529113462]
[-1745.0470325589308, -6597.537255766116, -10410475.375765689, 944.3476421120214, 3570.730502674762, 5634395.861105239, 0.00016825085093004276, 0.0006361253571364092, 1.003787763906827]
[-1754.874436737371, -6608.212786787983, -10402116.514511084, 949.6663605869538, 3576.508342737724, 5629872.422677785, 0.0001691984051518241, 0.0006371546918623763, 1.0029818352057183]
[-1760.1249176842812, -6620.56337815545, -10393467.882623654, 952.5079806940392, 3583.192768481501, 5625191.998123069, 0.00016970464892837175, 0.0006383455360627442, 1.0021479613375104]
[-1769.1329819769176, -6615.55551151176, -10385520.905890824, 957.3832967774919, 3580.482479439856, 5620891.158072293, 0.00017057320030144783, 0.0006378626799685984, 1.0013817338014752]
[-1768.6792574356327, -6600.132473062087, -10383764.541657116, 957.137771545642, 3572.135379748471, 5619940.55794584, 0.00017052945576752061, 0.0006363755995353181, 1.0012123869361491]
[-1746.5898736225151, -6632.795042317631, -10379273.793095993, 945.182653571414, 3589.8128512973117, 5617509.960883903, 0.00016839958753115, 0.0006395249316799924, 1.0007793911843288]
[-1768.6794406297188, -6628.747596612852, -10372590.618728997, 957.137784276655, 3587.6224170697146, 5613892.673878612, 0.00017052945728049244, 0.0006391346674649608, 1.0001350009532703]
[-1754.271297262858, -6612.722005616192, -10372123.31472541, 949.3400461916353, 3578.949054137208, 5613639.2362363245, 0.00016914022633020953, 0.0006375894914805841, 1.000089924431917]
[-1755.635735196821, -6616.782376461879, -10372021.434754267, 950.0784755209768, 3581.1466699540997, 5613583.556649814, 0.00016927178816690517, 0.0006379809934288182, 1.0000800809327017]
[-1761.094258984589, -6616.306381490307, -10367771.493531812, 953.0327021628332, 3580.8890536606777, 5611282.81469634, 0.0001697980870330154, 0.0006379351025117233, 0.9996702855641347]
[-1772.2547517860996, -6608.037725630311, -10364478.984675951, 959.072916776559, 3576.4139235245316, 5609500.176007793, 0.00017087418541356707, 0.0006371378341903037, 0.9993528014781107]
[-1747.2271474388467, -6597.552074092273, -10356971.358919417, 945.5276102343723, 3570.7388620456027, 5605436.151653786, 0.00016846102091801904, 0.0006361268186528457, 0.9986288989281813]
[-1781.9456343168663, -6677.675628600712, -10337346.010380551, 964.3176590045897, 3614.103315947674, 5594813.9448562525, 0.00017180856907074177, 0.0006438523254551162, 0.9967366296410406]
[-1774.0754405218931, -6606.924473069458, -10325217.44736686, 960.0583242675496, 3575.8114355758667, 5588249.037637792, 0.00017104973398192937, 0.0006370304951555087, 0.995567185335152]
[-1778.707577245222, -6578.684460382803, -10309370.111627784, 962.565397883833, 3560.527467039807, 5579671.610189129, 0.00017149637017693073, 0.000634307595432663, 0.9940391881802455]
[-1774.6996825853382, -6604.770089545614, -10290938.13837289, 960.3962149657933, 3574.6453783211537, 5569695.6632104935, 0.00017110992605793066, 0.0006368227674167349, 0.9922619967885389]
[-1778.7081767645668, -6593.598831377228, -10273644.53908547, 962.5656427675362, 3568.599283618915, 5560335.968816458, 0.00017149642822600998, 0.0006357456322425523, 0.9905945711109289]
[-1772.7771568241642, -6615.27454609985, -10256693.007985584, 959.355682795427, 3580.3306259430055, 5551161.464598257, 0.00017092455448335233, 0.000637835604119421, 0.9889601292647912]
[-1793.9358050182893, -6575.880684031104, -10249033.649469374, 970.8071564377486, 3559.009835721406, 5547016.17268926, 0.00017296467803529588, 0.0006340372487386173, 0.9882216290595116]
[-1778.451045941184, -6599.449841289953, -10241650.896802658, 962.4264706493686, 3571.7659874175665, 5543020.621350114, 0.0001714716384768981, 0.0006363097832529878, 0.9875098001445928]
[-1747.1916932573079, -6578.703814521884, -10246007.136437215, 945.508496771683, 3560.5378225813247, 5545378.412260356, 0.00016845761811196895, 0.0006343094646961158, 0.987929826468494]
[-1777.2818554251887, -6603.5302581081105, -10243316.922962466, 961.7936846760847, 3573.9743275383034, 5543922.740635961, 0.00017135890363902288, 0.000636703215950313, 0.9876704522881254]
[-1782.4737208791532, -6616.466569447856, -10249404.00870146, 964.6035260649246, 3580.975736634797, 5547217.458696002, 0.00017185949722507888, 0.0006379505311670253, 0.9882573702616935]
[-1778.3066606796237, -6620.689019416386, -10263547.858697826, 962.348258624893, 3583.2610001742837, 5554872.601134807, 0.00017145771108295594, 0.0006383576608580274, 0.989621107555569]
[-1775.7868745477456, -6617.198277097786, -10280816.526027285, 960.9845156795325, 3581.3717586547054, 5564218.937556288, 0.00017121475404759676, 0.0006380210854723757, 0.9912861344506467]
[-1767.3507273769533, -6593.363645640454, -10302761.843566028, 956.418831652188, 3568.4719672867136, 5576096.319323179, 0.00017040134391048338, 0.0006357229546481266, 0.9934020752226213]
[-1776.2119647425948, -6617.40387819541, -10322630.454455074, 961.2145909792863, 3581.4830412711326, 5586849.808194891, 0.0001712557395966078, 0.0006380409104339148, 0.9953177853095826]
[-1754.9236196335776, -6589.173518727464, -10345621.57719503, 949.6931598482277, 3566.2042140338667, 5599293.041499493, 0.00016920311725442214, 0.0006353189491281034, 0.9975345550926246]
[-1754.1202156490767, -6567.3042323589625, -10369572.685101906, 949.2583419618929, 3554.3681800726445, 5612255.867597409, 0.00016912566192499174, 0.0006332103221167307, 0.999843886367092]
[-1763.9944018650458, -6611.605620053865, -10376976.299128579, 954.6023473825763, 3578.344927938544, 5616262.885731021, 0.0001700777279742471, 0.0006374818518835101, 1.000557733353113]
[-1755.0403061365848, -6555.1131453504195, -10390140.54170291, 949.7563322069542, 3547.770167457533, 5623387.498070525, 0.0001692143795344644, 0.0006320348596421941, 1.0018270052313494]
[-1776.3869194689316, -6601.750856718313, -10385951.63934716, 961.3093730582224, 3573.011427042289, 5621120.307670371, 0.00017127260798203303, 0.0006365316554289293, 1.0014231146160806]
[-1731.3942061919065, -6577.094024836173, -10390652.632827029, 936.9587691904635, 3559.6666875125056, 5623664.232338227, 0.0001669344076517547, 0.0006341542640922779, 1.0018763644761204]
[-1781.0970660286987, -6613.130277683796, -10382328.278927527, 963.8585787054824, 3579.170204901459, 5619158.812387365, 0.00017172675400264195, 0.0006376288571122553, 1.0010737381102202]
[-1786.6009556278318, -6597.46268080913, -10382173.811369104, 966.8373039785129, 3570.6907657694214, 5619074.904919607, 0.00017225743932897634, 0.0006361181944075767, 1.0010588330059969]
[-1783.1237296347006, -6620.342494470928, -10374628.59524893, 964.9553759867385, 3583.0736665105483, 5614990.960470977, 0.0001719221553101683, 0.0006383242617170598, 1.0003313220683787]
[-1792.609108659117, -6606.797300042277, -10374090.24122875, 970.0890456383742, 3575.742769561303, 5614699.113601394, 0.00017283673555000602, 0.000637018235904544, 1.000279396685517]
[-1784.3311580202117, -6604.6565239726115, -10378743.621439926, 965.6089426661293, 3574.5841582022686, 5617216.940072073, 0.00017203857813191857, 0.0006368118273464553, 1.0007280433309995]
[-1783.948806216298, -6618.514796404609, -10381749.540342651, 965.40195063059, 3582.084548439827, 5618843.102293227, 0.0001720017065139621, 0.0006381480366226002, 1.0010178432006027]
[-1780.451687236983, -6589.671815377193, -10393408.137199227, 963.5093127279096, 3566.474179816267, 5625152.167463084, 0.00017166451653502336, 0.0006353670101316121, 1.0021419179436608]
[-1785.0640956705151, -6622.750253898932, -10399538.05246499, 966.0055970778502, 3584.376843868331, 5628469.059622623, 0.00017210923827568379, 0.0006385564268075712, 1.0027329275136514]
[-1794.8965784684835, -6627.603658496644, -10410702.296305917, 971.327045052279, 3587.003669177308, 5634510.653991736, 0.00017305727983355965, 0.0006390243893840215, 1.0038093405874902]
[-1790.644132685518, -6611.67271462184, -10429950.70582455, 969.0256392216236, 3578.381572763155, 5644927.560495431, 0.0001726472614959445, 0.0006374883387321203, 1.0056652171586822]
[-1793.4516374206512, -6619.4525254061, -10449462.906028058, 970.5451245273049, 3582.5921133986635, 5655487.411185529, 0.00017291795848854236, 0.0006382384667139975, 1.0075465346623536]
[-1794.9668861649932, -6622.252224645961, -10469621.852531493, 971.3651728416703, 3584.1074196473633, 5666397.445506543, 0.00017306405633796715, 0.000638508409001851, 1.0094902162241488]
[-1801.1294261340436, -6583.724520872415, -10495113.786037922, 974.7005751576814, 3563.255622741584, 5680193.841120842, 0.00017365824985826194, 0.0006347935766922421, 1.0119480982244076]
[-1832.138222013403, -6539.382882677551, -10525525.379499253, 991.4831521139453, 3539.257045423972, 5696653.1188141145, 0.00017664811437227202, 0.0006305181567746884, 1.0148803366340626]
[-1805.2755281280522, -6589.799315438502, -10560969.154783335, 976.9444967814054, 3566.543433103498, 5715836.100088482, 0.00017405801273805805, 0.0006353793084093873, 1.0182977777204323]
[-1814.4999327364326, -6597.71031515336, -10594791.622599704, 981.9368304996101, 3570.8250536571363, 5734141.789785669, 0.00017494742199563, 0.0006361420824188258, 1.0215589019605935]
[-1808.56065801045, -6621.630957233587, -10626387.115429873, 978.7224298819301, 3583.771267040055, 5751242.317621623, 0.00017437475144547454, 0.0006384485111053393, 1.0246053090975138]
[-1806.5023314792397, -6688.394621359245, -10653935.92308148, 977.6083385080308, 3619.905124812441, 5766152.824526303, 0.00017417628033049363, 0.0006448858761816754, 1.0272615454899048]
[-1804.4755902298439, -6622.992934546426, -10678486.069607954, 976.5115055511208, 3584.5085681808437, 5779440.408192728, 0.00017398087272050013, 0.0006385798361927729, 1.029628655795494]
[-1801.010456122919, -6610.668422060268, -10691573.420211863, 974.6361835318651, 3577.8382238310455, 5786524.250498886, 0.0001736467597298725, 0.0006373915176134543, 1.0308905457637232]
[-1816.8765813286532, -6608.96255338251, -10691997.108791232, 983.2231802994177, 3576.9150539717175, 5786754.300781739, 0.00017517656514141533, 0.0006372270364770326, 1.0309314251821677]
[-1803.939112064522, -6616.355865048636, -10687332.144560667, 976.2212341260134, 3580.9164447920048, 5784230.240805281, 0.00017392914014074614, 0.0006379399012811972, 1.0304816629807074]
[-1816.5750040444825, -6609.133135866934, -10665547.311194038, 983.0599954827076, 3577.007380335772, 5772440.5738048535, 0.00017514748751624613, 0.0006372434795887886, 1.0283812282171518]
[-1775.1781931047303, -6589.332512564061, -10646117.965776999, 960.6555533111514, 3566.2909429921206, 5761925.408815756, 0.00017115600858879425, 0.000635334327972973, 1.0265078935284906]
[-1820.9014307870727, -6587.730859820061, -10612026.28631126, 985.4015675018852, 3565.4241595129197, 5743474.768777596, 0.00017556464003837483, 0.0006351798830923203, 1.023220840683364]
[-1809.5346555384244, -6607.878641422029, -10576835.715314232, 979.2496878422044, 3576.3285402810993, 5724429.077098529, 0.00017446865600603896, 0.0006371225326585353, 1.0198278226336686]
[-1739.0643868156021, -6592.804059522165, -10544535.778771738, 941.110254008008, 3568.169828772993, 5706947.523819333, 0.00016767391918004677, 0.0006356690675807739, 1.0167135028725338]
[-1802.9857552288508, -6604.08752820791, -10492275.648403581, 975.7053092689897, 3574.2767317491334, 5678663.386998338, 0.00017383720174860798, 0.0006367570000914841, 1.0116746605356406]
[-1825.6054557937684, -6632.07871260802, -10444387.542508217, 987.9473148577385, 3589.426082137651, 5652745.29785335, 0.00017601818534910865, 0.000639455899381884, 1.0070573556703295]
[-1782.303734106452, -6609.582547091494, -10407811.317544121, 964.5119850009684, 3577.2507519548262, 5632949.053923886, 0.00017184303834510961, 0.0006372868349696549, 1.00353071191486]
[-1837.006281594148, -6610.926801665268, -10369129.878997268, 994.1176968094106, 3577.9783160543216, 5612013.734806522, 0.00017711745326026674, 0.0006374164344475412, 0.9998010981686252]
[-1843.4468129744248, -6625.13121200198, -10333212.241227137, 997.6033681624396, 3585.666009296966, 5592574.092930764, 0.00017773844220710008, 0.0006387860211861167, 0.9963379605264092]
[-1831.0535672213573, -6591.210307939345, -10300893.773039449, 990.8960682470048, 3567.307378957423, 5575082.294680991, 0.00017654349546319156, 0.0006355153746811454, 0.9932218458478204]
[-1768.6398748648921, -6536.960873515172, -10276254.097261656, 957.1171085997414, 3537.94653888959, 5561746.25685745, 0.00017052557561484654, 0.0006302846696349752, 0.9908461032946345]
[-1821.7167497957403, -6574.907354617764, -10238744.482831778, 985.8428648106619, 3558.4839154877554, 5541445.244139959, 0.00017564324069866503, 0.0006339434502049688, 0.9872294785877386]
[-1825.528103019708, -6605.367519929136, -10210017.007081514, 987.9055789958267, 3574.969536855441, 5525897.17884255, 0.0001760107312220603, 0.0006368804131017698, 0.9844596103291393]
[-1815.2503839782764, -6635.873958521443, -10188012.82238615, 982.3430371646847, 3591.480200447014, 5513987.979527497, 0.00017501974535442016, 0.0006398218539919368, 0.9823379952765331]
[-1826.3281679954293, -6608.8837150195695, -10172737.978147557, 988.3385704206146, 3576.8725552957985, 5505720.894757444, 0.00017608787138684675, 0.00063721944612361, 0.9808652157424314]
[-1827.634975797636, -6603.4365554434635, -10162575.12265727, 989.0458314332085, 3573.9244355900955, 5500220.674388506, 0.00017621387279106586, 0.0006366942308781223, 0.9798853325345238]
[-1836.912830277505, -6610.337482615969, -10158427.673356999, 994.0671337165267, 3577.659318205354, 5497976.263121667, 0.00017710844345281208, 0.0006373596100569401, 0.9794854517397706]
[-1846.0788967248918, -6598.427396088942, -10160859.311918288, 999.0279438349294, 3571.2134169414917, 5499292.691924149, 0.0001779922317557453, 0.0006362112409368034, 0.9797199210336685]
[-1844.0940415786827, -6595.312080762122, -10168931.343744438, 997.9537669346389, 3569.527298712664, 5503661.99093481, 0.00017780085701538846, 0.000635910861524345, 0.980498235505907]
[-1819.0826332118581, -6641.834771200978, -10180735.365460556, 984.4170884745271, 3594.7061971627572, 5510051.351303833, 0.000175389256254058, 0.0006403965726897355, 0.9816363918377949]
[-1834.8563012078396, -6592.0025985000675, -10196519.32965855, 992.9541754609653, 3567.736091477433, 5518594.865225652, 0.00017691015971401996, 0.0006355917618473068, 0.9831582933065992]