[2727.0659368501742, 1808.2192157366064, -8436608.282156521, -1831.1267361950645, -1214.1361642354213, 5664687.471923736, -0.0003232468775064981, -0.0002143150185660205, 1.0000000000000002]
[2728.043961801103, 1810.9146343868317, -8411601.445027119, -1831.7832814224491, -1215.946175448689, 5647896.16433432, -0.00032336281572849533, -0.0002146345298182619, 0.9970357510305582]
[2725.8050694427993, 1816.3874994679757, -8385851.150544378, -1830.2799469776628, -1219.6208780987222, 5630605.666561632, -0.0003230974595940765, -0.0002152832482482567, 0.9939833929044678]
[2721.409836321242, 1818.4699426778495, -8366118.899654246, -1827.328994391953, -1221.0192695485912, 5617356.047136986, -0.00032257650986269897, -0.0002155300512166865, 0.9916443486474249]
[2719.454010677858, 1819.9482107065603, -8342629.4908841, -1826.015722424888, -1222.011899119566, 5601583.681041351, -0.00032234470473388254, -0.00021570528513398615, 0.988860008423201]
[2722.058179010457, 1821.8041713637642, -8333988.497319345, -1827.7643877173316, -1223.2584300888516, 5595781.494542364, -0.0003226534079297969, -0.00021592526450029857, 0.9878356957065195]
[2714.693215798224, 1829.8425529790497, -8306884.388645944, -1822.819021607457, -1228.6554578134774, 5577582.035632322, -0.00032178043501291997, -0.00021687809272971458, 0.9846229438837606]
[2710.9054014407716, 1837.7686674922609, -8296142.8257344095, -1820.275732117152, -1233.9774002272784, 5570369.453757712, -0.00032133148056011937, -0.00021781759083524534, 0.9833497072011884]
[2709.370777972223, 1840.6243365113228, -8287153.283978623, -1819.2451624960952, -1235.8948868652355, 5564333.334902506, -0.0003211496007047666, -0.00021815610352546324, 0.9822841871270223]
[2707.0545751710956, 1842.1185193502859, -8284881.03136065, -1817.689932712946, -1236.8982651879626, 5562807.6523251245, -0.0003208750817391729, -0.00021833321200748839, 0.9820149048577557]
[2705.2352797131575, 1844.583315480514, -8292402.503895207, -1816.4685084853052, -1238.553400566308, 5567858.10687124, -0.00032065946055765115, -0.00021862534370433703, 0.9829065034954008]
[2702.8514833793975, 1851.2002478214465, -8298590.141159298, -1814.867841908248, -1242.996316764344, 5572012.98276274, -0.00032037692243470835, -0.00021940967538474504, 0.9836400433838897]
[2700.8103597113272, 1856.086364428547, -8308689.528154458, -1813.4972620359908, -1246.277136755692, 5578794.479175665, -0.0003201350031063649, -0.00021998884813297605, 0.9848372756636673]
[2697.5072401508373, 1856.6578430009904, -8324146.690716746, -1811.2794637879213, -1246.6609104388506, 5589173.528194481, -0.00031974350297803926, -0.00022005657856451376, 0.9866695792222152]
[2694.389297346667, 1867.3259727702357, -8338616.782652234, -1809.185798668912, -1253.8239155273689, 5598889.825364328, -0.0003193739495797826, -0.00022132111973594026, 0.9883849136155148]
[2692.4469034630547, 1868.1299292633576, -8358696.421058293, -1807.881541907017, -1254.3638223395287, 5612372.696037972, -0.00031914373147433437, -0.00022141641613214184, 0.9907651276020744]
[2689.5952077748257, 1865.4883393935306, -8384653.685027271, -1805.9669307892727, -1252.590334774516, 5629802.159058048, -0.00031880574181972915, -0.00022110328343806775, 0.9938420109606915]
[2689.1216546818723, 1883.1109865155697, -8396743.115960475, -1805.6486186228356, -1264.4227833696928, 5637919.902575179, -0.0003187496095498349, -0.0002231921868352693, 0.9952751330209528]
[2684.4607959574573, 1879.2944982149288, -8410737.089541405, -1802.5192818632308, -1261.8603811244468, 5647316.477939023, -0.0003181971846704635, -0.00022273978192468202, 0.9969340058626363]
[2683.7696396201213, 1874.0677792449994, -8420739.298566202, -1802.0551621861382, -1258.3510637932316, 5654032.755306711, -0.00031811528247145297, -0.00022212026513984904, 0.9981197523933067]
[2681.487800093235, 1879.4178478970248, -8438387.242043054, -1800.523019849547, -1261.9434007576783, 5665882.85009754, -0.00031784482529072423, -0.00022275441264747763, 1.0002117508525985]
[2679.7055516726773, 1911.5588783400788, -8451194.539652921, -1799.3259682560918, -1283.5239056997827, 5674482.643337533, -0.00031763356349056524, -0.00022656420766832176, 1.0017299922352294]
[2677.6861315608876, 1881.1960590689112, -8487657.826637821, -1797.9705522036534, -1263.1375498191169, 5698966.5392050035, -0.0003173942470597154, -0.00022296517354111794, 1.0060522007388621]
[2675.635394680508, 1895.9420431915582, -8508601.814008974, -1796.593414185936, -1273.038530417256, 5713029.7817516, -0.00031715117340263714, -0.00022471306415583462, 1.0085348609540734]
[2674.9413985771153, 1885.1112195071908, -8535564.99616116, -1796.1275193971117, -1265.7664695020676, 5731134.67639978, -0.00031706893660702815, -0.00022342925044078481, 1.0117309722772734]
[2673.136143344707, 1894.6092607132325, -8558992.988796376, -1794.9153457140462, -1272.1438170694516, 5746865.784882196, -0.000316854964306178, -0.00022455507840034333, 1.014508013457944]
[2671.420087289326, 1886.9053951715152, -8583162.784471333, -1793.7632272849462, -1266.9712674937653, 5763094.954543594, -0.00031665157520385334, -0.0002236419016999142, 1.0173729491967272]
[2670.923598705314, 1892.0117914241384, -8599625.702854294, -1793.4297737227555, -1270.3999361093458, 5774149.224398, -0.00031659273780597553, -0.00022424719317742274, 1.0193243579356406]
[2668.994434769988, 1922.0707675496726, -8599832.702401267, -1792.1339548284939, -1290.5823841780052, 5774288.217068391, -0.00031636405245641483, -0.00022781022553457585, 1.019348894095326]
[2667.214055444986, 1895.819603150049, -8622473.087587737, -1790.9390044057332, -1272.9566972805396, 5789490.338902269, -0.0003161530601312457, -0.00022469853984982777, 1.022032438993296]
[2667.3585858140495, 1895.7739781091364, -8625794.26160705, -1791.03594819986, -1272.926113666156, 5791720.315500665, -0.00031617019525583516, -0.00022469314882116428, 1.0224260335778819]
[2666.8385848336134, 1901.9695881752461, -8627291.740923757, -1790.6868244604154, -1277.0861297953015, 5792725.7159757605, -0.00031610856320081216, -0.0002254275196857704, 1.0226034292184585]
[2665.87606692245, 1900.4359477319583, -8620014.438551283, -1790.0405332496123, -1276.0563731558987, 5787839.168002179, -0.0003159944798984814, -0.0002252457432843088, 1.0217407270712282]
[2662.190341853028, 1898.9763159883962, -8599746.701768724, -1787.5656477971183, -1275.0761360787833, 5774230.018732201, -0.00031555761043153843, -0.0002250727454518975, 1.0193382403447446]
[2664.1421404257417, 1899.9657211499891, -8592442.089818615, -1788.8763218736171, -1275.7406988028454, 5769325.11402527, -0.0003157889687712731, -0.00022519000265587216, 1.0184722814461933]
[2669.025254926503, 1948.6901114627276, -8546654.986236991, -1792.1540215677146, -1308.4555614000762, 5738580.67926758, -0.00031636771100799154, -0.00023096556641957397, 1.0130449644061852]
[2663.0266419093205, 1903.6669105428962, -8546292.210721651, -1788.1272432888982, -1278.2257729531887, 5738336.942193343, -0.000315656746435013, -0.00022562870944938895, 1.0130018146942013]
[2666.068751176379, 1896.9577096017156, -8530471.643251909, -1790.1700250105182, -1273.721189761851, 5727713.9043626925, -0.00031601733854492975, -0.00022483343281273242, 1.0111264606634538]
[2660.198196234948, 1868.1212179755723, -8515466.043010494, -1786.2288035202625, -1254.3594530011517, 5717638.093315104, -0.00031532152881925284, -0.0002214152975071199, 1.0093477126999684]
[2661.322722344573, 1868.6571667388837, -8491274.965047505, -1786.9837545186745, -1254.719245652421, 5701394.600829888, -0.00031545481081387113, -0.0002214788296636471, 1.0064802212137225]
[2661.02318051893, 1866.6132919805054, -8471112.719169363, -1786.782678265699, -1253.346949184537, 5687856.341236652, -0.0003154193050476969, -0.0002212365598856919, 1.0040902959289006]
[2662.352057496567, 1921.9724922661526, -8436892.642428368, -1787.674245340451, -1290.5168141152346, 5664878.794413249, -0.0003155767631810672, -0.00022779849133510967, 1.000034097502232]
[2663.5537128718047, 1864.9828200928685, -8435216.05611207, -1788.481843077067, -1252.2522091912053, 5663752.985253622, -0.0003157192408372031, -0.00022104328286168205, 0.9998353245128756]
[2670.481540653452, 1896.164148372338, -8409689.954295976, -1793.1328888554956, -1273.1883351672893, 5646613.185982831, -0.0003165403773203642, -0.00022473938214966207, 0.9968097045656159]
[2669.388102479907, 1897.4285034636337, -8397720.29831601, -1792.398815301208, -1274.037240392457, 5638576.009203072, -0.00031641076492382506, -0.0002248892388816867, 0.9953909244016159]
[2672.3005219352704, 1954.457281735161, -8371254.937124584, -1794.3535230880875, -1312.3281126497352, 5620805.535608478, -0.0003167559146652714, -0.0002316490835491022, 0.992253976029693]
[2670.447177732311, 1892.6366663272847, -8378217.430400593, -1793.1099400159655, -1270.819678894952, 5625480.614460056, -0.00031653628225113877, -0.00022432125616161634, 0.9930792753329905]
[2672.0608014936915, 1893.1434574701327, -8372155.479575388, -1794.1933067314278, -1271.1598690997434, 5621410.278391785, -0.00031672753034441627, -0.0002243813335221909, 0.9923607818465912]
[2669.407026153382, 1892.0296585340768, -8368489.329008269, -1792.4114839475735, -1270.4118444993028, 5618948.648712537, -0.0003164129757678347, -0.00022424931349396968, 0.9919262822415404]
[2672.27523758485, 1891.7237335251727, -8376686.887417657, -1794.3373862268486, -1270.2064734704577, 5624453.035344742, -0.00031675293331967546, -0.0002242130394919094, 0.9928979833743743]
[2671.7543102036634, 1887.0418534885816, -8376176.287409153, -1793.9874776977551, -1267.0626403234126, 5624110.239978361, -0.00031669117227674665, -0.00022365811422405665, 0.9928375156274872]
[2672.6160725838126, 1885.5691357420092, -8385811.590258669, -1794.5660989265155, -1266.0735838765147, 5630579.999754823, -0.00031679329994209585, -0.00022348354126640782, 0.9939796157796915]
[2678.206057097027, 1880.390101915702, -8412804.768021498, -1798.3196263483167, -1262.5965079221166, 5648704.915171794, -0.0003174558810977935, -0.00022286963586329328, 0.9971791602754315]
[2680.1007408337946, 1877.956477219312, -8437119.370929724, -1799.592001030023, -1260.9625671713586, 5665031.261150019, -0.0003176804584362461, -0.00022258114649119557, 1.0000612029112614]
[2680.5578433338733, 1877.8417974248052, -8444990.538749129, -1799.8987886968523, -1260.8853022711623, 5670316.466344219, -0.0003177346151735037, -0.00022256756787344845, 1.0009941937687232]
[2683.802500211639, 1874.0297489410552, -8465136.079675905, -1802.0776050837767, -1258.3259175556389, 5683843.454917403, -0.0003181191998428809, -0.0002221156869738219, 1.0033820837805631]
[2685.359929117604, 1872.8973719131716, -8465181.215593478, -1803.1231509876354, -1257.5653459258226, 5683873.789206556, -0.00031830377952615633, -0.0002219814926893034, 1.0033874614836296]
[2686.1205917956268, 1871.6857743033456, -8465470.309427226, -1803.633905986158, -1256.7517119314143, 5684067.923930632, -0.0003183939251418419, -0.00022183788460716365, 1.0034217475284966]
[2687.7957950750274, 1867.953541528591, -8461022.299636018, -1804.75873041144, -1254.2456851744373, 5681081.261070971, -0.0003185924752262387, -0.00022139549237307923, 1.0028945283636657]
[2688.2086198998754, 1861.89236904617, -8447253.914985973, -1805.0358170183135, -1250.1757082552335, 5671836.316323618, -0.0003186413880612958, -0.00022067706275065785, 1.001262553683117]
[2690.0092828083903, 1856.2256503113808, -8440757.691552961, -1806.2448041194407, -1246.3707327255004, 5667474.365642789, -0.00031885480536940596, -0.0002200053922441753, 1.0004925681804144]
[2695.3244446862695, 1855.7271785180853, -8454510.103373189, -1809.8139083139536, -1246.0361799771663, 5676708.588299327, -0.0003194847997544731, -0.00021994626074508709, 1.0021226526998632]
[2697.2402370721484, 1853.8396662228909, -8455988.644365188, -1811.1002052285944, -1244.7687429385057, 5677701.381609896, -0.000319711858821281, -0.0002197225253571889, 1.0022979146633169]
[2698.117182994313, 1854.757007117419, -8460799.031170296, -1811.68904210239, -1245.3845173455854, 5680931.392441488, -0.00031981578741174907, -0.00021983126508412726, 1.0028681126717673]
[2699.232525653054, 1921.7727607640918, -8450043.982989272, -1812.4371931700557, -1290.3808395383294, 5673709.790367337, -0.00031994792305249355, -0.00022777486552050396, 1.0015933128180121]
[2701.757892664849, 1849.084015103071, -8477647.260001302, -1814.1336347847066, -1241.5752883968548, 5692244.357866197, -0.00032024728794046256, -0.00021915882886945433, 1.0048651663492094]
[2703.4383784641095, 1846.6881469408368, -8486705.743895652, -1815.2619950964756, -1239.9664574693911, 5698326.783012302, -0.00032044645719636177, -0.00021887483977240112, 1.005938872699637]
[2706.018037424712, 1840.3156489942558, -8499369.944388721, -1816.994169304186, -1235.687703295115, 5706830.307385477, -0.0003207522129528797, -0.0002181194840145069, 1.0074399648770278]
[2710.4486787752485, 1834.7467128199723, -8511847.697872115, -1819.9690790736481, -1231.9485126576471, 5715208.6315117935, -0.00032127736793113946, -0.00021745939061114443, 1.0089189490424402]
[2713.5290031377504, 1830.6249804027714, -8521256.44039828, -1822.0372962479262, -1229.1809248454047, 5721526.219215584, -0.0003216424620836232, -0.00021697084033576105, 1.0100341486142814]
[2714.978947354304, 1828.1334264475922, -8533727.549061883, -1823.0109494495741, -1227.5079502389378, 5729900.0510537885, -0.0003218143065457822, -0.00021667549386966301, 1.0115123140897202]
[2717.727193634654, 1823.2870516830521, -8547322.886501, -1824.8563636251686, -1224.253904643397, 5739028.760627635, -0.00032214004951545164, -0.00021610103140108218, 1.0131237361020418]
[2720.202229656485, 1818.8745551952534, -8555447.113971515, -1826.5181679706984, -1221.2911083104864, 5744483.798749109, -0.00032243339695861724, -0.0002155780024983624, 1.0140866337888186]
[2720.6033243778284, 1817.256031823015, -8560760.998959215, -1826.787468128284, -1220.2042575764253, 5748051.802993922, -0.0003224809261101555, -0.00021538615799402238, 1.0147164238334323]
[2721.274477216848, 1814.125561048624, -8564693.876505367, -1827.2381544678947, -1218.1022170509325, 5750692.512110231, -0.0003225604656589169, -0.000215015101489466, 1.0151825208902592]
[2724.741476359815, 1812.926356635119, -8566965.586173737, -1829.5660055253452, -1217.2969360929462, 5752217.798705296, -0.0003229713913513918, -0.00021487296180046288, 1.015451706845611]
[2725.4688369516816, 1808.4494914987017, -8565014.32921675, -1830.0544158884052, -1214.2909222558103, 5750907.534084539, -0.00032305759456574133, -0.0002143423035087349, 1.0152203519471634]
[2728.8940953031006, 1823.822027771279, -8570113.448060475, -1832.3544241825828, -1224.6127944236596, 5754331.317519105, -0.00032346357325013255, -0.00021616440737911785, 1.015824671857785]
[2727.295974437495, 1805.373084820699, -8551015.652292207, -1831.2812551241518, -1212.225186793109, 5741507.829324569, -0.00032327414401546, -0.00021397765014626212, 1.013560950833637]
[2728.915721110359, 1806.1642764330113, -8539496.583325502, -1832.3688798797443, -1212.7563840191563, 5733773.162001418, -0.00032346612355400856, -0.00021407143021362962, 1.0121955357496826]
[2730.0218178937307, 1805.90336535075, -8518684.800538685, -1833.1115116784247, -1212.5810825995727, 5719798.789344533, -0.00032359721402324163, -0.000214040503456993, 1.0097286471073348]
[2732.1279802693516, 1800.152367694329, -8499277.798116738, -1834.525755783282, -1208.719630351018, 5706767.684945372, -0.00032384684754072573, -0.00021335881135452526, 1.0074282799725336]
[2732.975687451605, 1797.7242266491562, -8472249.041072749, -1835.094910218072, -1207.0891603269663, 5688618.881675263, -0.00032394731389867023, -0.0002130710135978137, 1.0042245205594018]
[2736.387201746811, 1795.7884091560961, -8452152.657106496, -1837.3856093565398, -1205.7893866705886, 5675124.90866784, -0.00032435167125046565, -0.00021284155169811456, 1.001842465842267]
[2740.464161260591, 1791.813035238494, -8435686.608188195, -1840.1232155450225, -1203.1202512379332, 5664068.580859218, -0.00032483490611452784, -0.000212370324166073, 0.9998907308852928]
[2740.083962220379, 1788.0732434633535, -8408618.853866031, -1839.867848534191, -1200.6090055068664, 5645893.611064031, -0.0003247898179480268, -0.0002119270428637523, 0.9966823680846186]
[2742.6161685368756, 1785.606168353228, -8391103.686272962, -1841.5681141044074, -1198.9524290029065, 5634132.8601443935, -0.0003250899460669189, -0.0002116346152349882, 0.994606300859504]
[2744.6268045254037, 1784.058650051507, -8373608.948507869, -1842.9180436502252, -1197.9132157125407, 5622385.824564888, -0.00032532824294166255, -0.00021145119035183106, 0.9925326526407303]
[2742.2763160134296, 1752.546226684063, -8374088.378435122, -1841.340367498678, -1176.7547151476945, 5622707.759450229, -0.0003250496488775123, -0.00020771587482990706, 0.9925894960170963]
[2742.4887131957807, 1751.6557795025976, -8360650.5507137915, -1841.482756417741, -1176.1565179477047, 5613684.798708629, -0.00032507479801816545, -0.00020761036608459745, 0.9909967305681445]
[2746.826177123931, 1748.2898896910244, -8372130.600836694, -1844.395337519971, -1173.8966749831152, 5621393.238581558, -0.0003255889093639353, -0.000207211373839342, 0.9923574924573266]
[2745.521216432272, 1750.1864842343316, -8382844.902748897, -1843.5193829724894, -1175.1699497147936, 5628587.505569523, -0.0003254342194078814, -0.0002074361383749168, 0.9936274875350466]
[2750.2063212523417, 1740.346726033446, -8389342.492587958, -1846.6649638748138, -1168.5631120135743, 5632950.416964486, -0.00032598952094241697, -0.0002062698466119755, 0.9943976789737735]
[2756.290257375178, 1764.4225246952178, -8396202.800591426, -1850.7495154707422, -1184.728246219036, 5637556.894834515, -0.00032671062436189066, -0.0002091236821993599, 0.9952108789430194]
[2757.9512148224276, 1761.8766804934228, -8418956.01566192, -1851.864875656971, -1183.0188581565683, 5652834.830303604, -0.0003269074821272629, -0.00020882189773956277, 0.9979078512225144]
[2760.77003272612, 1757.4565684481336, -8440281.294646207, -1853.7575669106432, -1180.050937321879, 5667153.964123197, -0.0003272415834225649, -0.00020829797017574435, 1.0004355723813319]
[2762.2076435026793, 1753.498020704456, -8458773.08599886, -1854.7227636041944, -1177.3928384377518, 5679570.502378129, -0.0003274119582827281, -0.00020782876091782762, 1.0026274215282038]
[2766.462477616748, 1747.3814675493413, -8494231.454045042, -1857.579971571689, -1173.2861565077565, 5703379.457196991, -0.0003279162824974582, -0.0002071037065392771, 1.0068303370014882]
[2766.211745597155, 1748.55703644461, -8505167.912658697, -1857.4114132049317, -1174.0751934289344, 5710722.881875413, -0.0003278865447901832, -0.0002072430870709823, 1.0081266521788352]
[2768.448913224055, 1744.626279490288, -8523975.835733756, -1858.913563564029, -1171.435880555027, 5723351.674661361, -0.00032815170031539595, -0.0002067771611807097, 1.0103559564745948]
[2769.424469744535, 1744.5157784435055, -8535858.882672898, -1859.5685414795128, -1171.361523111972, 5731330.673717348, -0.0003282673123945423, -0.00020676407417717757, 1.0117644473592415]
[2775.1266305118424, 1735.3230253864454, -8556748.943817718, -1863.3973881560544, -1165.1893156030867, 5745357.542073287, -0.0003289431862289242, -0.00020567441591786255, 1.0142405480181307]
[2775.340338942141, 1736.9118696679927, -8561967.002154522, -1863.5408131069992, -1166.2559218693752, 5748861.24948528, -0.000328968497544547, -0.00020586275612524143, 1.0148590275971836]
[2776.544224456834, 1732.0961978004298, -8567587.03916872, -1864.349178417376, -1163.0224276341805, 5752634.874120372, -0.00032911118265631346, -0.00020529194350757504, 1.0155251578962141]
[2778.689520073576, 1728.2374467598588, -8573121.388769258, -1865.789707820327, -1160.4314997992037, 5756350.96354929, -0.0003293654548828606, -0.0002048345427271114, 1.0161811322481786]
[2777.190074421894, 1727.5757155963834, -8561824.620584816, -1864.7827396511032, -1159.9868903249362, 5748765.602819093, -0.0003291877029895043, -0.00020475613703701493, 1.0148421074051548]
[2781.261765516168, 1724.7584765100346, -8562795.083373886, -1867.5167116351074, -1158.0953583706403, 5749417.232919998, -0.00032967031267958026, -0.00020442219550434622, 1.0149571383318077]
[2782.9145897051876, 1722.0070236448805, -8557676.823650455, -1868.626540413639, -1156.2478685887413, 5745980.5138384625, -0.000329866209596217, -0.000204096051469185, 1.0143504649187702]
[2783.247826288952, 1722.0210919615965, -8549187.867160993, -1868.8502931688377, -1156.2572420283004, 5740280.501956777, -0.0003299057010781498, -0.0002040977181590496, 1.0133442622896998]
[2786.2170478970756, 1717.6922656930788, -8545405.152073566, -1870.8440633212397, -1153.3507733580375, 5737740.554459091, -0.00033025764023067255, -0.00020358460944064496, 1.0128958961774506]
[2786.1927012139236, 1716.422262489849, -8536663.435385345, -1870.8277455039076, -1152.4979793249831, 5731870.804349405, -0.0003302547419301637, -0.0002034340582652726, 1.0118597139949006]
[2785.713080376834, 1715.233003702082, -8525748.458223676, -1870.505698875887, -1151.6993472657061, 5724541.79741569, -0.0003301978841593586, -0.0002032930915886451, 1.010565938688094]
[2787.694377466383, 1711.4243517341076, -8520403.696301123, -1871.8360527196646, -1149.142118332464, 5720952.969595983, -0.000330432720088807, -0.00020284163284324517, 1.0099323963125104]
[2787.632879505814, 1713.8990260094329, -8513771.56722845, -1871.7947787094317, -1150.8036292065167, 5716499.733325664, -0.00033042542814712644, -0.00020313497815086697, 1.0091462711715586]
[2786.1681711306587, 1709.9124005347383, -8496072.45467627, -1870.8109994477668, -1148.1265512492143, 5704615.427799129, -0.00033025179982937, -0.0002026624765984871, 1.00704835751537]
[2789.6833363155697, 1709.6444255860013, -8509114.143080981, -1873.171546888763, -1147.94691433222, 5713372.393536148, -0.0003306684570755154, -0.0002026306629615752, 1.008594165720594]
[2788.641648819771, 1710.5915910426866, -8506165.579623267, -1872.4720409618828, -1148.58271999456, 5711392.523036873, -0.00033054497726807587, -0.00020274295353761866, 1.0082446476912124]
[2791.829294719237, 1705.9872436473709, -8514747.451277498, -1874.612372158402, -1145.49125069083, 5717154.899029465, -0.00033092281154778355, -0.00020219717684593169, 1.009261838301547]
[2787.632061120512, 1712.9790448029778, -8522511.136911333, -1871.7941717098681, -1150.185695797213, 5722367.900780561, -0.0003304253022242806, -0.00020302594101341589, 1.0101820553971474]
[2790.150307675613, 1712.2605483321322, -8537490.548913771, -1873.4850187395473, -1149.7033541443232, 5732425.998262215, -0.0003307237921198848, -0.00020294078113016964, 1.0119575678476886]
[2787.624400035721, 1710.825088873934, -8551588.356611226, -1871.7891845346887, -1148.7395054963968, 5741892.116552129, -0.00033042439707667065, -0.00020277060340159286, 1.0136285674024568]
[2786.2621783729164, 1712.1785851641018, -8551723.462353637, -1870.8742542828577, -1149.6481101002767, 5741982.83641425, -0.00033026292995048576, -0.00020293108813595426, 1.0136445831044838]
[2788.0091825585864, 1712.9037930250101, -8565682.415428832, -1872.0473399755613, -1150.1351037171448, 5751355.718103704, -0.00033047000082783576, -0.000203017031196564, 1.0152991231002186]
[2796.892004971937, 1771.2980535110673, -8545712.239626667, -1878.0103755639223, -1189.3427608919683, 5737946.516678676, -0.00033152284486840397, -0.0002099388121860621, 1.0129320560076869]
[2788.8955681125235, 1707.3436433874786, -8581586.06658809, -1872.642606924561, -1146.4020008211605, 5762034.3986701425, -0.00033057508172083377, -0.00020235794046828413, 1.0171841777849435]
[2789.004977562049, 1709.8815673742572, -8586024.134437274, -1872.7161136864781, -1148.1061620229025, 5765014.3976066895, -0.00033058805890037106, -0.00020265876258801488, 1.0177102304403824]
[2785.6514700834878, 1711.6253602414008, -8576659.043909509, -1870.4642932969741, -1149.2768259525, 5758726.098117346, -0.0003301905661594804, -0.00020286547874936515, 1.016600182139615]
[2786.8514533212965, 1714.83230992472, -8578066.745341465, -1871.2700691027346, -1151.4301879980585, 5759671.312604314, -0.00033033280521475937, -0.0002032456024390612, 1.016767034464001]
[2786.584012643625, 1715.078978048397, -8571364.02574457, -1871.0903929855438, -1151.5958884596826, 5755170.69300051, -0.0003303011149501622, -0.0002032748506726387, 1.0159725579652874]
[2785.0238098443115, 1717.5977948186105, -8562571.075321797, -1870.0427798730907, -1153.2871181466558, 5749266.555493639, -0.00033011618987868074, -0.00020357341694282233, 1.0149303173629978]
[2783.1870137307105, 1720.5304320933988, -8552416.634611884, -1868.8094355649057, -1155.2562066796013, 5742448.227031088, -0.000329898479468289, -0.00020392102813129585, 1.013726696286476]
[2782.3425551541914, 1721.6088623979888, -8540488.18000541, -1868.2423672671034, -1155.980298895734, 5734438.719029408, -0.0003297983932749038, -0.0002040488728024411, 1.0123128034368092]
[2781.263143008649, 1723.4408613599073, -8536915.316242693, -1867.517785994507, -1157.2105561067983, 5732039.660764005, -0.00032967046555840976, -0.00020426599542964455, 1.0118892928914236]
[2781.2421909629284, 1725.225688774665, -8530050.334209858, -1867.5037496832363, -1158.4091446505226, 5727430.074658249, -0.0003296679954624592, -0.00020447753807262357, 1.0110755696276152]
[2777.940115728267, 1728.3143711969444, -8516102.531633241, -1865.2865654169761, -1160.482947330477, 5718064.647413729, -0.0003292766086678573, -0.00020484365766100754, 1.0094223180501867]
[2775.702024485913, 1731.7565794489337, -8495612.861892862, -1863.783540703607, -1162.7940462169952, 5704306.607860472, -0.00032901133011535, -0.0002052517099488806, 1.0069936569508047]
[2773.873607712749, 1730.9702605235966, -8486423.937350549, -1862.5558611419006, -1162.266145151419, 5698136.59160827, -0.0003287946238498971, -0.00020515850493403286, 1.0059044841140528]
[2775.592748214372, 1734.0381768086352, -8492130.120710015, -1863.7103596279871, -1164.3263925919287, 5701968.059045932, -0.0003289984101415549, -0.00020552211547223993, 1.0065808241892187]
[2773.1693477292547, 1736.8503373952979, -8490339.480159372, -1862.0832155972396, -1166.2146669792417, 5700765.714767243, -0.0003287111799006237, -0.00020585544634185428, 1.0063685810630572]
[2771.477966941034, 1742.509521721266, -8493280.016219804, -1860.9476473714658, -1170.0145643672568, 5702740.178081925, -0.0003285107180181624, -0.00020652623215065724, 1.006717130209831]
[2767.6687896497233, 1744.7475655122928, -8480760.485300863, -1858.3896943674215, -1171.5171272579983, 5694333.794843117, -0.00032805921959017, -0.00020679155310824438, 1.0052331868570765]
[2767.8654372169563, 1745.1113446555141, -8488679.260044958, -1858.5218474179228, -1171.7616667090629, 5699650.956345367, -0.00032808255116828917, -0.00020683464880837267, 1.0061718104941302]
[2765.314759943148, 1747.5771573225315, -8488539.59085038, -1856.809180735831, -1173.41733723297, 5699557.175310118, -0.0003277802305657653, -0.0002071269274840966, 1.0061552569465375]
[2763.3079192768487, 1753.4684507557713, -8488792.571211878, -1855.4616900295161, -1177.3730335959551, 5699727.068214498, -0.00032754237983269926, -0.00020782524629863014, 1.006185269560393]
[2760.9386469440574, 1756.6915844883895, -8486590.514711833, -1853.8708401155602, -1179.5373069126051, 5698248.509703634, -0.0003272615650543426, -0.00020820728796162844, 1.0059242975580527]
[2758.9225122354123, 1761.676740868105, -8475818.99849431, -1852.5169149559965, -1182.8845016692223, 5691015.899547392, -0.0003270225980627297, -0.00020879821451428172, 1.0046475961748884]
[2752.7871736444154, 1763.4164994867301, -8455470.521616342, -1848.3971231737996, -1184.0524236154426, 5677352.758654452, -0.00032629539219000784, -0.00020900447933981393, 1.0022357654060718]
[2756.6252211819283, 1761.770492329231, -8470580.261295892, -1850.974562206836, -1182.9477828129195, 5687498.430150051, -0.00032675034544135857, -0.00020880930491537245, 1.0040267907361784]
[2753.5555392313163, 1769.8910113771994, -8461772.98476023, -1848.9133600841303, -1188.4002707614713, 5681584.749779636, -0.0003263865093485651, -0.00020977184950271856, 1.0029829299553052]
[2749.522686782717, 1773.982299897768, -8451466.300273668, -1846.2054965071325, -1191.147306107577, 5674664.282056648, -0.00032590851205757193, -0.00021025681800851173, 1.0017613514633337]
[2748.0031901371376, 1777.0590200406618, -8446820.867742972, -1845.18527682932, -1193.2132739450892, 5671545.10843747, -0.0003257284213013012, -0.00021062149670240252, 1.001210783626909]
[2745.8362169423754, 1779.6059211032957, -8436470.846740229, -1843.730163260394, -1194.9233865638187, 5664595.527548925, -0.00032547158731023747, -0.0002109234038240303, 0.9999840538340921]
[2744.593001322759, 1782.6345056059165, -8435815.065766843, -1842.8955101078507, -1196.9571170118568, 5664155.233834546, -0.00032532424634504093, -0.00021128237427483004, 0.9999063625726662]
[2740.8922731861685, 1788.468211622045, -8420618.309392307, -1840.4104103304815, -1200.8739351467696, 5653951.221720347, -0.000324885604708396, -0.000211973892737692, 0.9981051123973742]
[2739.1491516241294, 1790.5907355279587, -8419640.451144319, -1839.2400490620603, -1202.2992277215901, 5653294.641935824, -0.00032467901229006727, -0.00021222546429046314, 0.9979892212466818]
[2737.093341868216, 1794.2983524173655, -8416344.423816685, -1837.8596514770045, -1204.7887305874087, 5651081.490223275, -0.00032443535080186844, -0.0002126649459514192, 0.9975985461119143]
[2735.5294359466566, 1797.613662638134, -8415467.247466223, -1836.8095551326007, -1207.0148306784695, 5650492.479725689, -0.00032424999348209523, -0.0002130579147128175, 0.9974945534776127]
[2734.4738581748625, 1798.7105974326741, -8415897.42259083, -1836.1007637639043, -1207.7514871979452, 5650781.302198652, -0.00032412489320201123, -0.00021318794433628041, 0.9975455182717939]
[2732.475116380914, 1802.8551133386347, -8424603.014386518, -1834.7589013622778, -1210.5344671953792, 5656626.729802045, -0.0003238880026993727, -0.00021367917484004754, 0.9985773513835846]
[2729.0292198619095, 1804.9680357670652, -8425508.918193072, -1832.4450755779812, -1211.9530478691847, 5657234.965377095, -0.0003234795698397949, -0.0002139296425961238, 0.998684683670656]
[2728.6520429255484, 1803.114402640201, -8442516.574342351, -1832.1917991048604, -1210.7086642387135, 5668654.919688833, -0.0003234348791831795, -0.000213709920954451, 1.0007005728395997]
[2724.523961010915, 1808.450285942832, -8459806.55301391, -1829.420001499644, -1214.2913172859608, 5680264.455445918, -0.000322945587824985, -0.0002143424010190296, 1.0027499387297423]
[2726.093466535291, 1811.8436663831146, -8485966.968065502, -1830.4737947786186, -1216.569910207227, 5697830.171218854, -0.0003231316321590543, -0.00021474463380741248, 1.0058507435612678]
[2725.928683491925, 1811.25254372656, -8516042.266335584, -1830.363260038396, -1216.1732926334978, 5718024.609995938, -0.00032311212555981777, -0.00021467455300298448, 1.0094156106370629]
[2722.4638483479143, 1816.9752936734358, -8534163.811322737, -1828.0367141910165, -1220.0156783089728, 5730192.559657859, -0.0003227014426186619, -0.00021535289439873417, 1.011563592282244]
[2721.1180869858317, 1816.5400620823148, -8557176.512996713, -1827.133157676909, -1219.723550438921, 5745644.750274814, -0.0003225419448623271, -0.0002153012931606826, 1.0142913418026176]
[2719.3220412441733, 1818.5582009765728, -8572700.11003812, -1825.9271302010504, -1221.078591314477, 5756068.3059963165, -0.00032232906626479, -0.00021554052389782607, 1.0161314166020603]
[2717.559413916384, 1822.5585266797552, -8590102.116009124, -1824.7436897704072, -1223.7646532489964, 5767753.151841563, -0.000322120157895876, -0.00021601468191428212, 1.0181941507146721]
[2712.8228178022914, 1827.692611446526, -8587455.393539771, -1821.5630419857862, -1227.2116542484648, 5765976.044485795, -0.0003215587267468098, -0.00021662327940114186, 1.0178805000508564]
[2714.8673172011327, 1829.6440846897142, -8606761.264766943, -1822.9360323911942, -1228.5222759539604, 5778939.25614475, -0.00032180107788841114, -0.0002168545557944028, 1.0201688932685502]
[2713.1462526811106, 1830.7705209411001, -8606050.466147171, -1821.7803667971705, -1229.2786387260235, 5778462.047357171, -0.00032159708804174253, -0.000216988081589226, 1.0200847083814881]
[2712.3970358214497, 1833.2930169114957, -8605247.871489959, -1821.2773622130564, -1230.9724283055875, 5777923.194420146, -0.0003215082959011841, -0.00021728707168187846, 1.019989636127413]
[2711.376523767352, 1835.1146448787435, -8593744.344883133, -1820.592054579457, -1232.1955271154436, 5770199.0664625075, -0.0003213873407412171, -0.00021750300940875732, 1.0186261683454951]
[2709.657316414619, 1865.6336576927124, -8569774.677145086, -1819.4372412751925, -1252.686937939936, 5754104.380547898, -0.0003211835451157994, -0.00022112054782011457, 1.0157850611955066]
[2708.3354183006786, 1837.3897509387323, -8563161.645147428, -1818.5500955691177, -1233.7231973331286, 5749664.011634128, -0.0003210268951656965, -0.00021777268130722575, 1.0150012448125278]
[2708.088544608998, 1840.4304172774896, -8544062.28500741, -1818.384320497583, -1235.764878836575, 5736839.522373527, -0.0003209976404160559, -0.00021813309063580983, 1.012737388569169]
[2707.3718757418246, 1837.531538717315, -8524657.278381461, -1817.9031992467403, -1233.8185698977634, 5723809.7846952425, -0.0003209127042377782, -0.0002177894723164262, 1.0104372850794685]
[2705.284591289535, 1866.7734944144042, -8489976.175830431, -1816.50128628208, -1253.4524802240428, 5700522.713704082, -0.00032066528027538003, -0.00022125565197491214, 1.006326478703743]
[2705.7836417975627, 1844.6296156299825, -8476939.564568568, -1816.8367532460982, -1238.5845617030402, 5691769.048818624, -0.00032072445688006095, -0.00021863081978420613, 1.0047811621595684]
[2704.7709555489837, 1843.1638858471654, -8453647.744949026, -1816.156719853458, -1237.6003907304455, 5676129.395585527, -0.0003206044295759615, -0.00021845710145093226, 1.0020202822650035]
[2704.0740063241055, 1843.7612375412757, -8440279.573184704, -1815.6888002097708, -1238.001494150127, 5667153.081185066, -0.0003205218283156525, -0.00021852789898539827, 1.000435646032278]
[2702.7613088985768, 1847.439034214018, -8429711.331581164, -1814.807357708565, -1240.4708880962066, 5660056.816088784, -0.0003203662338601379, -0.00021896384832252876, 0.9991828902872916]
[2700.5483393182776, 1846.0226673761529, -8423411.870754015, -1813.3214689634783, -1239.519863534313, 5655826.879806978, -0.0003201039369903149, -0.00021879596438434743, 0.9984361211821452]
[2700.5765576865483, 1850.850936364296, -8423855.13415022, -1813.3403813032432, -1242.7617638526754, 5656124.435189144, -0.0003201072819736275, -0.00021936827481100406, 0.998488581009932]
[2699.4186084672897, 1847.0054818062677, -8425466.950569129, -1812.5628817110073, -1240.1797725802535, 5657206.652200061, -0.000319970039938688, -0.00021891246770695032, 0.998679573385949]
[2701.255480333241, 1848.3360356897338, -8436243.916201727, -1813.7962567281413, -1241.073265592828, 5664442.922120691, -0.00032018776613826566, -0.00021907017234471874, 0.9999569213936196]
[2700.6208255721713, 1848.9390758443096, -8452318.898192776, -1813.3703672080642, -1241.4782360603026, 5675236.626224681, -0.00032011254631430906, -0.00021914161857144014, 1.00186226512323]
[2699.8688581261295, 1848.0768484734774, -8454786.921325425, -1812.8652220942793, -1240.8992192975688, 5676893.812015957, -0.0003200234111341456, -0.0002190394543881081, 1.0021548038537396]
[2697.9465420322285, 1849.3453910313044, -8461144.216166327, -1811.5744188967903, -1241.7508198584428, 5681162.514922046, -0.0003197955588098616, -0.00021918983302024228, 1.0029083601917148]
[2701.440028227757, 1848.4214091499684, -8482979.030413149, -1813.9202322828128, -1241.1306762870367, 5695823.793447567, -0.0003202096476394021, -0.00021908028681911931, 1.0054964882842699]
[2700.554816996554, 1850.6219582531999, -8496743.495461075, -1813.3259449936163, -1242.608198891525, 5705066.162852084, -0.00032010472647527884, -0.00021934110945838304, 1.0071280558737967]
[2700.6822779685613, 1850.5709705897332, -8509524.251536816, -1813.4115717903067, -1242.5739572116943, 5713648.021804212, -0.00032011983310958853, -0.00021933505717348185, 1.0086430366560006]
[2701.160814876241, 1847.3784727515601, -8516117.534423986, -1813.73278197517, -1240.4304052326918, 5718075.247914649, -0.0003201765526184571, -0.00021895665719207918, 1.0094246321841605]
[2700.846293454688, 1849.4848859218218, -8519145.25077939, -1813.5214564086268, -1241.8446322934185, 5720108.338909871, -0.0003201392670014938, -0.00021920635219381011, 1.0097836058553358]
[2702.0082486282768, 1845.6937652841007, -8527925.162211288, -1814.3017525219, -1239.2991751145623, 5726003.80658393, -0.0003202769947272947, -0.00021875696805697165, 1.0108243877721932]
[2702.3151820484372, 1846.5763088033912, -8529322.28029405, -1814.5078076886614, -1239.8917488288164, 5726942.004725485, -0.0003203133697763139, -0.00021886158287958568, 1.0109900771777114]
[2701.95300928235, 1846.4829481991196, -8525468.82605037, -1814.2646355610962, -1239.8289689972287, 5724354.640522363, -0.00032027043927777935, -0.0002188505223646729, 1.0105334096724115]
[2702.2458534651832, 1847.2954396980526, -8517149.178110411, -1814.4612389634156, -1240.374469465422, 5718768.369119747, -0.0003203051424364963, -0.00021894682997820848, 1.0095473325119888]
[2706.9702143176523, 1837.4549565944344, -8511912.615764223, -1817.633517688511, -1233.7674859118576, 5715252.268497194, -0.00032086513225835155, -0.00021778040168859045, 1.0089266917146849]
[2706.3798612853275, 1837.293196075882, -8485127.738734536, -1817.2370166649928, -1233.6587679061188, 5697267.267333403, -0.00032079514797441936, -0.0002177612405106239, 1.0057518863263493]
[2708.5984008618602, 1835.8804300087438, -8466595.395027487, -1818.726822663312, -1232.7103011667161, 5684823.504886144, -0.000321058112594233, -0.00021759376315148897, 1.0035552357406456]
[2708.153832016134, 1835.8759824340639, -8432755.707660358, -1818.4281717832553, -1232.7071677008253, 5662101.427827622, -0.00032100540729491396, -0.00021759325057361584, 0.9995441788258508]
[2709.356650071459, 1835.1398481909414, -8406409.153902523, -1819.2358522174484, -1232.2129267230407, 5644410.695461473, -0.0003211479751059593, -0.0002175059909993668, 0.996421278759799]
[2710.86239829147, 1831.4561125014095, -8380587.613210453, -1820.2468841739283, -1229.739579024882, 5627072.465891197, -0.00032132644430469447, -0.00021706934804446786, 0.9933605849545625]
[2710.8669877045286, 1830.6626071971855, -8354296.718347763, -1820.2499745246678, -1229.2066081266594, 5609419.085141334, -0.000321326982750932, -0.0002169752983689463, 0.990244260594394]
[2710.645829912566, 1832.077606818987, -8334228.095667688, -1820.1014998422752, -1230.1566628409862, 5595943.709830238, -0.00032130076250059023, -0.00021714301574178254, 0.9878654527453764]
[2709.903615208267, 1830.9299905603962, -8313462.372267116, -1819.6030234970112, -1229.385946316642, 5582000.242446725, -0.000321212770691612, -0.00021700699318490715, 0.9854040013233107]
[2713.659519747785, 1829.4532758434118, -8309157.449727738, -1822.1249866348314, -1228.3944920934787, 5579109.5968826255, -0.0003216579592118799, -0.00021683195131240703, 0.9848936809942159]
[2713.76169282226, 1829.7736674215546, -8306273.723528039, -1822.193627280304, -1228.60960837275, 5577173.220411439, -0.0003216700632588634, -0.00021686992273650367, 0.9845518057228337]
[2714.5707768632874, 1826.9902705369113, -8310681.880147326, -1822.7369599946473, -1226.7407636225428, 5580133.076268056, -0.00032176596234240743, -0.00021653999283617386, 0.9850742531304809]
[2716.883059513759, 1822.9365057632783, -8319903.063280797, -1824.2895698124787, -1224.0188680987376, 5586324.696390785, -0.00032204002867339265, -0.0002160594868578166, 0.986167192073076]
[2718.7268685542113, 1823.3907219955374, -8330330.366488974, -1825.5274757534435, -1224.3237451121531, 5593326.192205517, -0.00032225856216156124, -0.00021611333420784755, 0.9874031054431782]
[2719.543898004387, 1818.9604924833484, -8348277.066200864, -1826.0761219750968, -1221.3491229617532, 5605376.695679224, -0.00032235540019872347, -0.00021558820113510907, 0.9895303175474262]
[2721.980986791584, 1815.0200382239448, -8368887.9747570865, -1827.7124675089249, -1218.7033556414206, 5619216.132766953, -0.00032264426254957195, -0.00021512112833837636, 0.9919733392834262]
[2721.5525504216407, 1815.0483406535272, -8391428.021336623, -1827.4248499871958, -1218.7222846424727, 5634350.932073063, -0.00032259347128033884, -0.0002151244778502909, 0.9946450428902646]
[2723.081260120049, 1810.6913600622456, -8417876.092625791, -1828.4513834860084, -1215.796869108226, 5652109.841552531, -0.00032277466450880997, -0.00021460801983095044, 0.9977799880624021]
[2722.8760870917768, 1813.4361412452054, -8438438.917245291, -1828.3135447886857, -1217.6396325484739, 5665917.049296258, -0.0003227503349442014, -0.000214933387312371, 1.0002173685582574]
[2724.6396415001827, 1812.2914344389337, -8462999.103214784, -1829.497634029864, -1216.8710400443113, 5682408.329924295, -0.00032295935966247195, -0.000214797701235188, 1.0031285559037262]
[2725.582593164993, 1811.717021427286, -8487173.467209307, -1830.1307955132334, -1216.4853198971864, 5698640.557165851, -0.0003230711236261558, -0.0002147296148238464, 1.0059940230846367]
[2726.541264917866, 1808.6184099719455, -8511779.016569018, -1830.7745769826038, -1214.4047912261747, 5715162.296668308, -0.00032318474733820257, -0.00021436231598725067, 1.008910586452883]
[2728.2619971587465, 1810.8783122294315, -8531446.565129898, -1831.9298505010531, -1215.922092801426, 5728368.364425863, -0.0003233886954102919, -0.00021463020029768618, 1.0112418531328053]
[2729.2094892317846, 1806.2521354628448, -8555847.875479138, -1832.5661663480357, -1212.8159489503494, 5744752.968904799, -0.00032350100009840866, -0.0002140818368088756, 1.0141342116717031]
[2729.057057278517, 1805.7836661571848, -8573367.035578635, -1832.4638237101171, -1212.5012811966394, 5756516.451653933, -0.00032348292005838743, -0.00021402629563853264, 1.0162108040304927]
[2730.5013252924773, 1804.7247567151496, -8587488.593790874, -1833.4334862306412, -1211.7902625861416, 5765998.587765956, -0.00032365410327325647, -0.0002139008013193767, 1.017884690225513]
[2731.9265894258174, 1799.3823023982047, -8607304.492911506, -1834.3906720517243, -1208.2032618705855, 5779304.241370297, -0.00032382304099718903, -0.0002132675303250961, 1.0202335146429737]
[2731.771508839067, 1798.2878958818342, -8614591.753972577, -1834.2865126810982, -1207.4683028700115, 5784197.373022191, -0.0003238046519502557, -0.00021313780524579673, 1.0210972922066046]
[2733.7478378024903, 1799.1602913855527, -8618267.955159582, -1835.6134128018437, -1208.0539891971696, 5786665.804319715, -0.0003240388936354301, -0.00021324122702700898, 1.0215330370485614]
[2734.6637050319137, 1800.0577651581762, -8625339.442088043, -1836.2284798911821, -1208.6566548071862, 5791414.027905919, -0.00032414744872106557, -0.0002133475837534899, 1.0223712143900852]
[2734.7660214514935, 1797.3685295246753, -8622503.63763312, -1836.2971682695577, -1206.8509249393053, 5789509.876981803, -0.0003241595732359241, -0.00021302882567585276, 1.0220350680678592]
[2735.30412256746, 1795.582041923339, -8617579.613221625, -1836.6585031795912, -1205.6513785473765, 5786203.552926135, -0.00032422334995910163, -0.00021281707384496188, 1.0214513904464717]
[2736.496959384531, 1793.8217189962415, -8605152.185822872, -1837.459261760659, -1204.4693906581745, 5777858.973561212, -0.00032436473112078365, -0.00021260844241461328, 1.0199783233568551]
[2736.4524026751624, 1795.419217515151, -8597152.30171263, -1837.4294347122734, -1205.5419745009474, 5772487.294316542, -0.00032435944286345227, -0.00021279778226785634, 1.0190300289096446]
[2737.188178449415, 1791.078869354444, -8585234.561430769, -1837.9234862326923, -1202.6277361923605, 5764484.930176129, -0.0003244466573645052, -0.00021228330447985928, 1.0176173547613496]
[2736.6608213762343, 1793.407118375239, -8568810.819524523, -1837.5693202062778, -1204.190857779263, 5753456.9384050565, -0.00032438414034968407, -0.00021255929245048735, 1.0156705617315482]
[2738.7933159078384, 1790.0751761749273, -8562085.052660754, -1839.0012478036606, -1201.953804883196, 5748940.767490963, -0.0003246369097200865, -0.00021216434556866592, 1.014873276157825]
[2734.6388633693246, 1792.4674292466882, -8541067.23105682, -1836.2116058510524, -1203.5598065669712, 5734828.024484698, -0.00032414447914863457, -0.0002124479268202775, 1.0123819420638602]
[2737.4693936033323, 1791.9382866259527, -8546830.908448089, -1838.1124166096608, -1203.2047686465385, 5738698.019812306, -0.000324479988087514, -0.0002123851657422638, 1.013065018442734]
[2737.8073108528533, 1792.5199452390418, -8541518.816543603, -1838.3392514131779, -1203.5952932793903, 5735131.070015572, -0.0003245200368162226, -0.00021245411045364254, 1.0124352887980963]
[2738.325624388868, 1792.255229471287, -8540842.40250285, -1838.6872400719883, -1203.4175486787924, 5734676.830937031, -0.00032458147570915414, -0.00021242274086867626, 1.0123550592593331]
[2737.963261762466, 1795.0011797130392, -8543657.650248352, -1838.4438506063734, -1205.2613331005314, 5736567.134980265, -0.0003245385293168254, -0.00021274824582091065, 1.0126887243865241]
[2737.5155975674556, 1792.3010495650485, -8550335.516510341, -1838.1433606556975, -1203.4483498361733, 5741051.029304079, -0.0003244854686305773, -0.00021242817089754405, 1.0134802171445283]
[2736.7302148844988, 1794.4519284342136, -8550427.923656376, -1837.6158987406218, -1204.892430261873, 5741113.073009959, -0.00032439237837840235, -0.00021268313864834082, 1.0134911659797776]
[2736.509491793232, 1791.4462585692443, -8557846.574225299, -1837.4677701465494, -1202.8743771417421, 5746094.406243689, -0.00032436621596975004, -0.0002123268521735338, 1.0143704953885277]
[2737.012648318232, 1795.51146436648, -8566118.251059907, -1837.8056727146934, -1205.6039611651756, 5751648.534640858, -0.00032442585520256565, -0.00021280870523477868, 1.0153509554430056]
[2735.953875386144, 1793.814498366417, -8567657.336053068, -1837.0947536985104, -1204.4645378392802, 5752682.000548012, -0.00032430036213130115, -0.00021260755966309806, 1.0155334136735932]
[2735.2236737261546, 1796.070764772355, -8568987.133489281, -1836.604454897282, -1205.9794459350032, 5753574.940474122, -0.0003242138065990856, -0.00021287499705281398, 1.015691067598146]
[2734.102441450401, 1799.0280741510967, -8561368.53263907, -1835.8514169828582, -1207.9649575354892, 5748459.407257059, -0.0003240809039989801, -0.00021322558367083182, 1.0147880979884036]
[2734.439750263869, 1798.3474060766737, -8560201.134347705, -1836.077879334, -1207.507918917423, 5747675.584650397, -0.00032412088263065406, -0.00021314488977550335, 1.0146497670805947]
[2734.1809055065987, 1796.463226420463, -8561590.051383784, -1835.9042312360252, -1206.2428443821047, 5748608.236612173, -0.0003240902021705357, -0.00021292153028418752, 1.0148144442356417]
[2735.4258721368237, 1797.2513314463426, -8556161.726352759, -1836.7400751037064, -1206.7720054269648, 5744963.384841235, -0.0003242377651474097, -0.0002130149638789907, 1.0141710840466929]
[2735.582338936001, 1797.6695342788005, -8552725.877873078, -1836.8451524737613, -1207.0528201166283, 5742656.391177351, -0.0003242563103009839, -0.0002130645287296401, 1.0137638791841812]
[2738.2603648447325, 1830.2676570418566, -8537589.915886186, -1838.642789384222, -1228.9401912267845, 5732493.20942456, -0.00032457370732455004, -0.0002169285269117755, 1.0119698444144594]
[2736.932845355611, 1794.7453333062215, -8548664.098692006, -1837.752056060528, -1205.0894819432158, 5739929.117631317, -0.00032441638489477795, -0.0002127179021010426, 1.013282491232465]
[2740.4494236323862, 1860.295630841264, -8517193.778754253, -1840.1120817196481, -1249.1018051271296, 5718798.001643477, -0.00032483314203692764, -0.00022048788072513925, 1.0095522984751606]
[2737.7451331870548, 1795.461234111348, -8540537.828550775, -1838.2974384498673, -1205.5701403545695, 5734472.631360464, -0.0003245126575489566, -0.00021280276146624393, 1.0123192735232545]
[2737.6682672660577, 1795.498609458166, -8536566.289686121, -1838.2458696485469, -1205.595187628892, 5731805.873326073, -0.0003245035437417816, -0.00021280718217148213, 1.0118485030485311]
[2739.179368023933, 1796.5932409267116, -8529959.813155876, -1839.2603944578534, -1206.330156308061, 5727369.849851013, -0.0003246826481269848, -0.00021293694152298002, 1.0110654064038642]
[2739.2719332072747, 1793.4866350408165, -8531233.28916212, -1839.3227751283596, -1204.2443675209204, 5728224.910875998, -0.00032469362884984836, -0.0002125686748727681, 1.0112163222429182]
[2740.5557023080723, 1791.4822770392714, -8526224.945030693, -1840.1847717235084, -1202.898594521076, 5724861.95391237, -0.0003248457885610942, -0.0002123310907264431, 1.0106226344533111]
[2739.253961966141, 1790.6589128119288, -8508912.071120275, -1839.3105688308713, -1202.3455777545691, 5713236.9824382, -0.00032469148714870554, -0.00021223352370001495, 1.0085704912549303]
[2740.017265025828, 1790.0954486018227, -8496373.895034729, -1839.8231185744573, -1201.9672443278196, 5704818.027388689, -0.00032478195947666333, -0.0002121667393648321, 1.0070842846787214]
[2737.0783316883208, 1790.7126911021437, -8471764.584538428, -1837.84968817854, -1202.3814691679363, 5688293.756007626, -0.0003244335980667942, -0.00021223991815638404, 1.0041672689703578]
[2740.516629278084, 1788.3463202688529, -8461115.673420133, -1840.1584235909615, -1200.7927725890534, 5681143.358282931, -0.00032484114061691316, -0.00021195940297988395, 1.0029049858802863]
[2740.852842030964, 1788.4352595632336, -8440536.486463401, -1840.3841447854904, -1200.8524213446415, 5667325.171700532, -0.00032488099000329385, -0.0002119699482657549, 1.0004656739294844]
[2740.5771738526523, 1788.0769637112862, -8419352.928206231, -1840.199015598375, -1200.6117587377341, 5653101.176554335, -0.00032484830703550296, -0.00021192748074306216, 0.9979547292546674]
[2742.274831156037, 1792.1464977601534, -8391854.284303423, -1841.338599168178, -1203.3440165239163, 5634636.878519561, -0.000325049521943273, -0.00021240991372793738, 0.9946952904861948]
[2742.517935658207, 1788.540299428631, -8385686.724661748, -1841.5021401119482, -1200.9229018238043, 5630495.572114345, -0.00032507834110167487, -0.0002119824028586155, 0.9939642200693735]
[2743.044498619011, 1784.6980506910832, -8370884.567000894, -1841.8557370957628, -1198.3430491897873, 5620556.498938851, -0.0003251407559448924, -0.00021152697241139882, 0.9922097225442323]
[2743.5132056077623, 1784.8693328390036, -8357725.742851623, -1842.1704418217591, -1198.4580380122022, 5611720.875241184, -0.0003251963042168982, -0.00021154727923349201, 0.9906500242910954]
[2743.8451489049753, 1784.1723722350994, -8347628.587862669, -1842.3933649606329, -1197.9900686238786, 5604941.0720044, -0.00032523564815137193, -0.00021146465096392645, 0.9894532544179595]
[2743.6040793469806, 1782.9150939560227, -8336910.792833815, -1842.231491783099, -1197.1458416968042, 5597744.562002817, -0.0003252070697275644, -0.00021131563521007782, 0.9881829495592838]
[2743.4635772362017, 1780.7656611827113, -8329630.919179238, -1842.1371455313576, -1195.7025991170901, 5592856.494946536, -0.000325190411975481, -0.00021106085661726112, 0.98732015367316]
[2744.711903142676, 1783.301979362146, -8329565.797869105, -1842.9753501764906, -1197.4056196939578, 5592812.870316871, -0.00032533837454871804, -0.0002113614881757961, 0.987312538418859]
[2745.7686201810193, 1781.4003380370318, -8328088.165977647, -1843.6847709013084, -1196.1287084722935, 5591820.796968236, -0.00032546361846665274, -0.00021113610040218508, 0.9871374956490565]
[2745.6017016154096, 1779.303997831791, -8336494.590838151, -1843.5727911371075, -1194.7211746237008, 5597465.494508173, -0.00032544383758531065, -0.00021088761005170088, 0.9881340200323353]
[2745.7377400990276, 1779.1249117878126, -8344924.932877671, -1843.6640731206726, -1194.6008411498763, 5603126.225904287, -0.0003254599537172786, -0.00021086638707125304, 0.9891333532714501]
[2746.463686490356, 1779.436439793902, -8360654.119741292, -1844.151518009185, -1194.810057241408, 5613687.846929387, -0.0003255459993371588, -0.00021090331115342136, 0.9909978166781778]
[2747.2103840820846, 1775.0719679103715, -8386019.059037323, -1844.653158556192, -1191.8796760778373, 5630719.488910018, -0.00032563451294530976, -0.00021038594667752774, 0.994004392121116]
[2746.274908959261, 1777.7585268944465, -8396143.450677939, -1844.0247619361885, -1193.6833605793886, 5637517.649515473, -0.0003255236139288365, -0.00021070441785322992, 0.9952044605651656]
[2748.2322189815777, 1775.8936645504273, -8419025.02345472, -1845.3390670118872, -1192.4313321217737, 5652881.760064012, -0.00032575561746551036, -0.00021048336779315061, 0.9979166347255782]
[2747.6779840207223, 1777.4397766861364, -8431575.683320623, -1844.9668422313814, -1193.4693441644104, 5661309.016743788, -0.00032568991844971254, -0.00021066664001309575, 0.9994042388577841]
[2748.1428197356645, 1779.146074162441, -8450123.14787009, -1845.279053074891, -1194.615048240688, 5673762.866632533, -0.000325745013437777, -0.00021086887334307826, 1.0016026149593003]
[2749.911604195539, 1774.7224925355647, -8465684.75283567, -1846.4667309748818, -1191.6450496970538, 5684211.820214741, -0.00032595467344361765, -0.00021034453388536642, 1.003447069714859]
[2749.491233382825, 1774.3451048410514, -8471511.218364501, -1846.184350244122, -1191.3914657713046, 5688123.970514674, -0.0003259048367020439, -0.00021029981801802157, 1.0041375834585056]
[2749.855050769454, 1774.468639751577, -8482678.994057212, -1846.4286958403309, -1191.4744467875646, 5695622.6054815585, -0.000325947962623294, -0.00021031445423976103, 1.0054612045686981]
[2749.601305454354, 1774.7328710261418, -8488517.814935813, -1846.258283510089, -1191.6518311225236, 5699543.040312206, -0.0003259178797761557, -0.00021034577540697828, 1.0061531709824632]
[2747.447283841057, 1775.6238236360098, -8484826.966922117, -1844.8118288433877, -1192.2498496408105, 5697064.689165077, -0.00032566256060100475, -0.00021045141551081825, 1.0057156035020844]
[2750.170356350118, 1773.997170029127, -8496121.623853365, -1846.6403584617399, -1191.1578043421805, 5704648.517706152, -0.0003259853286854521, -0.00021025857419148972, 1.0070542615447398]
[2747.183860609545, 1775.2248792706855, -8493372.382854447, -1844.6350231473234, -1191.9819547449601, 5702802.416366446, -0.0003256313361703982, -0.00021040411740320562, 1.0067282998743983]
[2749.7425463966056, 1773.79877293076, -8503071.372561375, -1846.353099406677, -1191.0245488833725, 5709314.82014752, -0.0003259346196775992, -0.00021023506251342236, 1.007877827506695]
[2747.703166821836, 1777.8658987855274, -8499351.674568288, -1844.9836064654858, -1193.7552136362165, 5706817.098508248, -0.0003256928825892052, -0.00021071717558471934, 1.0074368416094739]
[2750.8818271162736, 1775.4205288297835, -8516771.996553116, -1847.1181869110173, -1192.1135489378476, 5718514.108393253, -0.00032606966274226754, -0.00021042727829950945, 1.0095016099308787]
[2751.0522957216267, 1774.7806359819317, -8518569.85650924, -1847.2325749123818, -1191.683894385009, 5719721.248094217, -0.0003260898652023021, -0.00021035143812833454, 1.0097146557392958]
[2750.2501214072295, 1772.0962739928293, -8522561.503861528, -1846.6939891457503, -1189.8814785077625, 5722401.45698492, -0.0003259947862874266, -0.00021003325245376938, 1.0101877575698262]
[2749.419542064003, 1772.5117315459745, -8524267.53059557, -1846.1362220522708, -1190.1604023652148, 5723546.983610913, -0.0003258963357378083, -0.00021008251076278146, 1.0103899686192934]
[2751.9392902776945, 1766.783484541391, -8537690.263251683, -1847.828244472863, -1186.3144394540407, 5732559.85524019, -0.0003261950145933936, -0.00020940350232745515, 1.011980992299049]
[2749.561101502862, 1770.4477038957643, -8539979.107559297, -1846.2313516728973, -1188.7745888499035, 5734096.769175872, -0.0003259131225623316, -0.00020983785206621396, 1.012252333437298]
[2750.1143384358975, 1767.6847368330775, -8553928.749403883, -1846.6029278772019, -1186.9195408155192, 5743463.471803204, -0.0003259786992938861, -0.0002095103118314474, 1.013905844109986]
[2751.59221963106, 1769.85622858937, -8564877.9412272, -1847.5951642407938, -1188.3775623429772, 5750815.530351774, -0.00032615386990427614, -0.00020976772605609112, 1.0152037540265626]
[2749.165058662741, 1775.4636941908213, -8578529.503601307, -1845.9654387742225, -1192.142569646624, 5759982.150359675, -0.00032586617644192673, -0.000210432398413066, 1.0168220006848538]